# V        B-V     V-I     R-I    Nnight--------  nobs----------  Vary? R.A.             D.E.C.         Name    
  16.539   0.671   0.874   0.430   0.003   0.005   0.005   0.006  16  16  16  21  29  23  29  23  0.008 148.87127854029  -0.36178483539 L101-L1       
  17.438   1.317   1.691   0.803   0.003   0.006   0.006   0.006  52  52  47  44  73  62  64  55  0.021 149.22271094322  -0.34173199495 L101-S303     
  18.756   1.616   2.653   1.542   0.006   0.009   0.006   0.004  31  27  31  42  44  33  44  44  0.009 149.15395706495  -0.45234566291 L101-S407     
  18.488   1.028   1.373   0.655   0.005   0.007   0.008   0.009  11  11  11  19  24  23  24  23  0.011 149.09209922949  -0.59711894247 L101-S473     
  14.050   0.515   0.628   0.305   0.002   0.003   0.003   0.002  39  36  31  26  39  36  39  26  0.004 149.60809326172  -0.22709397952 L101-S531     
  14.124   0.768   0.919   0.447   0.002   0.004   0.002   0.003  15  15  15  25  29  29  29  34  0.008 148.96198886236  -0.27449869315 L101-S128     
  15.512   0.540   0.672   0.336   0.002   0.003   0.003   0.003  46  46  46  47  50  50  50  48  0.008 149.29355622530  -0.18579162227 L101-S313     
  17.046   1.585   2.366   1.374   0.004   0.008   0.004   0.004  26  26  25  25  26  26  26  26  0.011 149.54138807456  -0.10839894454 L101-S371     
  19.255  80.744   2.257   1.262   0.012  10.000   0.012   0.012  13   0  13  10  15   0  15  10  0.014 149.37335520585  -0.07793686867 L101-S788     
  14.052   0.653   0.779   0.377   0.002   0.003   0.002   0.002  10  10  10  18  26  23  26  26 -0.000 148.93185052872  -0.24714403047 L101-S118     
  16.915   0.551   0.695   0.328   0.003   0.004   0.004   0.005  23  23  23  21  41  34  35  32  0.003 149.04174907605  -0.51169662370 L101-S159     
  16.936   0.548   0.693   0.352   0.002   0.003   0.003   0.003  39  39  39  49  53  53  53  50  0.001 149.09148143133  -0.27607649273 L101-S203     
  17.120   0.879   1.056   0.489   0.004   0.006   0.005   0.004  29  29  29  30  36  36  36  43  0.012 149.15915304820  -0.13646398226 L101-S287     
  14.575   0.557   0.706   0.350   0.001   0.003   0.003   0.004  43  43  43  43  53  53  53  44  0.009 149.33610566457  -0.53814777056 L101-S321     
  17.814   0.904   1.124   0.556   0.006   0.008   0.007   0.006  25  24  23  23  32  29  32  33  0.014 149.18521048228  -0.07506016943 L101-S481     
  16.649   0.598   0.717   0.346   0.003   0.005   0.005   0.004  30  29  29  26  30  29  30  26  0.009 149.56438327233  -0.10149999062 L101-S379     
  14.347   0.877   0.946   0.421   0.002   0.003   0.003   0.003  37  34  30  23  43  34  38  23  0.004 149.50699718942  -0.48381796426 L101-S355     
  13.451   0.741   0.812   0.379   0.001   0.003   0.002   0.002  78  66  48  39 102  72  59  39  0.006 149.43409409523  -0.36525027699 L101-S73      
  17.725   0.855   0.993   0.461   0.003   0.007   0.005   0.005  22  22  22  24  40  35  35  35  0.013 148.99023518562  -0.46717427688 L101-S134     
  13.179   0.734   0.820   0.384   0.002   0.003   0.005   0.005  36  36  36  44  49  49  49  45  0.018 149.16526331902  -0.57757069482 L101-S289     
  14.835   0.746   0.831   0.406   0.002   0.003   0.003   0.003  37  34  30  23  37  34  37  23  0.001 149.59369368553  -0.41346251594 L101-S391     
  18.259   1.526   1.906   0.952   0.005   0.010   0.006   0.005  32  25  32  25  32  25  32  25  0.009 149.57041447163  -0.23323949284 L101-S527     
  19.404   1.260   1.563   0.717   0.011   0.022   0.013   0.011  17  12  17  13  30  14  30  19  0.023 149.16501760483  -0.23041726112 L101-S742     
  13.726   0.566   0.681   0.330   0.002   0.002   0.003   0.002  76  76  76  73  93  88  93  84  0.005 149.08585826556  -0.45607529163 L101-330      
  16.353   0.345   0.450   0.221   0.002   0.003   0.005   0.005  18  18  18  19  30  26  25  20  0.001 148.93965655963  -0.56025162909 L101-S403     
  14.868   0.799   0.911   0.424   0.002   0.004   0.003   0.003  25  25  25  25  43  38  37  36  0.009 149.02866756320  -0.36767573992 L101-S153     
  18.989   1.081   1.303   0.576   0.005   0.007   0.009   0.008  39  30  27  27  52  35  41  41  0.012 149.07463266850  -0.49900680754 L101-S182     
  18.541   1.541   1.981   0.997   0.004   0.005   0.005   0.005  52  41  50  45  73  48  67  56  0.009 149.22799231211  -0.32330955399 L101-S252     
  16.662   0.792   0.969   0.473   0.004   0.005   0.005   0.005  40  39  33  26  46  39  39  26  0.011 149.49643290838  -0.36928666486 L101-S347     
  16.212   0.742   0.816  84.603   0.002   0.006   0.005  10.000   9   8   9   0  22  15  15   0  0.005 148.94790786107  -0.59334147559 L101-S683     
  12.750   0.660   0.784   0.375   0.001   0.002   0.002   0.003  87  82  57  40 117  91  71  40  0.006 149.39572480520  -0.33898394161 L101-S65      
  17.294   1.365   1.692   0.793   0.003   0.007   0.004   0.004  12  12  12  19  30  22  30  30  0.003 148.89671783447  -0.29703401566 L101-S104     
  17.618   1.230   1.464   0.667   0.003   0.004   0.004   0.004  58  58  58  53  78  70  78  64  0.009 149.28146315813  -0.25518630081 L101-S260     
  18.711   1.487   1.876   0.925   0.004   0.009   0.006   0.006  40  36  40  45  53  41  53  47  0.016 149.10623476505  -0.55027888593 L101-S475     
  17.025   0.940   1.102   0.492   0.004   0.005   0.006   0.006  29  29  28  28  36  36  36  41  0.014 149.09295716286  -0.08558649407 L101-S205     
  16.184   1.242   1.530   0.710   0.002   0.002   0.003   0.003  47  47  47  48  67  60  67  59  0.006 149.11972490946  -0.35720935716 L101-S226     
  18.798   1.465   2.018   1.061   0.008   0.015   0.009   0.006  33  22  30  23  33  22  33  23  0.011 149.61240456899  -0.14925920275 L101-S533     
  19.726  80.273   2.526   1.466   0.014  10.000   0.016   0.011  21   0  21  13  30   0  30  14  0.037 149.31757567724  -0.58261388249 L101-S778     
  10.055   0.459   0.586   0.286   0.003   0.006   0.004   0.005  20  20  20  12  25  25  24  12  0.014 149.41615004539  -0.41509264840 L101-346      
  17.018   0.681   0.761   0.370   0.003   0.004   0.005   0.005  11  11  11  21  28  28  27  27 -0.000 149.01827923457  -0.24142465750 L101-S147     
  18.667   1.568   2.069   1.065   0.004   0.007   0.005   0.004  49  39  49  48  68  47  68  59  0.009 149.12648213704  -0.37668250402 L101-S232     
  13.746   0.635   0.743   0.366   0.002   0.003   0.003   0.003  32  32  32  26  38  33  38  26  0.005 149.51848138173  -0.38132931391 L101-S363     
  18.466   1.184   1.358   0.593   0.005   0.007   0.006   0.004  43  43  43  45  61  51  61  56  0.009 149.23720548948  -0.46851985203 L101-S489     
  13.828   1.033   1.130   0.547   0.003   0.004   0.004   0.003  24  24  24  28  42  34  42  39  0.009 148.88722265561  -0.37568649080 L101-320      
  16.199   0.564   0.737   0.364   0.002   0.003   0.002   0.002  51  51  51  49  71  63  68  60  0.004 149.08804281553  -0.37254364332 L101-S199     
  16.300   0.659   0.829   0.400   0.002   0.005   0.004   0.004  12  12  12  17  22  20  22  28  0.007 148.81468061209  -0.29712891791 L101-S423     
  17.876   0.818   0.991   0.475   0.003   0.004   0.004   0.004  46  44  46  47  64  54  64  58  0.003 149.12065846920  -0.45661860625 L101-S228     
  18.561   1.390   1.775   0.876   0.009   0.010   0.010   0.005  26  26  26  28  33  30  33  41  0.017 149.13032574654  -0.11331781387 L101-S477     
  10.538   0.560 -89.461   0.000   0.006   0.010  10.000  14.142   5   5   0   0   5   5   0   0  0.000 148.54845804771  -0.45965339237 L101-308      
  17.835   0.580   0.806   0.412   0.003   0.006   0.006   0.006  42  42  42  43  52  52  52  44  0.016 149.31312867403  -0.50258137676 L101-S317     
  16.445   0.512   0.657   0.332   0.003   0.006   0.006   0.007  13  13  13  14  21  20  21  15  0.008 149.32765588760  -0.64566666391 L101-S503     
  15.139   0.655   0.747  85.607   0.010   0.013   0.017  10.000   6   6   6   0  11  11  11   0  0.026 149.04860765537  -0.70770884726 L101-S712     
  17.585   0.521   0.702   0.347   0.003   0.004   0.005   0.005  23  23  23  24  41  37  33  33  0.003 149.02052119176  -0.49461156739 L101-S151     
  14.519   0.700   0.801   0.384   0.002   0.003   0.003   0.002  43  43  42  38  63  61  58  48  0.005 149.21850684484  -0.40184080667 L101-S485     
  18.164   0.461   0.607   0.316   0.004   0.005   0.006   0.005  37  37  36  36  46  45  46  42  0.002 149.36049027443  -0.23661522786 L101-S264     
  15.087   0.722   0.801   0.386   0.002   0.003   0.003   0.003  47  47  47  48  57  57  57  49  0.005 149.30141535203  -0.53874635114 L101-S315     
  15.717   0.900   1.123   0.537   0.002   0.005   0.006   0.007  10  10  10  14  18  17  18  15  0.009 149.29163631598  -0.64950270017 L101-S499     
  16.418   0.891   1.054   0.480   0.003   0.007   0.005   0.005   9   9   9  14  22  16  22  15  0.006 148.86082409223  -0.61769516998 L101-S436     
  15.919   0.801   0.932   0.442   0.002   0.004   0.003   0.005  13  13  13  22  31  25  31  33  0.009 148.90475584666  -0.32230825848 L101-S108     
  15.956   1.350   1.620   0.746   0.002   0.003   0.003   0.003  38  38  38  47  58  58  58  58  0.008 149.13481799761  -0.26151009878 L101-S236     
  18.571   1.400   1.761   0.808   0.006   0.011   0.008   0.006  44  35  44  45  61  42  61  56  0.028 149.07723287741  -0.39279443635 L101-S184     
  13.602   0.598   0.751   0.344   0.003   0.007   0.005   0.005  11  11  11  12  21  19  21  23  0.014 148.79762448072  -0.35865336630 L101-S415     
  19.139  80.860   2.679  83.539   0.007  10.000   0.008  10.000   7   0   7   0  23   0  18   0  0.023 148.87801543872  -0.45873941316 L101-S650     
  19.542   0.788   0.902  81.359   0.011   0.020   0.014  10.000  14  11  11   0  30  18  25   0  0.020 149.16327109337  -0.31848961870 L101-S740     
  16.796   0.626   0.733   0.359   0.002   0.003   0.002   0.003  67  64  61  50  99  75  73  51  0.002 149.32931975524  -0.31524166425 L101-S29      
  15.896   0.632   0.759   0.381   0.002   0.003   0.003   0.003  49  49  49  50  60  60  60  52  0.004 149.29256622394  -0.51113354577 L101-L5       
  16.318   0.666   0.740   0.348   0.002   0.004   0.004   0.004  30  29  29  26  30  29  30  26  0.008 149.58392012119  -0.09417134815 L101-S385     
  17.549   0.628   0.769   0.396   0.003   0.004   0.004   0.004  55  55  54  52  76  76  72  63  0.010 149.26344631513  -0.30593509727 L101-S7       
  17.844   0.861   1.092   0.481   0.007   0.014   0.012   0.021   6   6   6   6   6   6   6   6  0.018 149.07252764702   0.02838902367 L101-S180     
  16.645   0.573   0.697   0.347   0.004   0.006   0.006   0.005  26  26  25  25  33  32  33  35  0.014 149.23550093969  -0.07956722154 L101-S307     
  16.111   0.702   0.809   0.400   0.002   0.004   0.003   0.003  46  46  39  33  54  53  48  33  0.010 149.36180801392  -0.51879409512 L101-S327     
  17.575   0.511   0.685   0.337   0.004   0.004   0.006   0.008  19  19  19  20  37  32  27  27  0.011 148.96789728800  -0.54854597833 L101-S454     
  17.270   1.456   1.837   0.898   0.003   0.005   0.004   0.003  37  37  37  30  43  43  43  30  0.008 149.46678630511  -0.41288372993 L101-S89      
  11.577   0.796   0.867   0.410   0.002   0.002   0.002   0.003  94  94  78  68 113 112  95  83  0.007 149.27102862597  -0.52864454693 L101-281      
  17.873   1.484   2.000   1.027   0.004   0.008   0.005   0.005  40  32  33  26  40  32  40  26  0.012 149.57694017092  -0.19238976796 L101-S381     
  19.203   0.559   0.783   0.362   0.010   0.020   0.014   0.017   8   8   8   6  13  12  12   7 -0.003 148.80905645688  -0.55885260317 L101-S419     
  16.621   0.647   0.844   0.422   0.004   0.007   0.006   0.005   9   9   9  17  20  16  20  27  0.009 148.85529591242  -0.20016622821 L101-S98      
  15.931   0.796   0.869   0.407   0.002   0.004   0.003   0.003  40  37  33  26  40  37  40  26  0.006 149.58877571424  -0.15536604828 L101-S529     
  13.451   1.132   1.293   0.563   0.002   0.004   0.002   0.002  51  51  51  47  68  66  64  58  0.010 149.03700180054  -0.43152681457 L101-327      
  16.897   0.654   0.781   0.364   0.003   0.005   0.004   0.004  37  37  37  44  54  53  54  56  0.017 149.07200480302  -0.28933547974 L101-S178     
  18.653   1.251   1.539   0.707   0.005   0.006   0.006   0.005  46  40  34  34  54  42  44  39  0.007 149.38595932325  -0.22589763112 L101-S268     
  18.730   1.514   2.008   1.046   0.006   0.016   0.012   0.012  26  18  26  28  33  22  33  38  0.035 149.10276707013  -0.06658224848 L101-S215     
  18.014   0.803   0.914   0.435   0.003   0.004   0.004   0.004  48  45  47  44  63  55  63  55  0.002 149.12486936251  -0.43668234825 L101-S230     
  17.925   1.152   1.375   0.611   0.005   0.005   0.005   0.003  35  35  35  48  53  52  53  62  0.011 149.25149212070  -0.23988976426 L101-S258     
  18.710   1.376   1.598   0.728   0.008   0.015   0.009   0.011  22  18  18  10  24  20  24  10  0.017 149.42429176966  -0.12706493378 L101-S801     
  18.834   1.518   2.143   1.095   0.008   0.021   0.010   0.009  11  10  11  17  29  17  29  28  0.032 148.85323803425  -0.38713291460 L101-S96      
  16.658   0.533   0.698   0.334   0.003   0.004   0.006   0.009   9   9   9   8  17  17  12   8  0.009 149.38525279363  -0.61569978820 L101-S511     
  17.707   0.544   0.723   0.369   0.006   0.006   0.008   0.006  12  12  12  21  29  29  27  27  0.010 149.01493767202  -0.23592654308 L101-S145     
  16.342   0.545   0.707   0.347   0.002   0.004   0.004   0.004  39  39  39  42  54  54  54  53  0.012 149.19175167084  -0.53959924539 L101-S297     
  14.519   0.813   0.901   0.416   0.002   0.003   0.003   0.003  56  56  56  49  71  70  71  50  0.010 149.32664999167  -0.41710944222 L101-339      
  17.287   0.681   0.828   0.406   0.003   0.004   0.004   0.005  14  14  14  22  32  29  31  31  0.002 148.92476514181  -0.30496720897 L101-S116     
  17.489   0.455   0.648   0.321   0.003   0.006   0.005   0.005  25  25  25  29  43  41  42  41  0.010 149.06674137115  -0.48797162480 L101-S174     
  13.594   0.717   0.804   0.362   0.002   0.004   0.004   0.005  26  26  26  35  46  42  46  46  0.017 149.06764094830  -0.28541206121 L101-S176     
  18.891  81.108   0.683   0.328   0.008  10.000   0.017   0.018   9   0   9  12  22   0  18  14  0.039 148.91106581688  -0.57021493938 L101-S444     
  13.728   0.529   0.638  86.909   0.005   0.007   0.007  10.000   6   6   6   0   6   6   6   0  0.006 149.65201187134  -0.35943078995 L101-S853     
  16.439   0.790   0.857   0.412   0.002   0.004   0.003   0.003  53  53  53  49  75  75  71  60  0.011 149.24189887047  -0.29548690266 L101-S2       
  17.944   0.833   0.950   0.459   0.003   0.006   0.004   0.004  58  54  44  37  71  61  58  37  0.012 149.36892199516  -0.43455768307 L101-S49      
  17.009   0.604   0.765   0.371   0.004   0.010   0.007   0.006   8   8   8  14  25  17  25  25  0.014 148.85485519568  -0.47914667235 L101-S434     
  18.671   1.469   1.748   0.829   0.006   0.008   0.008   0.007  15  15  15  26  29  23  29  28  0.011 149.05330432653  -0.27582592964 L101-S163     
  17.921   1.424   2.078  84.156   0.010   0.016   0.015  10.000  10  10  10   0  12  12  12   0  0.025 149.22497763634  -0.68943266816 L101-S754     
  15.068   0.685   0.743   0.335   0.003   0.004   0.004   0.003  30  29  29  25  30  29  30  25  0.006 149.58098312219  -0.06541788313 L101-S383     
  16.421   1.368   1.888  85.466   0.009   0.012   0.017  10.000   7   7   7   0  12  12  12   0  0.026 148.94084103902  -0.68102938228 L101-S680     
  17.210   0.946   1.029  83.818   0.004   0.010   0.006  10.000   7   7   7   0  20  15  15   0  0.008 148.99504880905  -0.59822121620 L101-S697     
  16.096   0.690   0.892   0.432   0.003   0.005   0.005   0.005  10   9  10  14  20  17  20  25  0.009 148.82803486983  -0.38372092449 L101-S425     
  15.080   0.577   0.751  85.670   0.003   0.006   0.006  10.000   7   7   7   0  12  12  12   0  0.006 148.82813344797  -0.65341225147 L101-S642     
  18.856   1.429   1.838   0.925   0.005   0.007   0.006   0.006  49  34  39  36  57  36  50  36  0.009 149.42416243553  -0.46035171721 L101-S71      
  16.463   0.821   0.928   0.402   0.005   0.006   0.007   0.006  29  29  29  23  35  30  35  23  0.016 149.50930319428  -0.54446837213 L101-S357     
  20.093  79.906   0.678  80.584   0.017  10.000   0.023  10.000  17   0  13   0  25   0  16   0  0.033 149.19861664772  -0.55669738928 L101-S748     
  17.995   0.672   0.749   0.374   0.004   0.005   0.005   0.005  51  51  43  43  70  70  53  53  0.012 149.24361540476  -0.27886358791 L101-S4       
  18.616   1.588   2.247   1.229   0.006   0.010   0.007   0.009  15  15  15  16  21  17  21  16  0.011 149.49123916626  -0.23772665209 L101-S276     
  16.667   1.299   1.624   0.779   0.002   0.004   0.004   0.004  30  30  29  29  32  32  32  33  0.009 149.35796829859  -0.08746051974 L101-S325     
  14.941   0.738   0.897   0.446   0.003   0.004   0.004   0.003  31  31  31  30  39  39  39  30  0.012 149.39386652311  -0.55446945932 L101-S331     
  17.218   0.581   0.722   0.364   0.003   0.004   0.003   0.004  58  58  48  36  88  72  62  36  0.011 149.38793540001  -0.40929036458 L101-S61      
  18.048   0.938   1.110   0.522   0.004   0.005   0.004   0.004  56  52  43  36  69  59  57  36  0.010 149.39339815776  -0.42506254779 L101-S63      
  18.529   0.408   0.588   0.290   0.004   0.008   0.008   0.010  24  24  24  33  37  36  37  34  0.017 149.16661475499  -0.59001514912 L101-S479     
  16.250   0.548   0.683   0.350   0.002   0.002   0.002   0.002  65  65  65  53  85  82  83  64 -0.000 149.27724383473  -0.28283766958 L101-S11      
  17.169   1.398   1.858   0.922   0.007   0.014   0.010   0.014   6   6   6   6   6   6   6   6  0.007 149.07933131854   0.04536581993 L101-S187     
  17.083   0.620   0.702   0.341   0.004   0.008   0.008   0.007  29  29  28  28  36  34  36  38  0.023 149.08569213549  -0.06294894430 L101-S195     
  16.784   1.530   2.577   1.533   0.008   0.011   0.010   0.007  13  13  13  14  23  23  23  15  0.023 149.25533790141  -0.64353023953 L101-S411     
  18.834   1.164   1.135   0.513   0.006   0.012   0.008   0.008   7   7   7  12  25  16  20  20  0.006 148.91268623670  -0.45308075799 L101-S446     
  15.011   0.675   0.798   0.378   0.003   0.006   0.004   0.004  22  22  22  22  38  34  33  33  0.017 148.97400331497  -0.34662861082 L101-S456     
  18.980   1.748   2.698   1.560   0.008   0.009   0.008   0.005  27  24  27  34  35  26  35  39  0.013 149.41550877889  -0.23343078261 L101-S270     
  19.132   1.469   1.841   0.872   0.009   0.018   0.011   0.008  25  13  25  25  30  16  30  33  0.016 149.27675203284  -0.06398880641 L101-S497     
  18.269   1.217   1.520   0.684   0.005   0.006   0.006   0.005  16  16  16  25  32  29  32  34  0.008 148.95995620092  -0.33686320331 L101-S126     
  17.363   1.653   2.664   1.572   0.004   0.008   0.005   0.003  33  33  33  42  49  47  49  53  0.017 149.22042830785  -0.23236536874 L101-S301     
  17.420   0.991   1.082   0.481   0.005   0.007   0.007   0.007  12  12  12  17  24  22  24  28  0.013 148.84642461936  -0.25010642171 L101-S432     
  18.480   1.424   1.930   0.954   0.009   0.015   0.010   0.008   9   8   9  12  19  14  19  23  0.014 148.83403255145  -0.42834733221 L101-S430     
  17.288   0.772   0.926   0.462   0.003   0.004   0.004   0.003  45  45  45  47  64  63  64  58  0.007 149.15655229886  -0.28762261762 L101-S240     
  17.868   1.037   1.217   0.516   0.005   0.009   0.007   0.006  45  34  30  23  45  34  37  23  0.015 149.61831366221  -0.29825593313 L101-S401     
  17.628   0.898   1.076  83.447   0.004   0.008   0.006  10.000   7   7   7   0  25  18  18   0  0.004 148.88241888682  -0.49862922033 L101-S652     
  12.155   0.720   0.779   0.359   0.003   0.004   0.004   0.004  51  45  39  28  74  49  42  28  0.009 149.44802527428  -0.41242536651 L101-S79      
  15.510   0.977   1.152   0.521   0.002   0.003   0.003   0.003  50  50  50  42  63  60  62  53  0.004 149.22696205775  -0.49395195855 L101-S305     
  13.408   0.421   0.590  87.181   0.010   0.015   0.014  10.000  10  10  10   0  12  12  12   0  0.029 149.25821665277  -0.69480525229 L101-S763     
  13.879   1.111   1.150   0.556   0.003   0.003   0.003   0.003  30  30  29  29  32  32  32  33  0.008 149.36686108112  -0.09701188617 L101-S329     
  18.506   0.880   1.074   0.514   0.005   0.007   0.006   0.006  39  39  35  33  46  45  46  43  0.012 149.27227651477  -0.15345377737 L101-S495     
  18.266   1.455   1.899   0.961   0.004   0.006   0.005   0.005  54  42  54  48  69  49  69  49  0.013 149.33471772671  -0.44580888324 L101-S33      
  13.412   0.714   0.799   0.372   0.002   0.003   0.003   0.003  30  29  29  25  32  31  32  25  0.007 149.40824871063  -0.06186255879 L101-S333     
  17.255   0.624   0.768   0.390   0.003   0.005   0.005   0.005  37  34  30  23  37  34  37  23  0.009 149.56195909580  -0.44756294568 L101-S375     
  17.154   0.573   0.713   0.355   0.002   0.004   0.004   0.004  43  43  43  40  61  56  61  51  0.007 149.19109940529  -0.44539321158 L101-S295     
  14.996   0.782   0.880   0.422   0.001   0.002   0.002   0.002  85  75  54  43 114  84  68  43  0.002 149.36018208663  -0.28800772561 L101-427      
  18.575   1.316   1.662   0.785   0.008   0.011   0.010   0.009  22  22  22  21  40  30  33  32  0.026 149.03975731929  -0.34574697600 L101-S157     
  17.680   1.354   1.633   0.753   0.003   0.005   0.004   0.003  47  47  47  46  65  57  65  57  0.010 149.13830938339  -0.41447682487 L101-S283     
  19.302  80.697   1.992   1.007   0.008  10.000   0.010   0.010  18   0  18  10  26   0  26  10  0.022 149.44881825447  -0.51679805535 L101-S809     
  17.206   0.748   0.801   0.388   0.002   0.004   0.003   0.003  56  56  43  36  69  68  57  36  0.008 149.38382935524  -0.43454677330 L101-S59      
  18.560   1.484   1.966   1.008   0.005   0.006   0.007   0.006  12  12  12  24  29  23  29  31  0.005 149.05894778967  -0.31941729254 L101-S167     
  18.868   1.137   1.381   0.636   0.004   0.009   0.005   0.005  44  36  41  41  62  44  58  56  0.014 149.11758870284  -0.45472409884 L101-S222     
  18.452   0.682   0.802   0.394   0.004   0.005   0.009   0.009  17  17  13  13  35  26  21  21  0.010 148.92930512428  -0.41619092517 L101-S448     
  17.597   0.463   0.680   0.327   0.005   0.008   0.009   0.017  12  12  12  11  22  22  22  12  0.027 149.21157201131  -0.63272974120 L101-S483     
  18.863   1.506   2.549   1.494   0.005   0.010   0.006   0.004  45  35  45  47  63  42  63  58  0.017 149.13084827264  -0.48855181429 L101-S234     
  20.373  79.626   2.481   1.422   0.015  10.000   0.016   0.013  13   0  13  13  23   0  23  16 -0.001 149.19454619090  -0.28050868352 L101-S746     
  18.513   0.779   0.940   0.465   0.004   0.005   0.006   0.008  67  57  43  39  90  61  54  39  0.020 149.45028974215  -0.34669900046 L101-S81      
  17.719   0.730   0.879   0.420   0.004   0.007   0.007   0.007  30  28  29  26  30  28  30  26  0.013 149.60135901769  -0.09521241612 L101-S395     
  18.964   0.868   1.009   0.472   0.007   0.020   0.010   0.011   8   8   8  14  22  14  21  21  0.018 148.90164442062  -0.50145594120 L101-S442     
  18.799   0.904   1.054   0.491   0.004   0.006   0.006   0.007  53  49  53  50  71  58  71  60  0.014 149.28766336044  -0.37039159192 L101-S14      
  15.584   0.794   0.917   0.428   0.003   0.005   0.004   0.003  25  25  25  23  42  36  36  34  0.009 149.04980171124  -0.47757033984 L101-S161     
  18.626   1.613   2.372   1.363   0.009   0.020   0.014   0.012  23  14  23  25  30  18  30  35  0.037 149.11973774433  -0.04826613850 L101-S405     
  17.131   1.297   1.568   0.710   0.004   0.007   0.007   0.006  15  15  15  22  25  25  25  23  0.011 149.26104062398  -0.59880251990 L101-S491     
  17.767   0.475   0.645   0.319   0.005   0.007   0.009   0.009  11  11  11   9  19  19  12   9  0.009 149.37553075155  -0.59698874368 L101-S509     
  18.668   0.477   0.673  82.004   0.010   0.016   0.016  10.000   7   7   7   0  18  13  13   0  0.022 148.97528039614  -0.66252000809 L101-S689     
  19.340   1.551   2.266   1.233   0.007   0.012   0.007   0.006  33  19  33  31  39  19  39  31  0.011 149.46933584213  -0.34166348987 L101-S91      
  15.883   0.878   1.037   0.477   0.002   0.003   0.003   0.003  10  10  10  22  25  25  25  28 -0.000 148.99669874509  -0.23134719637 L101-S136     
  16.791   0.872   1.055   0.487   0.005   0.008   0.014   0.015  10  10  10  13  12  12  12  14  0.028 149.23347088496  -0.67594666905 L101-S487     
  19.813  80.186   1.648  81.834   0.012  10.000   0.020  10.000   5   0   5   0  17   0  11   0  0.015 148.98575178782  -0.21793475151 L101-S694     
  20.487   0.049 -79.512   0.000   0.016   0.024  10.000  14.142  12  12   0   0  19  18   0   0 -0.002 149.25205707215  -0.55233579106 L101-S760     
  17.890   1.478   1.901   0.962   0.003   0.005   0.004   0.004  92  69  74  54 122  75  86  55  0.011 149.33826685747  -0.33419415805 L101-S36      
  18.205   0.606   0.752   0.364   0.006   0.009   0.009   0.009  11  11  11  16  28  20  25  25  0.015 148.86435535749  -0.37880379253 L101-S100     
  19.236   1.582   2.547   1.480   0.006   0.017   0.007   0.006  41  18  33  26  47  18  41  26  0.004 149.51564670304  -0.29727340804 L101-S523     
  16.898   0.635   0.814   0.407   0.002   0.003   0.003   0.003  54  54  54  42  84  70  68  42  0.001 149.38088975747  -0.37644513236 L101-S56      
  17.843   1.247   1.529   0.703   0.003   0.004   0.004   0.004  47  47  47  48  66  57  66  59  0.009 149.14162327449  -0.36309142113 L101-S238     
  19.966  80.033   2.882  82.915   0.014  10.000   0.018  10.000   6   0   6   0  18   0  15   0  0.022 149.03586560090  -0.64048921797 L101-S708     
  19.700   0.404   0.624   0.336   0.011   0.020   0.015   0.015  25  22  18  13  41  28  30  16  0.035 149.27307080030  -0.46723817964 L101-S767     
  17.732   1.530   2.168   1.167   0.004   0.007   0.005   0.003  45  43  45  43  60  50  60  54  0.012 149.18845140139  -0.48650146802 L101-S293     
  18.230   0.631   0.789   0.393   0.003   0.004   0.004   0.005  79  65  53  42 108  72  67  42  0.006 149.36793611050  -0.36773963763 L101-S47      
  14.768   0.807   0.911   0.442   0.002   0.003   0.002   0.002  40  40  40  34  48  48  48  34  0.005 149.46130363146  -0.39167799261 L101-S87      
  18.636   1.232   1.493   0.689   0.004   0.008   0.005   0.005  44  39  44  46  60  45  60  58  0.014 149.11845761140  -0.49735957993 L101-S224     
  16.525   0.586   0.689   0.342   0.002   0.004   0.003   0.003  35  35  35  48  52  52  52  59  0.010 149.23656398455  -0.23200383186 L101-S256     
  19.336   1.620   2.605   1.519   0.007   0.011   0.008   0.006  44  22  44  40  59  24  59  50  0.016 149.17979750633  -0.35311425845 L101-S244     
  18.250   1.625   2.474   1.447   0.005   0.012   0.006   0.004  37  28  33  26  37  28  37  26  0.015 149.51275788744  -0.11797710564 L101-S359     
  19.661   1.607   2.565   1.464   0.008   0.011   0.009   0.007  44  11  39  35  52  12  50  35  0.012 149.45390539169  -0.44809748544 L101-S83      
  14.521   0.645   0.779   0.371   0.006   0.012   0.009   0.011   6   6   6   6   6   6   6   6  0.002 149.08130805492   0.01189117432 L101-S189     
  14.725   0.963   1.034   0.463   0.002   0.003   0.002   0.002  40  37  33  26  40  37  40  26  0.004 149.50295396994  -0.14383524577 L101-S353     
   9.948   0.420 -90.051   0.000   0.004   0.007  10.000  14.142   5   5   0   0   5   5   0   0  0.000 148.57758308252  -0.25185692880 L101-389      
  15.298   0.712   0.772   0.349   0.004   0.005   0.006   0.005  29  29  29  23  29  29  29  23  0.014 149.60576015313  -0.52671229151 L101-S397     
  17.963   1.334   1.645   0.764   0.005   0.007   0.006   0.004  39  39  33  30  39  39  39  30  0.012 149.45527296066  -0.16920520226 L101-S339     
  13.614   1.014   1.127   0.495   0.002   0.003   0.003   0.003  37  34  30  23  43  34  38  23  0.006 149.53418492079  -0.48944127189 L101-S369     
  17.915   0.545   0.684   0.308   0.005   0.009   0.008   0.007  29  27  29  23  29  27  29  23  0.014 149.61297889551  -0.54393699116 L101-S399     
  18.639   1.586   2.474   1.409   0.005   0.010   0.006   0.004  39  29  38  38  49  31  48  40  0.017 149.36616005103  -0.23814743254 L101-S266     
  17.600   0.784   0.920   0.448   0.003   0.006   0.005   0.007   9   9   9  14  27  19  27  25  0.007 148.88951784770  -0.41900200102 L101-S440     
  19.277   0.792   0.969   0.496   0.009   0.016   0.013   0.017  18  16  18  10  24  16  24  10 -0.002 149.51170180043  -0.42235436757 L101-S821     
  15.593   0.539   0.670   0.331   0.001   0.003   0.002   0.002  86  78  55  42 116  87  69  42  0.007 149.38013050556  -0.36410986053 L101-342      
  18.721   1.340   1.611   0.732   0.007   0.011   0.009   0.007  10  10  10  16  28  23  25  25  0.017 148.93773306211  -0.27353846550 L101-S120     
  14.631   0.603   0.723   0.354   0.003   0.005   0.004   0.003  29  29  29  24  35  35  35  24  0.012 149.47057665189  -0.53450688124 L101-S341     
  17.663   1.513   2.308   1.306   0.004   0.008   0.005   0.003  40  34  33  26  40  34  40  26  0.012 149.50051009956  -0.14614249653 L101-S351     
  17.746   1.255   1.441   0.599   0.005   0.008   0.009   0.008  25  25  25  23  25  25  25  23  0.015 149.56428578297  -0.57738557074 L101-S377     
  16.535   0.973   1.056   0.449   0.003   0.006   0.008   0.008  30  28  29  25  30  28  30  25  0.020 149.60001270771  -0.05615870105 L101-S393     
  12.578   0.966   1.033   0.499   0.002   0.003   0.003   0.003  24  24  24  34  37  37  37  40  0.009 149.05842043956  -0.19851049847 L101-413      
  18.428   0.643 -81.571 -81.960   0.009   0.016  10.000  10.000   6   5   0   0   6   5   0   0  0.030 149.08361756802   0.08917063236 L101-S193     
  16.367   0.730   0.860   0.419   0.003   0.005   0.004   0.004  36  36  36  40  44  44  44  40  0.011 149.21511634191  -0.55094650911 L101-S299     
  17.730   0.679   0.835  83.104   0.006   0.009   0.009  10.000   6   6   6   0   6   6   6   0 -0.001 149.63873812358  -0.23497847504 L101-S850     
  17.680   1.398   1.702   0.790   0.003   0.005   0.004   0.003  37  37  37  44  58  53  58  55  0.002 149.23031544685  -0.37771510442 L101-S254     
  16.046   0.805   0.914   0.440   0.002   0.004   0.003   0.003  31  31  31  31  38  38  38  44  0.008 149.13157168229  -0.15484247314 L101-S281     
  16.945   0.884   1.067   0.527   0.002   0.003   0.003   0.003  37  37  37  47  56  55  56  61  0.002 149.09302728176  -0.23187247912 L101-S207     
  18.022   1.003   1.181   0.537   0.004   0.007   0.006   0.005  25  25  25  27  33  33  33  30  0.011 149.41211571693  -0.56156651815 L101-S513     
  17.901   0.608   0.768  82.866   0.004   0.007   0.008  10.000  25  20  13   0  31  20  21   0  0.030 149.52437277635  -0.31926599238 L101-S525     
  18.823   0.469   0.647   0.320   0.005   0.006   0.009   0.009  13  13  13  15  31  29  24  24  0.006 148.95452539126  -0.25818523619 L101-S124     
  14.455   0.665   0.754   0.375   0.002   0.003   0.003   0.003  32  32  32  26  38  33  38  26  0.002 149.52239782612  -0.39302366151 L101-S365     
  15.000   1.413   1.744   0.821   0.003   0.004   0.004   0.004  30  30  27  26  49  43  43  37  0.012 149.20556731224  -0.31674516689 L101-S248     
  13.183   0.519   0.617   0.305   0.001   0.002   0.002   0.002  54  54  54  53  81  72  81  54  0.005 149.31715376377  -0.28833666060 L101-421      
  11.552   0.494   0.585   0.290   0.003   0.004   0.004   0.004  39  36  23  20  42  39  26  20  0.022 148.71690082550  -0.30953464614 L101-316      
  19.609  80.390   0.696   0.363   0.012  10.000   0.018   0.018  12   0  11  11  17   0  17  14  0.031 149.15926725070  -0.16026617156 L101-S737     
  17.141   0.742   0.880   0.431   0.005   0.007   0.006   0.004  26  26  25  25  28  28  28  25  0.010 149.14755387306  -0.07389116022 L101-S285     
  18.555   1.213   1.450   0.654   0.003   0.006   0.004   0.004  83  56  55  42 112  62  69  42  0.007 149.37129359245  -0.34875740369 L101-S51      
  17.968   1.152   1.352   0.610   0.004   0.005   0.006   0.005  23  23  23  25  37  33  31  31  0.007 149.01336329083  -0.47756307708 L101-S143     
  14.944   0.580   0.712   0.342   0.001   0.002   0.002   0.002  43  43  43  41  61  58  61  52  0.003 149.18273439407  -0.47896944470 L101-S291     
  17.452   0.910   1.035   0.479   0.003   0.006   0.004   0.004  38  37  31  27  43  37  37  27  0.007 149.49553551674  -0.27278098636 L101-S345     
  19.106   1.485   1.983   0.984   0.009   0.019   0.010   0.009   7   6   7  17  20   9  20  25  0.010 148.88665402730  -0.21310222944 L101-S102     
  19.230  80.769   2.028   1.072   0.011  10.000   0.012   0.009   9   0   9  10  14   0  14  20  0.017 149.13578778903  -0.10430957158 L101-S730     
  15.193   0.647   0.810   0.398   0.001   0.002   0.002   0.002  81  75  50  40 111  84  64  40  0.005 149.40425601006  -0.33099166340 L101-S67      
  16.673   1.191   1.471   0.626   0.005   0.008   0.007   0.005   9   9   9  14  19  17  19  25  0.010 148.80985625982  -0.48256701787 L101-S421     
  17.887   1.508   2.011   1.028   0.003   0.006   0.004   0.003  46  43  46  47  64  53  64  58  0.008 149.11298806667  -0.41939935658 L101-S220     
  17.238   0.612   0.767   0.377   0.003   0.005   0.006   0.007  24  24  24  25  42  38  34  34  0.013 149.01921237111  -0.34999304983 L101-S149     
  19.424   1.642   2.592   1.478   0.006   0.008   0.007   0.006  54  21  54  49  70  22  70  58  0.015 149.26876865029  -0.34960456318 L101-S9       
  19.489   1.545   2.126   1.117   0.005   0.008   0.007   0.006  63  25  43  39  75  26  50  39  0.004 149.44414006869  -0.31187770632 L101-S77      
  18.048   1.148   1.344   0.608   0.004   0.007   0.006   0.005  42  42  42  41  52  49  52  42  0.016 149.31895830631  -0.52272916105 L101-S319     
  12.429   0.772   0.828   0.377   0.002   0.007   0.003   0.007  10  10  10  18  23  23  23  20  0.018 149.07097084522  -0.59272111787 L101-S471     
  19.020   0.791 -80.979   0.000   0.009   0.020  10.000  14.142   7   7   0   0  12  12   0   0  0.037 148.88563928604  -0.69532354673 L101-S656     
  18.361   1.270   1.583   0.739   0.003   0.004   0.005   0.005  45  42  45  47  64  52  64  58  0.007 149.11654679775  -0.34384543525 L101-S221     
  18.876   1.386   1.792   0.884   0.004   0.008   0.005   0.005  41  34  41  47  59  42  59  58  0.007 149.09549721082  -0.46428384145 L101-S210     
  16.586   0.566   0.646   0.283   0.010   0.015   0.017   0.021   6   6   6   6   6   6   6   6  0.020 149.09297831853   0.07817527453 L101-S206     
  15.371   0.584   0.757   0.354   0.010   0.015   0.012   0.011   6   6   6   6   6   6   6   6  0.010 149.09419247309   0.01710959408 L101-S208     
  19.899   1.452   2.004   1.068   0.009   0.013   0.010   0.008  28  13  28  34  41  14  41  38  0.017 149.08701354663  -0.35312339836 L101-S198     
  19.648   1.532   1.960   0.973   0.011   0.012   0.012   0.007  26  16  26  40  33  17  33  51  0.016 149.09869898955  -0.19894211769 L101-S212     
  17.443   0.581   0.729   0.358   0.003   0.003   0.004   0.006  23  23  23  21  41  36  37  32  0.007 149.03945276340  -0.40417700105 L101-S156     
  17.384   1.165   1.319   0.576   0.002   0.003   0.004   0.003  39  39  39  50  58  57  58  61  0.006 149.09230273565  -0.26696153432 L101-S204     
  19.378   1.539   2.412   1.382   0.005   0.009   0.007   0.006  41  21  41  48  57  23  57  58  0.009 149.10406048298  -0.39100200865 L101-S216     
  14.874   0.735   0.802   0.351   0.004   0.006   0.006   0.005  42  42  32  32  57  50  45  45  0.022 149.07331429323  -0.48196377118 L101-S181     
  16.096   0.692   0.838   0.395   0.003   0.004   0.004   0.005  23  23  23  27  35  35  35  38  0.012 149.07219694455  -0.33980198489 L101-S179     
  18.664   1.452   1.756   0.817   0.004   0.006   0.006   0.006  23  22  23  23  41  30  36  34  0.007 149.04090978702  -0.35715557098 L101-S158     
  13.315   0.754   0.867   0.432   0.010   0.017   0.016   0.015   7   7   6   6  10  10  10  12  0.032 149.07101672490  -0.05223318762 L101-S177     
  18.529   1.457   1.822   0.888   0.006   0.007   0.008   0.007  13  13  13  25  31  26  31  34  0.013 148.95813261668  -0.29489648607 L101-S125     
  18.313   1.551   2.244   1.252   0.005   0.009   0.006   0.004  37  33  37  45  48  41  48  59  0.014 149.08591920535  -0.18111026764 L101-S196     
  18.473   0.652   0.788   0.381   0.005   0.010   0.007   0.009  11  11  11  17  26  20  23  20  0.009 148.87104669412  -0.26049255795 L101-S101     
  18.761   0.563   0.730   0.315   0.009   0.017   0.013   0.012  23  23  23  23  29  24  29  23  0.033 149.49951310158  -0.56890936640 L101-S520     
  14.659   0.702   0.810   0.391   0.002   0.003   0.003   0.002  47  47  47  45  67  59  66  56  0.009 149.11094043255  -0.35116169519 L101-S219     
  19.319   1.124   1.163   0.547   0.008   0.018   0.012   0.014  16  14  16  15  26  16  26  16  0.011 149.34443124135  -0.23059776200 L101-S783     
  15.077   0.752   0.801   0.383   0.001   0.002   0.002   0.002  66  65  61  52  97  76  76  53  0.001 149.33449313641  -0.27380249500 L101-424      
  18.487   1.005   1.224   0.570   0.006   0.006   0.008   0.007  14  14  14  19  32  26  25  25  0.007 149.05361515284  -0.22555834982 L101-S164     
  18.877   1.591   2.477   1.431   0.007   0.011   0.008   0.005  26  26  26  35  40  31  40  46  0.016 149.21105044683  -0.54359229406 L101-S410     
  17.519   1.300   1.524   0.686   0.003   0.005   0.006   0.006  48  38  33  26  48  38  41  26  0.012 149.58218623797  -0.28614907477 L101-S384     
  17.826   0.722   0.825   0.389   0.004   0.006   0.007   0.007   8   8   8  18  23  19  23  24  0.005 148.91950389544  -0.22463019424 L101-S113     
  16.177   0.840   0.948   0.430   0.002   0.007   0.004   0.004  23  23  23  24  38  32  32  32  0.014 149.05684111118  -0.50158017980 L101-S166     
  17.944   1.434   1.979   1.018   0.008   0.014   0.011   0.011   7   6   6   6  14  11  12  12  0.016 149.08215127786  -0.03773702065 L101-S190     
  18.647   0.757   0.852   0.420   0.003   0.007   0.005   0.005  62  57  55  51  83  67  72  61  0.015 149.26696191231  -0.30754206075 L101-S8       
  18.245   1.092   1.303   0.561   0.008   0.011   0.009   0.007  29  25  29  23  29  25  29  23  0.013 149.58082565467  -0.53736994717 L101-S382     
  15.461   0.575   0.725   0.344   0.003   0.004   0.004   0.004  39  39  39  44  49  49  49  45  0.013 149.18756820361  -0.57972108523 L101-S292     
  18.210   0.958   1.172   0.532   0.004   0.005   0.006   0.005  53  53  53  52  74  65  74  63  0.015 149.26970412135  -0.36704317636 L101-S10      
  15.675   1.022   1.220   0.544   0.002   0.003   0.002   0.002  39  39  39  48  59  58  59  59  0.006 149.08989996115  -0.26539871216 L101-S202     
  18.888   1.322   1.670   0.796   0.005   0.008   0.007   0.006  22  18  22  23  40  26  38  34  0.006 149.06378871202  -0.47301714897 L101-S171     
  15.509   0.656   0.756   0.368   0.001   0.003   0.002   0.002  54  54  54  42  84  69  68  42  0.005 149.38048450152  -0.38200763385 L101-343      
  19.692   1.696   2.716   1.635   0.011   0.013   0.012   0.007  14  12  14  29  19  13  19  39  0.009 149.08086264928  -0.13602531115 L101-S188     
  20.466  79.533   1.664   0.826   0.016  10.000   0.020   0.023  11   0  11   9  17   0  17   9  0.022 149.36757953962  -0.55363795651 L101-S787     
  14.359   0.663   0.739   0.362   0.002   0.002   0.003   0.003  44  41  43  31  54  46  53  31  0.006 149.39570310911  -0.24326257600 L101-S269     
  18.849   0.775   0.900   0.436   0.005   0.006   0.008   0.007  10  10  10  15  27  27  24  24  0.004 149.03564411402  -0.31882198016 L101-S154     
  15.916   0.827   0.992   0.467   0.002   0.003   0.003   0.003  40  37  33  26  40  37  40  26  0.004 149.53417251110  -0.15527061515 L101-S370     
  13.993   0.820   0.906   0.428   0.003   0.003   0.003   0.003  26  26  25  25  33  31  33  35  0.006 149.17759769758  -0.07765564919 L101-S290     
  11.247   1.153   1.172   0.562   0.003   0.004   0.005   0.004  33  32  22  19  36  35  25  19  0.044 148.71381042798  -0.45858024703 L101-315      
  18.335  81.664   1.913   0.932   0.009  10.000   0.013   0.015   6   0   6   6   6   0   6   6  0.004 149.06491032044   0.00735781723 L101-S173     
  20.479  79.520   1.015   0.471   0.015  10.000   0.022   0.024   7   0   6   6  18   0  14  11 -0.017 149.07037454446  -0.33426946017 L101-S714     
  16.554   0.659   0.808   0.411   0.004   0.010   0.010   0.010   6   6   6   6  13  11  13  15  0.017 149.06728014151  -0.04462037404 L101-S175     
  16.667   0.924   1.145   0.522   0.002   0.003   0.003   0.003  53  53  53  47  75  71  71  58  0.005 149.23346122106  -0.36108569675 L101-S1       
  18.682   0.669   0.784   0.380   0.005   0.005   0.008   0.010  22  22  20  20  40  32  29  29  0.011 148.97589335442  -0.39220116668 L101-S131     
  13.684   1.245   1.515   0.707   0.002   0.004   0.003   0.005 101  95  69  63 131 104  83  63  0.021 149.40558716456  -0.29808694204 L101-431      
  19.385  80.614   1.830   0.890   0.016  10.000   0.017   0.010   6   0   6  16  19   0  19  22  0.026 148.90090063413  -0.23533752018 L101-S107     
  18.893   1.661   2.674   1.593   0.009   0.009   0.010   0.006  29  24  29  44  37  27  37  56  0.019 149.13609504700  -0.17583638827 L101-S406     
  18.471   1.525   2.107   1.116   0.005   0.006   0.006   0.006  13  13  13  23  31  26  31  32  0.007 148.94741331736  -0.28612286144 L101-S123     
  19.662   1.620   2.509   1.430   0.010   0.011   0.010   0.010  10  10  10  19  23  11  23  21  0.015 149.01238343616  -0.29114064482 L101-S142     
  19.205   0.568   0.717   0.363   0.007   0.011   0.010   0.011  24  24  21  13  40  32  35  17  0.006 149.16465369860  -0.42722727246 L101-S741     
  15.664   0.885   0.994   0.475   0.003   0.003   0.004   0.003  36  36  36  42  47  47  47  56  0.009 149.08396782080  -0.18028384527 L101-S194     
  12.948   1.198   1.254   0.591   0.002   0.003   0.003   0.003  47  47  34  32  55  53  44  32  0.008 149.43317484856  -0.21065204197 L101-S338     
  16.031   0.786   0.908   0.437   0.003   0.004   0.004   0.004  32  32  32  26  32  32  32  26  0.005 149.59732328256  -0.37835921499 L101-S392     
  18.441   1.221   1.440   0.651   0.004   0.010   0.006   0.006  22  21  22  22  38  27  29  29  0.014 149.06041207314  -0.50152500709 L101-S169     
  19.710  80.289   2.180   1.161   0.009  10.000   0.010   0.009  36   0  29  18  51   0  42  18  0.030 149.37443052928  -0.27229323175 L101-S790     
  14.380   0.568   0.651   0.315   0.001   0.002   0.002   0.002  86  78  55  42 116  87  69  42  0.003 149.37434233824  -0.36488766564 L101-341      
  15.266   0.666   0.766   0.387   0.003   0.004   0.004   0.004  48  41  33  25  54  41  41  25  0.009 149.51653419336  -0.35715106169 L101-S524     
  13.807   0.618   0.719   0.349   0.002   0.002   0.002   0.002  64  64  64  52  95  78  83  53  0.006 149.32400744756  -0.35002721970 L101-338      
  18.022   1.501   1.851   0.915   0.004   0.006   0.005   0.004  56  47  44  39  67  53  58  39  0.014 149.36449395021  -0.46226131015 L101-S44      
  17.424   1.267   1.599   0.747   0.003   0.008   0.005   0.005   9   9   9  19  24  16  24  28  0.004 148.89849519730  -0.23077414407 L101-S105     
  17.898   0.491   0.647   0.333   0.007   0.014   0.011   0.011  15  13  15  21  22  18  22  32  0.031 149.08814365069  -0.04918180042 L101-S200     
  17.951   1.250   1.558   0.720   0.005   0.007   0.006   0.005  38  38  38  44  48  48  48  45  0.012 149.24231948853  -0.57044125133 L101-S490     
  15.060   0.662   0.797   0.397   0.002   0.004   0.003   0.002  40  37  33  26  46  37  41  26  0.009 149.50261828825  -0.26701450083 L101-S352     
  16.470   0.533   0.696   0.356   0.003   0.006   0.006   0.007   9   9   9  16  22  16  22  17  0.010 148.91176042557  -0.61270349079 L101-S445     
  19.982  80.017   2.181  82.198   0.017  10.000   0.020  10.000   9   0   9   0  16   0  13   0  0.022 149.23441004753  -0.66258557532 L101-S757     
  17.993   1.527   2.076   1.073   0.004   0.004   0.005   0.005  15  15  15  25  33  30  33  33  0.006 149.01342386206  -0.33428601464 L101-S144     
  18.105   1.247   1.481   0.675   0.004   0.005   0.005   0.004  53  53  53  46  74  64  71  57  0.012 149.24539038340  -0.35579413043 L101-S5       
  14.394   0.656   0.745   0.357   0.002   0.003   0.002   0.002  44  44  43  39  68  55  54  39  0.004 149.45333175659  -0.39031170739 L101-S82      
  16.095   0.639   0.731   0.347   0.002   0.004   0.004   0.004  36  32  30  23  42  32  38  23  0.007 149.50480859329  -0.46295415137 L101-S354     
  15.740   0.957   1.134   0.512   0.002   0.003   0.002   0.002  44  44  44  46  64  64  64  57  0.005 149.24464027087  -0.42995187759 L101-S3       
  19.719   0.809   1.008   0.507   0.010   0.020   0.014   0.017  22  14  20  13  30  15  28  13  0.006 149.44556980133  -0.46260091570 L101-S806     
  17.709   0.919   1.166   0.523   0.005   0.010   0.008   0.009  12  12  12  15  22  20  22  26  0.019 148.80556009213  -0.31706127995 L101-S416     
  18.894   0.784   0.941   0.428   0.011   0.017   0.014   0.013  13  13  11  10  13  13  13  10 -0.002 149.54343904654  -0.18422428826 L101-S829     
  18.499   0.905   1.138   0.515   0.006   0.015   0.009   0.012   9   9   9  14  20  14  20  15  0.010 148.85013430119  -0.58398661368 L101-S433     
  17.547   0.877   1.008   0.478   0.003   0.005   0.004   0.004  45  45  45  51  58  58  58  52  0.013 149.30311509768  -0.46216746860 L101-S19      
  13.197   0.617   0.745   0.364   0.001   0.003   0.003   0.003  41  41  41  46  56  56  56  57  0.010 149.24916067123  -0.54174049113 L101-S308     
  17.377   1.420   1.771   0.819   0.004   0.006   0.004   0.003  47  45  46  45  64  54  62  56  0.014 149.07768100897  -0.35886566480 L101-S185     
  18.422   1.230   1.477   0.641   0.007   0.018   0.011   0.016   8   8   8  13  13  13  13  14  0.024 148.95707599322  -0.67114412255 L101-S451     
  17.544   0.506   0.681   0.347   0.003   0.006   0.004   0.004  41  41  41  39  59  57  58  49  0.011 149.22437985738  -0.44105501387 L101-S304     
  16.989   1.262   1.488   0.657   0.004   0.006   0.005   0.004  26  26  25  25  33  33  33  38  0.013 149.22886139552  -0.10252716833 L101-S306     
  18.026   1.659   2.614   1.493   0.007   0.008   0.008   0.006  15  15  15  23  34  28  34  34  0.018 149.04994973342  -0.32476816018 L101-S162     
  18.782   1.150   1.488   0.696   0.005   0.009   0.006   0.005  24  24  24  33  43  34  43  44  0.010 149.20978927612  -0.39133266078 L101-S249     
  18.745   1.507   1.965   0.996   0.008   0.010   0.009   0.007  27  22  27  29  29  24  29  33  0.015 149.30375166337  -0.10038886878 L101-S500     
  18.605   1.413   1.841   0.917   0.007   0.010   0.009   0.008  20  20  20  24  33  27  31  25  0.018 149.00291770895  -0.55953173002 L101-S464     
  19.813  80.186   2.206  82.392   0.013  10.000   0.015  10.000   8   0   8   0  23   0  17   0  0.016 148.91700647672  -0.37921351751 L101-S672     
  17.063   0.587   0.731   0.364   0.002   0.004   0.003   0.004  60  57  49  39  80  68  60  40  0.009 149.34300346375  -0.41432026227 L101-S39      
  19.470   1.104   1.414   0.627   0.008   0.020   0.013   0.013  18  14  18   8  30  17  24  14  0.018 149.20340253512  -0.51605971230 L101-S751     
  17.100   0.545   0.703   0.352   0.003   0.004   0.004   0.004  38  37  33  26  38  37  38  26  0.003 149.58690386613  -0.16131912020 L101-S388     
  14.215   0.634   0.704   0.341   0.002   0.002   0.002   0.002  40  37  33  26  46  37  41  26  0.003 149.52176194588  -0.22047817495 L101-S364     
  17.997   1.469   1.824   0.881   0.005   0.006   0.006   0.004  38  38  31  31  45  43  44  42  0.007 149.17620576223  -0.14617527856 L101-S480     
  17.555   0.632   0.739   0.366   0.003   0.005   0.005   0.005  13  13  13  23  31  31  31  32  0.005 149.02670553525  -0.30262875822 L101-S152     
  15.489   0.619   0.759   0.355   0.003   0.006   0.005   0.004   9   9   9  14  14  14  14  15  0.003 148.82929264704  -0.60769900852 L101-S426     
  15.276   0.842   0.942   0.450   0.002   0.003   0.002   0.002  50  50  50  49  70  63  70  60  0.009 149.12499409517  -0.40010131521 L101-S231     
  15.307   0.582   0.708   0.354   0.002   0.003   0.003   0.003  14  14  14  24  28  28  28  25  0.003 149.04360084931  -0.27722319073 L101-S160     
  19.378  80.621   2.430  83.051   0.010  10.000   0.014  10.000   7   0   7   0  15   0  15   0  0.017 148.80162681341  -0.36830093198 L101-S631     
  18.023   0.462   0.639   0.327   0.003   0.004   0.004   0.006  63  60  54  48  80  70  65  49  0.008 149.33969449202  -0.41563776652 L101-S37      
  13.459   0.954   1.030   0.493   0.002   0.003   0.003   0.003  24  24  24  34  42  40  42  43  0.006 148.91951780319  -0.30611978690 L101-404      
  19.024   0.544 -80.975 -81.354   0.010   0.015  10.000  10.000  18  18   0   0  18  18   0   0  0.042 149.62184228102  -0.33665317059 L101-S847     
  12.061   0.842   0.923   0.422   0.003   0.005   0.004   0.003  36  36  36  38  43  43  43  50  0.015 149.27903371255  -0.16753713469 L101-S498     
  16.395   0.605   0.714   0.356   0.003   0.004   0.004   0.003  35  35  30  30  42  42  42  42  0.010 149.22012850444  -0.12453876072 L101-S300     
  17.584   0.891   1.055   0.490   0.003   0.005   0.004   0.004  49  49  49  54  78  65  75  55  0.013 149.29683145285  -0.32742301305 L101-S17      
   8.228   0.260 -91.771   0.000   0.004   0.006  10.000  14.142   7   7   0   0   7   7   0   0  0.000 148.64260698954  -0.40501193894 L101-311      
  18.506   0.997   1.160   0.534   0.003   0.006   0.005   0.005  72  53  40  40  99  59  54  40  0.008 149.40242864291  -0.27442308161 L101-S66      
  19.850  80.149   2.338  82.487   0.017  10.000   0.019  10.000   7   0   7   0  14   0  14   0  0.018 148.82164689700  -0.54484908210 L101-S638     
  16.012   0.939   1.098   0.502   0.002   0.003   0.003   0.003  50  50  50  53  70  70  70  64  0.011 149.28635935783  -0.39056158543 L101-S13      
  18.224   0.724   0.828   0.399   0.006   0.006   0.007   0.006  42  41  35  34  44  43  44  34  0.013 149.32622416019  -0.16464888679 L101-S502     
  16.695   1.100   1.391   0.618   0.007   0.013   0.012   0.015   6   6   6   6   6   6   6   6  0.011 149.07543191910   0.05042557895 L101-S183     
  17.034   1.031   1.228   0.513   0.007   0.009   0.010   0.008  25  25  25  22  25  25  25  22  0.022 149.57403630416  -0.57164642228 L101-S380     
  15.727   0.479   0.679   0.350   0.002   0.006   0.004   0.006   9   9   9  14  22  16  22  15  0.008 148.89775242805  -0.63826087157 L101-S441     
  16.815   0.863   1.033   0.493   0.003   0.003   0.003   0.003  38  38  38  47  58  56  58  58  0.007 149.12176950773  -0.32399418990 L101-S229     
  20.198  79.801   0.953   0.431   0.010  10.000   0.015   0.017  29   0  23  11  36   0  33  12  0.032 149.31706795692  -0.25575221645 L101-S777     
  15.130   0.642   0.742   0.360   0.002   0.003   0.002   0.002  57  57  57  53  77  76  77  62  0.007 149.28844118913  -0.36124048445 L101-S15      
  17.026   0.997   1.161   0.527   0.003   0.004   0.004   0.004  40  37  33  26  40  37  40  26  0.006 149.60552543004  -0.21214993159 L101-S396     
  19.102   1.587   2.215   1.209   0.005   0.008   0.006   0.005  40  24  40  41  59  25  55  41  0.007 149.36827788353  -0.25027742439 L101-S267     
  14.768   1.040   1.242   0.553   0.002   0.003   0.002   0.003  69  66  43  40  93  70  54  40  0.009 149.44528603554  -0.32254240831 L101-S78      
  14.775   0.631   0.743   0.366   0.004   0.006   0.005   0.006  25  25  25  16  31  25  29  16  0.013 149.49165391922  -0.35296287563 L101-S277     
  17.589   0.783   0.907  83.317   0.003   0.007   0.005  10.000  15  10   6   0  31  18  14   0 -0.001 148.93326058388  -0.42042021672 L101-S677     
  19.691   1.620   2.113   1.095   0.009   0.012   0.010   0.009  34  14  34  38  44  15  44  38  0.020 149.42855579058  -0.37911254777 L101-S72      
  18.698   1.322   1.549   0.702   0.005   0.008   0.006   0.005  42  36  42  43  62  41  60  54  0.012 149.22573723793  -0.40686032348 L101-S486     
  19.251   1.231   1.564   0.738   0.006   0.015   0.011   0.014   9   9   9  13  23  16  23  20  0.017 148.84679724375  -0.36692340546 L101-S95      
  17.890   0.814   0.942   0.445   0.004   0.010   0.006   0.006  24  24  24  13  39  33  39  24  0.022 149.18828969002  -0.51919198963 L101-S744     
  14.048   0.862   0.964   0.468   0.002   0.003   0.003   0.002  30  29  29  26  30  29  30  26  0.005 149.55696921746  -0.11083425204 L101-S374     
  15.747   0.624   0.738   0.359   0.002   0.003   0.003   0.003  13  13  13  25  31  31  31  34  0.001 148.99713107745  -0.26919672171 L101-S137     
  16.657   1.214   1.387   0.621   0.003   0.005   0.004   0.005  48  41  33  26  48  41  41  26  0.011 149.58434420427  -0.36089071804 L101-S386     
  13.714   0.520   0.638   0.305   0.002   0.005   0.003   0.007  11  11  11  22  24  24  24  23  0.016 149.11259500980  -0.59554171668 L101-270      
  17.587   0.465   0.608   0.316   0.003   0.005   0.005   0.005  38  38  31  26  44  38  39  26  0.008 149.50003563294  -0.27725535711 L101-S350     
  15.852   0.580   0.721   0.356   0.002   0.004   0.004   0.007  11  11  11  22  24  24  24  23  0.013 149.09886649450  -0.59737468402 L101-S474     
  16.472   0.650   0.790   0.367   0.002   0.006   0.004   0.007   9   9   9  14  25  16  25  23  0.012 148.85616751512  -0.54901956558 L101-S435     
  17.719   0.693   0.820   0.403   0.004   0.016   0.009   0.011   9   9   9  18  25  19  25  25  0.029 148.91025859515  -0.50181661275 L101-S443     
  15.380   0.801   0.898   0.436   0.003   0.004   0.004   0.002  39  39  32  32  41  41  41  33  0.009 149.35821166833  -0.11321190728 L101-S326     
  12.822   0.541   0.672   0.336   0.003   0.004   0.004   0.003   9   9   9  17  18  16  18  28  0.006 148.88849930763  -0.18625061168 L101-S439     
  18.580   1.523   2.054   1.078   0.004   0.006   0.005   0.005  39  31  39  31  45  32  45  31  0.009 149.46847728093  -0.26072330687 L101-S90      
  16.260   0.745   0.888   0.388   0.003   0.006   0.005   0.005   9   9   9  13  19  17  19  24  0.006 148.80846604506  -0.54135836177 L101-S418     
   9.993   0.415   0.513   0.242   0.003   0.004   0.004   0.004  61  58  48  39  74  65  63  53  0.017 149.27314251860  -0.50079845303 L101-282      
  18.900   1.458   1.980   0.980   0.007   0.015   0.009   0.007  33  19  30  23  33  19  33  23  0.006 149.61412411531  -0.46016202715 L101-S534     
  16.924   0.796   1.016  84.091   0.005   0.010   0.015  10.000  10  10  10   0  12  12  12   0  0.023 149.29908786217  -0.70883328226 L101-S774     
  17.694   1.356   1.719   0.825   0.004   0.007   0.006   0.009  10  10  10  14  23  23  23  15  0.014 149.13843843142  -0.63630615128 L101-S478     
  19.284   1.422   1.852   0.931   0.007   0.018   0.008   0.007  34  17  33  18  50  20  50  27  0.015 149.26776230137  -0.28864429050 L101-S766     
  19.756  80.243   0.836   0.435   0.010  10.000   0.016   0.020  19   0  19  12  25   0  25  12 -0.002 149.47751059532  -0.27302345700 L101-S815     
  17.725   0.620   0.805   0.384   0.007   0.009   0.009   0.007  37  33  28  21  37  33  31  21  0.017 149.62347301642  -0.34205726835 L101-S402     
  19.235   1.344   1.577   0.717   0.006   0.008   0.007   0.006  69  38  43  40  87  40  54  40  0.013 149.44300127029  -0.34687991672 L101-S76      
  16.247   1.028   1.091   0.475   0.003   0.004   0.003   0.002  42  42  42  47  59  59  59  58  0.010 149.23351206779  -0.22534047869 L101-S255     
   7.968   1.600 -92.031   0.000   0.014   0.019  10.000  14.142   5   5   0   0   5   5   0   0  0.000 148.75314884086  -0.18144371563 L101-395      
  12.854   0.639   0.757   0.363   0.002   0.003   0.003   0.004  22  22  22  22  40  37  32  32  0.008 148.91843970617  -0.31412829081 L101-321      
  20.030  79.969   1.239   0.582   0.012  10.000   0.015   0.014  17   0  17  10  32   0  31  14 -0.002 149.19518408775  -0.41959940248 L101-S747     
  16.353   0.561   0.728   0.370   0.003   0.004   0.004   0.003  47  47  34  33  49  49  44  33  0.010 149.39320454597  -0.13467678123 L101-S330     
  19.191   1.601   2.338   1.301   0.006   0.008   0.007   0.006  11  11  11  23  24  13  24  24 -0.001 149.01655334731  -0.27581750128 L101-S146     
  17.542   1.565   2.287   1.277   0.003   0.006   0.004   0.004  46  44  34  34  54  46  44  38  0.008 149.36352832317  -0.22549744182 L101-S265     
  19.286   1.696   2.557   1.470   0.006   0.008   0.007   0.005  47  17  37  31  55  18  46  31  0.008 149.37308030923  -0.50671265602 L101-S508     
  18.542   0.846   1.054   0.505   0.004   0.007   0.006   0.006  38  38  38  44  57  49  57  58  0.013 149.15910755793  -0.39187778526 L101-S241     
  18.067   1.473   2.096   1.120   0.003   0.007   0.004   0.003  58  46  44  37  71  52  58  37  0.014 149.36786022186  -0.41700935586 L101-S46      
  16.762   1.003   1.204   0.523   0.004   0.007   0.006   0.005  29  29  29  23  29  29  29  23  0.015 149.61730182966  -0.38915195783 L101-S400     
  15.163   0.652   0.763   0.365   0.003   0.004   0.005   0.004   8   8   8  16  17  15  17  24  0.005 148.87786617279  -0.17761866781 L101-S437     
  19.650   0.534   0.730   0.377   0.013   0.021   0.019   0.019  11   9   9   9  16  13  16  12 -0.002 149.25712636113  -0.11103177389 L101-S762     
  16.648   0.826   0.898  84.249   0.005   0.010   0.007  10.000   6   6   6   0   6   6   6   0  0.009 149.63948914210  -0.30467144224 L101-S851     
  17.532   0.887   0.985   0.458   0.004   0.005   0.005   0.004  51  51  50  44  66  62  65  47  0.012 149.17924324671  -0.27834238900 L101-S243     
  17.360   0.570   0.691   0.343   0.003   0.005   0.005   0.004  32  32  31  26  32  32  32  26  0.004 149.48096251488  -0.17066825787 L101-S344     
  19.984  80.015   0.795  80.810   0.015  10.000   0.020  10.000   6   0   5   0  18   0  11   0  0.031 148.86904393832  -0.32764093399 L101-S648     
  15.516   0.586   0.705   0.350   0.002   0.003   0.003   0.002  49  49  34  34  57  52  44  34  0.005 149.36506470839  -0.22018493758 L101-S506     
  18.339   1.329   1.645   0.770   0.008   0.012   0.008   0.006  36  27  30  23  36  27  36  23  0.019 149.56431026459  -0.41725464106 L101-S378     
  16.938   0.661   0.754   0.374   0.003   0.004   0.004   0.004  35  35  30  30  37  37  37  33  0.007 149.36368528207  -0.11072133806 L101-S328     
  17.454   1.423   1.944   0.994   0.004   0.006   0.005   0.004  40  40  40  47  59  56  59  58  0.016 149.14551541011  -0.32581821760 L101-S239     
  18.262   0.925   1.054   0.507   0.004   0.006   0.006   0.005  29  29  29  30  37  36  37  30 -0.000 149.41555487315  -0.52590399742 L101-S514     
  18.229   0.819   1.020   0.467   0.005   0.016   0.007   0.008  12  12  12  17  22  20  22  28  0.026 148.81027383804  -0.37524682628 L101-S422     
  16.446   0.782   0.880  84.433   0.008   0.012   0.011  10.000   7   7   7   0  12  12  12   0  0.019 149.09885409673  -0.67897169113 L101-S721     
  18.958   0.695   0.818   0.363   0.005   0.011   0.009   0.013  19  15  10   5  35  23  19  12  0.012 148.98523100217  -0.49591587173 L101-S693     
  18.267   1.297   1.509   0.693   0.005   0.006   0.005   0.005  56  46  42  37  67  52  56  37  0.017 149.37596623898  -0.46112514602 L101-S53      
  19.159   1.396   1.692   0.814   0.005   0.007   0.006   0.005  54  38  54  51  76  43  74  52  0.011 149.32033685048  -0.29563360744 L101-S26      
  15.919   0.682   0.764   0.369   0.002   0.003   0.003   0.002  47  47  34  33  49  49  44  33  0.006 149.41999578476  -0.15157884068 L101-S336     
  14.183   0.794   0.891   0.411   0.001   0.002   0.002   0.002  90  82  59  42 118  89  71  42  0.007 149.36813624700  -0.33332408375 L101-S48      
  16.813   1.002   1.162   0.544   0.003   0.004   0.004   0.003  45  45  31  30  53  50  40  30  0.007 149.41424733798  -0.50384513060 L101-S334     
  17.714   1.386   1.675   0.767   0.004   0.007   0.006   0.008   9   9   9  14  22  21  22  15  0.007 148.97148763339  -0.62897560967 L101-S455     
  20.352  79.647   2.464  82.111   0.018  10.000   0.022  10.000   5   0   5   0  13   0  13   0  0.022 148.89029563268  -0.65005758169 L101-S659     
  17.344  82.655   0.850  83.505   0.005  10.000   0.007  10.000   5   0   5   0  13   0  12   0  0.015 148.79158105453  -0.43393446737 L101-S628     
  20.163  79.836   2.109   1.225   0.013  10.000   0.014   0.013  16   0  16  14  29   0  29  17 -0.010 149.24221331278  -0.36446271367 L101-S759     
  15.663   0.817   0.967   0.452   0.002   0.003   0.003   0.003  50  50  48  42  70  61  65  53  0.010 149.18992080688  -0.30686277125 L101-S294     
  16.280   0.462   0.643   0.338   0.003   0.004   0.004   0.005  30  30  18  18  32  32  26  19  0.006 149.34853783449  -0.15670775731 L101-S322     
  13.520   0.712   0.763   0.337   0.003   0.004   0.003   0.002  18  17  18  19  18  17  18  19  0.004 149.49361710548  -0.09222071436 L101-S518     
  18.504   0.784   0.838   0.346   0.011   0.013   0.015   0.012  25  22  25  23  25  22  25  23  0.022 149.58339973291  -0.58496554666 L101-S528     
  15.774   0.768   0.879   0.415   0.002   0.003   0.002   0.002  44  44  44  41  61  59  61  52  0.001 149.22233513196  -0.48053108109 L101-S302     
  19.446   0.892   1.016   0.473   0.009   0.018   0.013   0.018  21  16  17  10  23  17  23  10  0.014 149.41716869672  -0.12402637164 L101-S799     
  16.446   1.033   1.108   0.489   0.002   0.004   0.002   0.002  86  75  54  42 116  84  68  42  0.009 149.38485172590  -0.36663566801 L101-S60      
  20.365  79.634   1.280  80.914   0.014  10.000   0.019  10.000  12   0  12   0  20   0  14   0 -0.017 149.27449964484  -0.59652761459 L101-S768     
  18.352   1.616   2.538   1.465   0.005   0.009   0.007   0.006  20  20  20  30  31  28  31  33  0.015 149.34849489530  -0.23663914442 L101-S263     
  18.794   1.056   1.255   0.565   0.004   0.005   0.006   0.005  40  37  40  51  55  43  55  62  0.004 149.27245505253  -0.24637932036 L101-S259     
  17.069   0.515   0.596   0.305   0.004   0.006   0.006   0.005  36  36  31  20  46  42  41  21  0.013 149.34680491289  -0.51149108569 L101-S504     
  16.020   1.107   1.198   0.471   0.005   0.007   0.010   0.009  25  25  25  23  25  25  25  23  0.023 149.59088283380  -0.58405976401 L101-S390     
  14.938   0.693   0.776   0.360   0.002   0.004   0.003   0.003  35  35  35  34  53  50  48  45  0.006 149.03379541238  -0.45296606991 L101-326      
  17.334   0.702   0.757   0.349   0.006   0.008   0.010   0.009  16  14  15  15  23  19  23  25  0.016 149.21544362704  -0.04637488471 L101-S484     
  18.521   1.501   2.152   1.160   0.011   0.017   0.014   0.014  19  16  16   9  25  16  24   9  0.032 149.48753269513  -0.39966121144 L101-S275     
  16.747   0.813   0.939   0.438   0.003   0.004   0.004   0.006  21  21  21  22  39  34  33  33  0.010 149.05935554902  -0.54263482730 L101-S468     
  18.873   0.476   0.645   0.332   0.004   0.006   0.007   0.008  56  52  40  38  76  54  48  38  0.003 149.45515543620  -0.37154725552 L101-S84      
  19.588  80.411   2.533   1.479   0.012  10.000   0.013   0.013   7   0   7  11  12   0  12  12 -0.010 148.83372796377  -0.65652089278 L101-S429     
  16.301   0.950   1.178  84.876   0.016   0.019   0.020  10.000   5   5   5   0   7   7   7   0  0.026 148.87892630895  -0.71378130701 L101-S651     
  19.160   1.573   2.366   1.323   0.006   0.008   0.006   0.004  52  29  43  36  63  31  57  36  0.013 149.39492201805  -0.45137225323 L101-S64      
  16.274   0.732   0.791   0.379   0.002   0.003   0.003   0.003  55  55  55  42  85  70  69  42  0.009 149.36938376427  -0.39469157325 L101-S50      
  15.789   0.570   0.727   0.359   0.002   0.003   0.004   0.004  13  13  13  18  31  23  31  29  0.005 148.89456435839  -0.31384349717 L101-L2       
  18.623   1.648   2.497   1.442   0.007   0.009   0.007   0.005  34  29  34  43  52  36  52  54  0.018 149.16235645612  -0.53197931290 L101-S408     
  15.030   0.633   0.739   0.362   0.002   0.003   0.002   0.002  38  38  38  44  40  40  40  45  0.003 149.31785190105  -0.17988916185 L101-S318     
  13.725   0.755   0.892   0.440   0.001   0.003   0.002   0.003  51  51  51  43  61  56  61  44  0.003 149.32993594805  -0.49494805230 L101-S320     
  17.751   0.572   0.703   0.349   0.002   0.004   0.004   0.005  52  52  52  54  84  66  76  55  0.008 149.30992240508  -0.38257526186 L101-S21      
  18.322   0.499   0.675   0.327   0.005   0.007   0.007   0.011  14  14  14  14  24  24  24  15 -0.000 149.23612036705  -0.62840783119 L101-S488     
  13.204   0.630   0.730   0.358   0.002   0.002   0.002   0.002  59  59  59  48  69  69  69  49  0.003 149.29041901827  -0.49070714951 L101-S94      
  18.081   0.025  -0.175  -0.083   0.004   0.006   0.009   0.009  63  60  41  36  86  62  49  36  0.019 149.45584352811  -0.33048367076 L101-S86      
  13.498   0.884   1.008   0.464   0.002   0.004   0.003   0.003  32  32  32  26  38  33  38  26  0.010 149.50706331581  -0.24673780017 L101-S356     
  18.983   0.520   0.734   0.359   0.005   0.010   0.011   0.013  11  10  11  11  27  20  22  17  0.011 148.85464939276  -0.38278302934 L101-S97      
  14.298   0.748   0.828   0.379   0.002   0.005   0.003   0.003  26  26  26  26  44  41  41  37  0.012 149.03376877705  -0.49730893135 L101-262      
  19.678   1.640   2.435   1.383   0.008   0.011   0.009   0.015  12   9  12  19  24  10  24  20  0.023 149.00796017001  -0.32484812578 L101-S139     
  17.934   0.994   1.168   0.529   0.003   0.005   0.004   0.004  47  47  47  50  58  58  58  51  0.007 149.31572249333  -0.41656249152 L101-S23      
  19.451  80.548   1.387   0.651   0.010  10.000   0.015   0.018  14   0  14  12  27   0  27  13  0.033 149.14941283862  -0.58873425166 L101-S732     
  11.686   1.222   1.251  89.564   0.009   0.011   0.016  10.000   7   7   7   0  12  12  12   0  0.026 148.95007481575  -0.68322148217 L101-S685     
  19.152   1.557   2.042   1.069   0.005   0.007   0.007   0.005  32  26  32  46  48  31  48  55  0.008 149.12868047555  -0.29191465855 L101-S233     
  15.535   0.934   1.039   0.485   0.001   0.003   0.002   0.002  78  74  66  52 109  85  81  53  0.006 149.33596731027  -0.26132054965 L101-S35      
  11.996   0.622   0.726   0.340   0.003   0.004   0.004   0.004  39  39  29  27  49  49  45  37  0.012 149.07839655081  -0.44079959234 L101-329      
  17.571   0.602   0.760   0.371   0.004   0.006   0.006   0.005  27  24  26  23  27  24  27  23  0.008 149.47369572322  -0.09184926139 L101-S342     
  17.470   0.991   1.152   0.514   0.003   0.006   0.004   0.003  40  40  39  37  47  47  47  47  0.011 149.27384730577  -0.16730933732 L101-S310     
  19.600   1.527   1.951   0.974   0.006   0.012   0.008   0.008  60  24  43  38  68  24  52  38  0.019 149.44796091715  -0.33293570413 L101-S80      
   9.743   1.158   1.111   0.518   0.002   0.003   0.003   0.002  85  83  81  76 102  93  87  87  0.046 148.98607153893  -0.38750348488 L101-324      
  17.778   0.704   0.860   0.432   0.003   0.007   0.005   0.004  43  43  43  44  59  55  59  55  0.016 149.15875264804  -0.49773735046 L101-S286     
  16.235   0.783   0.888   0.420   0.002   0.003   0.003   0.003  50  50  50  50  66  62  66  63  0.005 149.28239077330  -0.52338266691 L101-L4       
  17.883   0.771   0.983   0.414   0.005   0.013   0.007   0.007   9   9   9  14  19  17  19  25  0.017 148.80971107880  -0.49361824883 L101-S420     
  15.504   0.737   0.853   0.424   0.003   0.004   0.004   0.005  48  41  33  26  48  41  41  26  0.012 149.56416519880  -0.32553546323 L101-S376     
  18.747   1.290   1.554  82.806   0.008   0.018   0.011  10.000   6   5   6   0  15  10  12   0 -0.002 148.94692187309  -0.18358192840 L101-S681     
  13.557   0.818   0.932   0.424   0.002   0.006   0.003   0.006   7   7   7  20  20  20  20  21  0.014 149.06579242547  -0.60965978940 L101-S470     
  17.834   0.898   1.046   0.482   0.003   0.005   0.005   0.004  47  46  33  33  49  48  43  33  0.006 149.40788621902  -0.18833501816 L101-S512     
  18.962   1.714   2.562   1.437   0.009   0.021   0.010   0.005  25  13  25  23  25  13  25  23  0.004 149.62045033773  -0.22894284778 L101-S414     
  19.744  80.255   2.343   1.289   0.009  10.000   0.010   0.008  22   0  19  13  38   0  36  19  0.007 149.11488300165  -0.35127010769 L101-S726     
  20.162  79.837   1.135   0.541   0.010  10.000   0.018   0.020  20   0  15  13  35   0  27  16  0.027 149.11126797994  -0.40976878590 L101-S723     
  18.293   1.470   1.820   0.896   0.004   0.009   0.006   0.005  32  25  32  26  38  25  38  26  0.003 149.52726122936  -0.37827637460 L101-S368     
  17.223   0.788   0.897   0.429   0.003   0.004   0.005   0.005  26  26  25  25  33  33  33  38  0.006 149.13109231790  -0.09518813769 L101-S280     
  16.378   0.656   0.773   0.380   0.002   0.003   0.002   0.002  49  49  49  47  67  63  67  58  0.000 149.13261448542  -0.46426995383 L101-S235     
  18.200   1.539   2.066   1.087   0.005   0.009   0.006   0.004  40  30  33  26  40  30  40  26  0.009 149.51733969450  -0.20049716989 L101-S360     
  16.711   0.787   0.934   0.437   0.003   0.005   0.004   0.006  21  18  21  17  38  27  29  27  0.011 148.92965227763  -0.35260839197 L101-S117     
  17.528   0.536   0.711   0.354   0.003   0.006   0.006   0.007  12  12  12  17  30  22  30  28  0.007 148.89442502658  -0.32479949845 L101-S103     
  13.600   0.727   0.837   0.400   0.003   0.004   0.003   0.002  11  11  11  22  22  22  22  28  0.005 148.96436583201  -0.20601811250 L101-S129     
  20.191  79.808   0.626   0.346   0.012  10.000   0.023   0.026  15   0   7   7  28   0  13  11  0.026 149.15845182737  -0.35375782887 L101-S736     
  17.389   0.636   0.795   0.407   0.003   0.005   0.005   0.004  32  32  32  37  41  41  41  50  0.009 149.14117153486  -0.16965397199 L101-S284     
  12.370   0.919   0.991   0.460   0.002   0.003   0.003   0.003  31  31  30  24  31  31  31  24  0.006 149.61035470168  -0.24148498005 L101-S532     
  15.557   0.998   1.151   0.504   0.005   0.007   0.006   0.004  23  20  23  17  25  22  25  17  0.014 149.38479317029  -0.04715766801 L101-S510     
  14.821   1.167   1.331   0.588   0.003   0.004   0.003   0.002  10  10  10  23  27  27  27  29  0.005 149.03341058493  -0.21139405568 L101-408      
  14.785   0.529   0.654   0.335   0.002   0.003   0.002   0.002  48  41  33  26  54  41  41  26  0.004 149.52307658990  -0.28497191641 L101-S366     
  17.828   0.706   0.832   0.410   0.008   0.010   0.010   0.006  29  28  29  23  29  28  29  23  0.017 149.60974011421  -0.40201795181 L101-S398     
  17.229   1.288   1.588   0.729   0.004   0.006   0.005   0.004  29  29  29  24  35  31  35  24  0.009 149.49639488856  -0.45779292478 L101-S346     
  17.494   0.449   0.624   0.323   0.003   0.004   0.006   0.006  15  15  15  22  33  33  31  31  0.008 149.01847411593  -0.32862674289 L101-S148     
  17.803   1.646   2.750   1.585   0.007   0.013   0.008   0.004  15  15  15  21  33  25  30  30  0.024 148.92279183070  -0.33289885097 L101-S115     
  19.498  80.501   1.852   0.897   0.014  10.000   0.017   0.013   7   0   7  10  12   0  12  14 -0.004 149.16320986748  -0.04676665200 L101-S738     
  14.505   0.638   0.750   0.349   0.002   0.005   0.004   0.009   9   9   9  19  22  22  22  20  0.018 149.11541779041  -0.62548616515 L101-S476     
  16.015   0.597   0.708   0.352   0.002   0.003   0.003   0.003  39  39  39  48  43  43  43  49  0.007 149.29975181023  -0.18435997003 L101-S314     
  19.568  80.431   1.230  81.661   0.010  10.000   0.014  10.000  17   0   8   0  33   0  17   0  0.026 148.99096927643  -0.37630204413 L101-S695     
  18.748   0.579   0.751   0.381   0.005   0.007   0.006   0.006  52  46  52  49  66  54  66  50  0.010 149.33137846788  -0.45368499650 L101-S30      
  18.955   1.436   1.759   0.851   0.005   0.007   0.006   0.006  53  36  43  36  64  41  57  36  0.015 149.38182328542  -0.44928317176 L101-S57      
  17.731  82.268   1.061  83.329   0.006  10.000   0.017  10.000   7   0   7   0  12   0  12   0  0.038 149.04682714542  -0.70426157369 L101-S711     
  16.357   0.823   0.932   0.438   0.002   0.004   0.003   0.003  40  38  33  26  46  38  41  26  0.005 149.49960017204  -0.22426711082 L101-S348     
  14.963   0.526   0.673   0.318   0.003   0.004   0.006   0.005  37  37  37  44  47  47  47  45  0.018 149.26182806393  -0.58033308559 L101-S492     
  14.234   0.616   0.702   0.347   0.001   0.003   0.002   0.002  32  32  32  26  38  33  38  26  0.004 149.51061475376  -0.24786024306 L101-S358     
  15.668   0.624   0.747   0.364   0.003   0.004   0.004   0.004  32  32  32  42  49  49  49  53  0.014 149.19170271556  -0.23970674356 L101-S296     
  18.428   0.913   1.076   0.543   0.004   0.007   0.007   0.008  38  29  33  24  44  29  37  24  0.010 149.48382282257  -0.32674775018 L101-S273     
  17.686   0.554   0.720   0.367   0.006   0.007   0.010   0.010   6   6   6   8  13  13  13  13  0.011 148.99025030136  -0.16248213768 L101-S460     
  18.607   1.103   1.317   0.600   0.005   0.006   0.006   0.005  52  42  40  36  61  45  51  36  0.007 149.43665064176  -0.42015049431 L101-S74      
  13.258   0.870   1.077   0.519   0.003   0.004   0.003   0.003  40  37  33  26  40  37  40  26  0.008 149.55779621601  -0.15735077911 L101-S526     
  18.353   0.879   1.087  82.733   0.006   0.014   0.013  10.000   7   7   7   0  12  12  12   0  0.027 148.88361770312  -0.68505131178 L101-S653     
  17.096   0.843   0.954   0.459   0.003   0.004   0.003   0.005  66  63  42  28  97  74  57  29  0.009 149.34619243940  -0.27561192513 L101-S41      
  16.827   0.521   0.659   0.329   0.002   0.003   0.003   0.003  71  69  53  40 101  78  67  40  0.005 149.38944296837  -0.37333286232 L101-S62      
  18.638   0.531   0.719   0.353   0.009   0.013   0.013   0.012  10  10  10  15  20  18  20  22  0.020 148.84098389943  -0.29343040466 L101-S431     
  15.454   0.683   0.766   0.367   0.001   0.002   0.003   0.003  45  45  45  45  63  60  63  56  0.008 149.13774736722  -0.54467880037 L101-S282     
  17.121   0.598   0.715   0.376   0.003   0.003   0.004   0.004  33  33  33  44  50  49  50  58  0.003 149.11937246323  -0.23379350778 L101-S225     
  17.684   1.101   1.298   0.587   0.005   0.006   0.006   0.004  29  29  29  24  35  34  35  24  0.011 149.46954178810  -0.48521861593 L101-S340     
  19.165   1.323   1.526   0.658   0.006   0.016   0.010   0.010   9   9   9  17  25  15  25  26  0.015 148.90517857869  -0.30940783607 L101-S109     
  16.592   0.498   0.674   0.341   0.004   0.006   0.009   0.010  13  13  13  14  23  23  23  15  0.020 149.27363340259  -0.64114982499 L101-S496     
  18.047   1.425   1.884   0.975   0.005   0.019   0.008   0.010   5   5   5  11  12  11  12  11  0.025 149.07402211030  -0.64252382596 L101-S472     
  15.847   0.979   1.152   0.518   0.003   0.006   0.004   0.004  23  23  23  24  41  37  36  35  0.013 148.99558540980  -0.46593919542 L101-S135     
  19.354   1.476   1.791   0.868   0.009   0.022   0.010   0.008  33  15  33  26  33  15  33  26  0.018 149.59693981806  -0.18257634163 L101-S530     
  15.992   0.840   0.955   0.448   0.002   0.003   0.003   0.002  51  51  51  51  75  63  73  52  0.009 149.32144327958  -0.24810360803 L101-S261     
  13.667   0.857   0.960   0.450   0.002   0.002   0.003   0.003  26  26  25  25  26  26  26  25  0.005 149.54455103079  -0.07196592914 L101-S372     
  17.108   0.653   0.788   0.390   0.002   0.003   0.003   0.003  39  39  39  45  60  60  60  56  0.004 149.22995018959  -0.37468315813 L101-S253     
   8.304   1.405   1.428  93.123   0.004   0.007   0.012  10.000  17  17   9   0  18  18   9   0  0.044 149.35347998937  -0.10285719474 L101-497      
  17.449   1.139   1.370   0.623   0.004   0.005   0.005   0.003  42  42  42  47  58  55  58  58  0.012 149.24728635152  -0.22340696494 L101-S257     
  20.004  79.995   1.621   0.762   0.014  10.000   0.016   0.012  13   0  13  13  28   0  28  17  0.018 149.09192145665  -0.30215115057 L101-S717     
  19.332   1.558   2.194   1.173   0.005   0.010   0.006   0.005  39  20  39  45  55  23  55  53  0.010 149.12042794228  -0.46608469221 L101-S227     
  16.715   0.584   0.717   0.356   0.002   0.004   0.003   0.003  32  32  32  26  32  32  32  26 -0.000 149.60107820034  -0.23993075689 L101-S394     
  16.190   0.655   0.741   0.365   0.002   0.003   0.003   0.003  37  37  37  30  43  43  43  30  0.004 149.47122001648  -0.29837962151 L101-S92      
  17.657   1.295   1.536   0.698   0.003   0.006   0.004   0.003  43  43  29  29  45  45  39  33  0.009 149.39976043701  -0.14887535519 L101-S332     
  17.120   0.500   0.663   0.306   0.003   0.006   0.005   0.005  37  34  30  23  43  34  38  23  0.010 149.50812829236  -0.51692455343 L101-S522     
  20.012   0.519   0.641   0.305   0.009   0.016   0.022   0.024  17  14   6   5  31  20  11   9  0.016 149.01972834071  -0.52302334944 L101-S704     
  16.538   1.441   2.035   1.081   0.002   0.004   0.002   0.002  47  47  47  46  65  62  65  57  0.009 149.13585054080  -0.47095500708 L101-S237     
  16.650   0.942   1.068   0.475   0.002   0.004   0.004   0.004  36  36  36  44  49  49  49  45  0.013 149.16013328234  -0.58066781468 L101-S288     
  18.542   0.932   1.249   0.576   0.007   0.018   0.013   0.014  10  10  10  13  12  12  12  14  0.023 149.27207427422  -0.68921647390 L101-S494     
  14.520   0.750   0.819   0.385   0.001   0.003   0.002   0.002  55  55  48  40  82  66  59  40  0.007 149.42309145927  -0.40077286767 L101-S70      
  16.201   0.509   0.678   0.338   0.003   0.004   0.005   0.005  12  12  12  17  30  22  30  28  0.009 148.86082149347  -0.26296768612 L101-S99      
  18.882   1.558   2.050   1.086   0.006   0.008   0.006   0.005  29  26  29  41  42  30  42  52  0.009 149.21708353360  -0.23381505999 L101-S251     
  15.832   1.166   1.427   0.647   0.003   0.004   0.003   0.003  49  49  35  35  51  51  45  35  0.012 149.35778952440  -0.15520718363 L101-S324     
  13.451   0.717   0.807   0.392   0.002   0.002   0.002   0.002  29  29  29  23  35  30  35  23 -0.000 149.51816804806  -0.40806038168 L101-S362     
  19.503   1.567   2.142   1.126   0.008   0.010   0.009   0.012  10   7  10  15  24  11  23  22  0.014 148.93452528318  -0.33475565738 L101-S119     
  16.916   0.864   1.004   0.489   0.002   0.004   0.004   0.003  33  33  33  44  49  49  49  58  0.007 149.11796580156  -0.23281904115 L101-S223     
  18.175   0.715   0.834   0.394   0.012   0.018   0.018   0.021  10  10  10  12  12  12  12  13  0.035 149.19888528188  -0.68218784544 L101-S482     
  18.573   1.522   2.086   1.093   0.006   0.011   0.008   0.008  30  21  29  25  32  23  32  25  0.016 149.42707980474  -0.06537161191 L101-S516     
  19.018   1.169   1.414   0.619   0.005   0.006   0.007   0.008  22  21  20  20  38  28  29  29  0.008 149.02008410494  -0.36612105370 L101-S150     
  17.711   0.594   0.721   0.366   0.003   0.005   0.006   0.006  40  40  38  35  59  54  55  46  0.015 149.19556295077  -0.32036754926 L101-S245     
  17.199   1.238   1.472   0.659   0.003   0.003   0.004   0.005  22  22  22  24  40  36  35  35  0.004 148.99836648305  -0.52097593599 L101-S462     
  19.081   1.447   1.846   0.919   0.005   0.007   0.006   0.006  38  24  26  26  55  28  42  41  0.006 149.20382517179  -0.30689348857 L101-S247     
  16.743   0.723   0.817   0.393   0.002   0.003   0.002   0.003  67  65  64  50  98  76  79  51  0.004 149.33308118979  -0.29405666245 L101-S32      
  15.475   0.524   0.667   0.334   0.003   0.004   0.004   0.003  43  43  32  23  51  49  38  23  0.008 149.46332039833  -0.31614192645 L101-S88      
  17.885   0.658   0.784   0.391   0.004   0.006   0.007   0.007  10  10  10  15  25  22  21  21  0.005 148.93809296290  -0.22304247538 L101-S121     
  17.540   1.238   1.442   0.650   0.004   0.006   0.005   0.004  40  40  39  29  46  41  43  29  0.010 149.48161045710  -0.27966117223 L101-S271     
  17.420   0.801   0.922   0.439   0.005   0.008   0.007   0.005  23  23  23  27  30  30  30  37  0.017 149.21179552078  -0.10952120569 L101-S298     
  19.110   1.516   2.026   1.047   0.007   0.008   0.010   0.009   9   9   9  20  22  15  22  26  0.012 148.96122612953  -0.23540476706 L101-S127     
  16.683   0.602   0.752   0.371   0.002   0.003   0.005   0.006  22  22  22  22  39  35  33  33  0.009 148.96184225082  -0.47546844270 L101-S453     
  16.392   0.418   0.538   0.278   0.003   0.004   0.005   0.004  10  10  10  22  25  25  25  28  0.003 148.98281238874  -0.23676066849 L101-S133     
  16.170   0.610   0.729   0.329   0.005   0.006   0.006   0.004  30  28  29  25  32  30  32  25  0.014 149.30154783328  -0.04918386671 L101-S316     
  14.451   0.532   0.636   0.312   0.002   0.003   0.003   0.002  46  46  46  47  50  50  50  48  0.009 149.29198314746  -0.19166772895 L101-S312     
  17.198   0.615   0.753   0.369   0.003   0.005   0.006   0.007  12  12  12  23  30  28  30  32  0.011 148.91222631137  -0.29872652690 L101-S111     
  18.099   1.768   2.829   1.672   0.007   0.008   0.009   0.009   6   6   5   5  13  13  10  10  0.012 149.01398119430  -0.14873667293 L101-S404     
  14.369   0.603   0.747   0.357   0.002   0.007   0.004   0.003  11  11  11  17  20  18  20  28  0.011 148.82128332456  -0.30050306085 L101-S424     
  17.866   0.316   0.451   0.219   0.004   0.006   0.009   0.008  36  36  36  43  46  46  46  44  0.019 149.26855470737  -0.58738313251 L101-S412     
  17.647   1.140   1.262   0.556   0.004   0.007   0.006   0.007   8   8   8  19  21  18  21  20  0.007 148.91893741290  -0.58663462294 L101-S447     
  16.245   1.278   1.531   0.684   0.003   0.004   0.004   0.005   8   8   8  17  21  21  21  18  0.005 148.97965485255  -0.62696486261 L101-S457     
  15.838   1.232   1.469   0.645   0.007   0.019   0.010   0.008   6   6   6   6  11   9   9   9  0.025 149.09586644173  -0.01155507300 L101-S211     
  18.069   1.088   1.288  83.218   0.005   0.012   0.015  10.000   7   7   7   0  12  12  12   0  0.022 149.15675978661  -0.70343145715 L101-S735     
  16.511   0.921   1.065   0.487   0.002   0.003   0.003   0.003  48  48  48  46  63  63  63  47  0.004 149.32105094592  -0.44775582949 L101-S25      
  17.176   0.764   0.836   0.393   0.002   0.004   0.003   0.003  56  56  56  49  71  69  71  50  0.003 149.33209763368  -0.41874055174 L101-S31      
  19.014   1.471   2.098   1.118   0.004   0.009   0.005   0.005  72  38  57  38  99  42  69  39  0.009 149.34492558638  -0.33830220434 L101-S40      
  18.423   1.297   1.533   0.689   0.005   0.009   0.006   0.005  38  38  38  47  57  46  57  58  0.018 149.16424751282  -0.36892651028 L101-S242     
   7.828   1.480 -92.171   0.000   0.006   0.009  10.000  14.142   9   9   0   0   9   9   0   0  0.000 149.16302355131  -0.46141303274 L101-333      
  14.112   0.505   0.643   0.311   0.002   0.003   0.003   0.004  18  18  18  25  37  35  34  34  0.009 149.06237103939  -0.33579648415 L101-S170     
  17.936   0.855   1.002   0.487   0.003   0.005   0.004   0.004  47  47  47  50  59  59  59  51  0.006 149.30144817829  -0.43776552094 L101-S18      
  18.809   1.482   1.791   0.860   0.005   0.006   0.006   0.004  51  42  51  53  76  46  76  54  0.011 149.31348419587  -0.34891276783 L101-S22      
  14.371   1.530   2.222   1.207   0.002   0.006   0.005   0.005  44  44  40  40  58  54  52  52  0.023 149.07237728437  -0.53244469113 L101-268      
  14.323   0.913   1.107   0.502   0.003   0.006   0.004   0.006   8   8   8  14  21  20  21  15  0.010 148.98894929886  -0.63644297414 L101-S459     
  20.475  79.524   1.530  81.054   0.016  10.000   0.020  10.000   5   0   5   0  14   0  12   0 -0.005 149.08410065174  -0.62295197169 L101-S715     
  16.768   0.549   0.683   0.340   0.003   0.004   0.005   0.005  10  10  10  18  25  24  24  24 -0.000 148.93932592074  -0.23619046953 L101-S122     
  19.520   1.563   2.410   1.368   0.009   0.011   0.010   0.006  11  10  11  21  27  11  27  28  0.011 148.97856636047  -0.29004966418 L101-S132     
  18.638   1.345   1.612   0.761   0.008   0.009   0.009   0.005  12  12  12  23  25  24  25  26  0.013 149.01071101725  -0.29735084534 L101-S141     
  17.314   0.596   0.711   0.355   0.003   0.004   0.004   0.004  48  48  48  49  62  62  62  50  0.007 149.29721725384  -0.42903412077 L101-S16      
  17.854   0.726   0.819   0.400   0.002   0.004   0.003   0.004  84  71  53  42 113  79  66  42  0.003 149.36351158619  -0.29196465969 L101-S45      
  20.062  79.937   1.737   0.846   0.009  10.000   0.012   0.012  20   0  19  15  34   0  34  19  0.020 149.10921920141  -0.52695401616 L101-S722     
  19.761  80.238   2.355   1.353   0.016  10.000   0.017   0.013  17   0  17  10  17   0  17  10  0.027 149.58001219432  -0.26775529457 L101-S836     
  18.653   0.717   0.864   0.445   0.004   0.005   0.005   0.005  49  47  49  53  78  54  72  54  0.004 149.30436806281  -0.27872164302 L101-S20      
  12.674   0.607   0.670   0.298   0.002   0.003   0.003   0.002  30  29  29  26  30  29  30  26  0.004 149.49768745104  -0.10069732169 L101-S519     
  19.707  80.292   1.745   0.828   0.007  10.000   0.010   0.012  28   0  28  19  42   0  42  20  0.019 149.29811265469  -0.39853051292 L101-S773     
  16.889   1.411   1.715   0.800   0.002   0.003   0.003   0.003  65  63  43  38  88  65  52  38  0.005 149.45539256732  -0.34420810911 L101-S85      
  15.262   0.587   0.719   0.360   0.002   0.003   0.003   0.003  39  39  39  50  59  58  59  61  0.008 149.09648471673  -0.28135268953 L101-415      
  17.507   1.076   1.359   0.606   0.007   0.012   0.009   0.009   9   9   9  14  14  14  14  15  0.014 148.82964831193  -0.64230692969 L101-S427     
  17.015   0.657   0.782   0.377   0.009   0.012   0.013   0.012   8   8   8  13  13  13  13  14  0.023 148.95710584323  -0.68269959980 L101-S452     
  18.492   1.583   1.977   0.997   0.004   0.006   0.005   0.004  51  37  44  40  70  39  55  40  0.003 149.44063382149  -0.40114018374 L101-S75      
  14.836   0.586   0.714   0.355   0.009   0.010   0.010   0.007   8   8   8  11  14  13  14  12  0.017 148.94689793587  -0.66577701145 L101-S450     
  18.580   0.695   0.893   0.434   0.005   0.006   0.008   0.011   8   8   8  15  21  21  21  21  0.011 149.00156786479  -0.61269083871 L101-S463     
  11.891   0.678   0.743   0.349   0.004   0.005   0.004   0.004  48  48  34  34  50  50  44  34  0.014 149.36172816753  -0.16562050607 L101-S505     
  18.886   0.890   1.071   0.495   0.006   0.009   0.008   0.009  11  11  11  15  28  22  24  24  0.013 148.92260111173  -0.30783821848 L101-S114     
  20.052  79.947   2.255   1.210   0.009  10.000   0.010   0.016  27   0  27  16  38   0  38  16  0.009 149.39934329987  -0.35289085812 L101-S796     
  16.531   0.714   0.829   0.406   0.002   0.002   0.002   0.003  79  73  48  40 106  80  60  40  0.003 149.41480423609  -0.29824076229 L101-L6       
  18.313   1.468   1.810   0.875   0.004   0.007   0.006   0.006  41  31  36  27  53  38  49  28  0.013 149.34799781640  -0.43662497388 L101-S42      
  12.810   0.494   0.612   0.293   0.004   0.005   0.005   0.004  51  51  48  44  70  66  61  55  0.018 149.19978307088  -0.36002451049 L101-S246     
  18.131   1.100   1.366   0.648   0.006   0.008   0.008   0.007  31  29  27  21  37  29  31  21  0.018 149.48495361010  -0.28411612140 L101-S274     
  18.168   1.522   2.022   1.045   0.004   0.007   0.005   0.004  50  47  50  44  65  53  65  55  0.012 149.27262978554  -0.49175789568 L101-S309     
  13.497   0.985   1.141   0.517   0.001   0.002   0.002   0.002 108 100  76  63 138 109  90  63  0.005 149.38224994342  -0.30416708072 L101-429      
  17.681   0.952   1.215   0.563   0.004   0.005   0.005   0.004  14  14  14  22  32  30  31  31  0.007 148.96754409472  -0.28692823013 L101-S130     
  17.520   0.857   1.018   0.467   0.003   0.007   0.006   0.006  38  38  38  42  48  48  48  43  0.018 149.32353679339  -0.58808055295 L101-S501     
  17.800   0.720   0.834   0.412   0.004   0.006   0.005   0.005  29  28  29  25  31  30  31  25  0.004 149.37187159061  -0.07363076316 L101-S507     
  18.914   1.436   1.809   0.869   0.005   0.017   0.007   0.006  11  11  11  21  29  17  29  30  0.020 148.91108333270  -0.25691740672 L101-S110     
  14.693   0.777   0.922   0.429   0.003   0.004   0.004   0.003  35  35  35  35  43  43  40  35  0.011 149.35628642241  -0.58748605649 L101-S323     
  18.037   1.266   1.594   0.728   0.006   0.009   0.007   0.005  30  26  29  25  30  26  30  25  0.009 149.52645555337  -0.07751338959 L101-S367     
  17.998   1.108   1.347   0.608   0.004   0.007   0.005   0.005  40  33  33  26  40  33  40  26  0.006 149.59050993125  -0.15792767207 L101-S389     
  19.915  80.084   2.466  82.550   0.014  10.000   0.015  10.000   6   0   6   0  13   0  13   0  0.008 148.79950140317  -0.32234286149 L101-S630     
  18.644   1.190   1.497   0.654   0.007   0.013   0.009   0.009   8   7   8  17  17  12  17  24  0.003 148.88254056772  -0.19835250854 L101-S438     
  19.027  80.972   2.388  83.360   0.012  10.000   0.018  10.000   7   0   7   0  12   0  12   0  0.022 148.80419338942  -0.68297698127 L101-S632     
  19.577  80.422   1.959  82.381   0.013  10.000   0.018  10.000  10   0  10   0  12   0  12   0  0.012 149.29951682488  -0.69923883968 L101-S775     
  18.822   0.909   1.128   0.530   0.006   0.006   0.008   0.006  28  28  28  29  35  33  35  42 -0.000 149.08988764286  -0.15724235270 L101-S201     
  16.790   1.354   1.628   0.746   0.003   0.004   0.004   0.003  50  50  50  50  60  60  60  51  0.010 149.33799091180  -0.22504749245 L101-S262     
  17.167   1.177   1.383   0.607   0.002   0.004   0.003   0.003  46  46  46  46  55  55  55  57  0.005 149.28443615834  -0.19452465057 L101-S311     
  18.887   1.619   2.541   1.483   0.006   0.010   0.008   0.006  34  30  34  41  43  31  43  42  0.016 149.32215590477  -0.56954444117 L101-S413     
  18.691   1.170   1.451  82.759   0.006   0.016   0.009  10.000   7   7   7   0  20  14  15   0  0.008 149.11421772639  -0.65033607705 L101-S724     
   8.988   0.350 -91.011   0.000   0.004   0.006  10.000  14.142   5   5   0   0   5   5   0   0  0.000 149.01609667540  -0.04421834416 L101-484      
  18.260   1.494   2.056   1.064   0.004   0.009   0.005   0.006  24  22  24  19  42  30  37  30  0.016 149.00530642072  -0.35428067154 L101-S138     
  17.591   0.895   1.028   0.491   0.003   0.004   0.005   0.004  32  32  32  36  40  40  40  49 -0.000 149.10093724728  -0.16789557152 L101-S213     
  16.368   0.428   0.578   0.274   0.004   0.007   0.007   0.009  12  12  12  14  22  22  22  15  0.018 149.17611722946  -0.64645414776 L101-S409     
  18.301   0.779   0.915   0.430   0.009   0.012   0.010   0.007  37  28  30  23  43  28  38  23  0.025 149.50556372603  -0.45529331631 L101-S521     
  15.837   0.954   1.107   0.493   0.002   0.005   0.003   0.002  40  37  33  26  40  37  40  26  0.011 149.51799151699  -0.16887583004 L101-S361     
  15.469   0.702   0.838  85.368   0.002   0.007   0.004  10.000   7   7   7   0  25  18  18   0  0.013 148.90074237188  -0.53641946634 L101-S662     
  19.459   1.480   1.954   0.978   0.005   0.007   0.006   0.006  73  29  64  49  93  31  75  50  0.007 149.34063218435  -0.33983859963 L101-S38      
  17.654   0.674   0.800   0.382   0.003   0.005   0.005   0.005  22  22  22  23  40  33  33  33  0.006 149.04782589674  -0.54286724620 L101-S467     
  19.362   1.241   1.552   0.720   0.009   0.019   0.012   0.011   7   6   7  15  20   9  20  21  0.008 148.90087865194  -0.22779314465 L101-S106     
  17.720   0.545   0.697   0.355   0.003   0.004   0.005   0.004  48  47  44  44  69  57  57  54  0.010 149.21195998192  -0.33529577851 L101-S250     
  13.430   1.004   1.068   0.505   0.002   0.003   0.003   0.003  31  31  31  26  37  33  37  26  0.006 149.49961887995  -0.38840963893 L101-S349     
  19.366   0.808   1.018  81.651   0.010   0.017   0.013  10.000   6   6   6   0  22  14  15   0  0.014 148.92150265376  -0.26369576772 L101-S674     
  15.485   0.623   0.735  85.249   0.008   0.015   0.012  10.000   7   7   7   0  12  12  12   0  0.025 149.09715304375  -0.68920494768 L101-S720     
  17.788   1.258   1.513   0.661   0.004   0.007   0.006   0.005  30  25  29  25  30  25  30  25  0.007 149.47739079793  -0.06250259082 L101-S343     
  15.969   0.494   0.671   0.327   0.003   0.010   0.005   0.006   7   7   7  13  18  13  18  14  0.010 149.02185539802  -0.66244693226 L101-S465     
  14.082   0.579   0.703   0.356   0.001   0.003   0.002   0.002  37  37  37  29  42  42  42  29  0.006 149.47303298314  -0.26807602021 L101-S93      
  16.874   0.820   0.929   0.434   0.004   0.006   0.005   0.004  16  16  16  25  35  30  35  35  0.010 149.06491777897  -0.20904115359 L101-S172     
  13.228   0.809   0.895   0.423   0.002   0.004   0.004   0.004  29  29  29  29  36  36  36  42  0.014 149.08288350900  -0.13389951997 L101-S191     
  18.439   1.486   1.819   0.896   0.004   0.008   0.007   0.007  39  27  39  29  45  27  43  29  0.014 149.48183752696  -0.38145937814 L101-S272     
  16.845   1.539   2.057   1.088   0.004   0.004   0.004   0.004  24  24  24  24  31  31  31  37  0.008 149.11693193118  -0.13069730653 L101-S279     
  18.286   1.501   2.085   1.137   0.006   0.010   0.006   0.004  40  30  33  26  40  30  40  26  0.010 149.58511745930  -0.14269116296 L101-S387     
  17.933   0.415   0.596   0.296   0.004   0.006   0.006   0.006  37  33  30  23  38  33  38  23  0.005 149.55373626947  -0.49347163412 L101-S373     
  18.959   1.472   1.896   0.914   0.007   0.019   0.008   0.006  10  10  10  20  26  16  26  29  0.020 148.91237599055  -0.37519142257 L101-S112     
  19.234   1.074   1.372   0.616   0.008   0.010   0.013   0.012  11  11  11  17  19  18  19  23  0.017 149.05512279272  -0.19038018121 L101-S165     
  18.731   1.529   1.998   1.029   0.006   0.009   0.007   0.004  42  32  42  48  58  37  58  59  0.013 149.26242070893  -0.43561228646 L101-S493     
  13.673   0.526   0.655   0.334   0.002   0.003   0.003   0.003  10  10  10  22  27  27  27  29  0.004 149.03813235362  -0.23388323767 L101-410      
  17.408   1.625   2.493   1.478   0.003   0.007   0.005   0.004  30  26  29  25  32  28  32  25  0.012 149.41705983480  -0.06831528425 L101-S335     
  13.795   0.952   1.153   0.502   0.002   0.003   0.003   0.004  27  25  26  23  27  25  27  23  0.008 149.61998476982  -0.10969310231 L101-S535     
  19.412  80.587   1.831   0.899   0.010  10.000   0.011   0.009  15   0  15  14  28   0  28  21  0.012 149.23779236476  -0.22723634296 L101-S758     
  15.977   1.033   1.278   0.614   0.002   0.003   0.002   0.002  47  47  47  47  65  59  65  58  0.008 149.10584365527  -0.47408823119 L101-S217     
  19.363   0.462   0.689  81.325   0.011   0.022   0.016  10.000   8   8   8   0  13  12  13   0  0.016 148.80623551210  -0.61269474983 L101-S417     
  18.239   1.137   1.500   0.725   0.005   0.005   0.007   0.007  10  10  10  22  27  25  27  29  0.005 149.03826866150  -0.22507300006 L101-S155     
  17.534   0.689   0.923   0.460   0.011   0.015   0.013   0.009   6   6   6   6  11   9   9   9  0.013 149.08599847158  -0.00554439598 L101-S197     
  16.526   0.872   1.002   0.461   0.002   0.004   0.004   0.004  30  28  29  25  32  30  32  25  0.011 149.42913424174  -0.06638854239 L101-S337     
  16.451   1.067   1.207   0.531   0.004   0.007   0.006   0.006   9   9   9  10  16  16  16  19  0.011 149.06346439918  -0.14666606373 L101-S469     
  20.076   0.633   0.725   0.383   0.009   0.022   0.016   0.019  22  14  13  10  32  17  19  10 -0.002 149.35411396027  -0.47982106845 L101-S786     
