# V        B-V     V-I     R-I    Nnight--------  nobs----------  Vary? R.A.             D.E.C.         Name    
  17.249   0.926   1.101  83.851   0.006   0.010   0.009  10.000   6   6   6   0   9   9   8   0  0.015 294.29662605921   0.36451382531 L111-S453     
  17.569   1.079   1.251  83.681   0.007   0.016   0.010  10.000   6   6   6   0   8   8   8   0  0.017 294.17306860288   0.44062044462 L111-S377     
  15.918   1.022   1.136  85.217   0.004   0.009   0.006  10.000   6   6   6   0   9   9   8   0  0.014 294.46967174212   0.30359157483 L111-S572     
  14.233   1.078   1.234  87.000   0.005   0.006   0.006  10.000   6   6   6   0   9   9   8   0  0.006 294.25635257562   0.42328487608 L111-S195     
  16.016   0.999   1.147  85.130   0.004   0.007   0.006  10.000   6   6   6   0   9   9   8   0  0.016 294.60206670761   0.37122673353 L111-S658     
  16.798   1.196   1.293  84.494   0.005   0.008   0.007  10.000   6   6   6   0   9   9   8   0 -0.001 294.22109077772   0.33755832142 L111-S184     
  16.172   0.946   1.145  84.972   0.004   0.007   0.007  10.000   6   6   6   0   9   9   8   0  0.016 294.52160457770   0.40392307229 L111-S311     
  15.686   1.440   1.613  85.926   0.004   0.008   0.005  10.000   6   6   6   0   9   9   8   0  0.015 294.48085234960   0.67957230250 L111-S580     
  15.518   1.267   1.456   0.740   0.004   0.009   0.006   0.006  13  12  13  10  15  14  15  12  0.009 294.28751450777   0.23700546344 L111-S93      
  18.119   1.164   1.292  83.172   0.012   0.018   0.015  10.000   6   6   6   0   9   9   8   0  0.013 294.24289282163   0.36252854559 L111-S414     
  16.962   1.316   1.472  84.509   0.006   0.014   0.008  10.000   6   6   6   0   9   9   8   0  0.013 294.37374970913   0.55016641617 L111-S511     
  15.234   1.047   1.188  85.953   0.007   0.011   0.008  10.000   6   6   6   0   8   8   8   0  0.012 294.16765055656   0.38680016465 L111-S369     
  17.341   1.145   1.388  84.046   0.009   0.012   0.011  10.000   6   6   6   0   9   9   8   0  0.015 294.23332098325   0.50771857368 L111-S409     
  15.641   1.330   1.548   0.758   0.003   0.004   0.005   0.006  23  22  10   9  32  31  12  12  0.004 294.60020929178   0.53230431981 L111-S60      
  16.801   1.055   1.211  84.409   0.007   0.010   0.012  10.000   6   6   6   0   8   8   8   0  0.011 294.48963034948   0.20846814103 L111-S584     
  17.537   0.980   1.170  83.632   0.012   0.018   0.014  10.000   6   6   6   0   9   9   8   0  0.019 294.49867744446   0.27220167372 L111-S295     
  15.345   0.998   1.137  85.791   0.005   0.007   0.008  10.000   6   6   5   0   8   8   7   0 -0.003 294.26771253943   0.63603595575 L111-S438     
  15.918   0.939   1.101  85.182   0.004   0.008   0.007  10.000   6   6   6   0   9   9   8   0  0.007 294.45108860334   0.24782691850 L111-S559     
  14.536   1.418   1.539  87.002   0.004   0.005   0.005  10.000   6   6   6   0   9   9   8   0 -0.001 294.35701435407   0.27985521846 L111-S239     
  17.363   1.251   1.393  84.029   0.010   0.014   0.012  10.000   6   6   6   0   8   8   8   0  0.014 294.31879730225   0.66198287540 L111-S470     
  18.104  81.895   1.203  83.098   0.009  10.000   0.013  10.000   6   0   6   0   8   0   8   0  0.022 294.34592656295   0.62439831628 L111-S491     
  16.735   1.455   1.588  84.852   0.006   0.011   0.007  10.000   6   6   6   0   8   8   8   0  0.008 294.33544347286   0.62314261383 L111-S480     
  12.235   1.335   1.471  89.235   0.004   0.005   0.010  10.000   5   5   5   0   7   7   6   0  0.013 294.55958844821   0.58987653679 L111-S633     
  14.384   1.968   2.351  87.966   0.004   0.006   0.005  10.000   6   6   6   0   9   9   8   0  0.022 294.23343003591   0.30516870287 L111-S188     
  15.339   1.482   1.592  86.252   0.010   0.011   0.012  10.000   6   6   6   0   8   8   8   0  0.012 294.61844484806   0.23333048926 L111-S353     
  17.688   1.069   1.262  83.573   0.016   0.019   0.018  10.000   6   6   6   0   9   9   8   0  0.022 294.25998863578   0.42990717252 L111-S434     
  16.559   1.117   1.249  84.689   0.005   0.008   0.007  10.000   6   6   6   0   9   9   8   0  0.002 294.26711640954   0.26656922552 L111-S436     
  15.083   1.435   1.551  86.467   0.004   0.005   0.004  10.000   6   6   6   0   9   9   8   0  0.010 294.50115121727   0.36250996484 L111-S597     
  18.196   1.041   1.160   0.563   0.006   0.013   0.012   0.013  22  21  10   8  25  24  12  11  0.018 294.57070316474   0.52570165316 L111-S136     
  18.026   0.994   1.188  83.161   0.009   0.015   0.015  10.000   6   6   6   0   8   8   8   0  0.015 294.24637343089   0.62913205359 L111-S420     
  18.069  81.930   1.315  83.245   0.009  10.000   0.013  10.000   6   0   6   0   9   0   8   0  0.024 294.58663390477   0.58519318594 L111-S651     
  18.435  81.564   1.506  83.070   0.010  10.000   0.013  10.000   6   0   6   0   9   0   8   0  0.019 294.29666550954   0.24993198819 L111-S208     
  17.188   1.321   1.520  84.331   0.007   0.012   0.011  10.000   6   6   6   0   8   8   8   0  0.030 294.37012190819   0.19794339604 L111-S509     
  15.555   0.887   1.043   0.509   0.009   0.013   0.017   0.015  18  11  17  11  20  13  19  13  0.030 294.30869872967   0.19357110129 L111-S106     
  13.850   1.188   1.293  87.442   0.002   0.003   0.003  10.000   6   6   6   0   9   9   8   0  0.005 294.46122787793   0.55236243221 L111-S274     
  16.997   0.813   0.991  83.993   0.005   0.009   0.008  10.000   6   6   6   0   9   9   8   0  0.012 294.46669478416   0.54963323911 L111-S569     
  16.843   1.220   1.402  84.558   0.005   0.010   0.011  10.000   6   6   6   0   9   9   8   0  0.013 294.57931814988   0.44260628806 L111-S645     
  17.609   1.339   1.556  83.946   0.008   0.014   0.014  10.000   6   6   6   0   9   9   8   0  0.015 294.60998810132   0.43725978216 L111-S661     
  15.317   1.491   1.571   0.762   0.004   0.007   0.005   0.006  13  12  13   9  15  14  15  11  0.003 294.33317462603   0.22523083104 L111-S114     
  16.165   1.271   1.481  85.315   0.010   0.012   0.012  10.000   6   6   6   0   8   8   8   0  0.015 294.20287834803   0.20034373863 L111-S391     
  16.047   1.292   1.478  85.430   0.005   0.008   0.008  10.000   6   6   6   0   8   8   8   0 -0.003 294.25422039678   0.61615757306 L111-S428     
  14.779   1.500   1.654  86.874   0.003   0.006   0.006  10.000   6   6   6   0  10   9   8   0  0.010 294.46244691213   0.51349492815 L111-S565     
  14.168   1.602   1.776  87.607   0.003   0.004   0.004  10.000   8   6   8   0  11   9  10   0  0.023 294.29012376865   0.60635235310 L111-S202     
  14.404   1.095   1.261  86.856   0.004   0.005   0.005  10.000   6   6   6   0   9   9   8   0  0.015 294.30453764200   0.49395551893 L111-S210     
  18.268  81.731   1.240  82.971   0.015  10.000   0.017  10.000   6   0   6   0   8   0   8   0  0.024 294.21712042491   0.22483958986 L111-S399     
  15.219   0.977   1.150  85.930   0.006   0.008   0.006  10.000   6   6   6   0   8   8   8   0  0.007 294.35136939685   0.62258727603 L111-S497     
  15.479  84.520   1.389   0.689   0.009  10.000   0.013   0.012   7   0   7   7   7   0   7   7  0.039 294.26281725864   0.15079291973 L111-S84      
  18.204   1.046   1.198   0.577   0.006   0.011   0.010   0.011  20  18  10   8  25  22  12  11  0.004 294.59641520977   0.53096496900 L111-S149     
  14.419   0.241   0.352  85.932   0.003   0.004   0.005  10.000   6   6   6   0   8   8   8   0 -0.002 294.34249300957   0.66107158873 L111-S489     
  17.276   1.292   1.509  84.232   0.006   0.013   0.009  10.000   6   6   6   0   9   9   8   0  0.009 294.43092816671   0.36658055200 L111-S546     
  14.842   1.252   1.457  86.614   0.012   0.014   0.015  10.000   6   6   6   0   8   8   8   0  0.017 294.61457109451   0.22639613893 L111-S664     
  15.130   1.920 -84.869   0.000   0.005   0.011  10.000  14.142   5   5   0   0   9   9   0   0  0.011 294.65472785632   0.50288700846 L111-S697     
  18.003   0.965   1.173   0.580   0.005   0.011   0.013   0.014  13  13   8   7  16  16   9   9  0.015 294.55943239927   0.53894602617 L111-S329     
  15.774   1.369   1.500   0.759   0.005   0.007   0.011   0.018  18  11  17  11  20  13  19  13  0.026 294.29634799163   0.20649119006 L111-S96      
  13.918   0.943   1.092  87.173   0.002   0.003   0.004  10.000   6   6   6   0   9   9   8   0  0.001 294.48033061028   0.54113260110 L111-S285     
  17.749   1.133   1.301  83.551   0.008   0.015   0.015  10.000   6   6   6   0   9   9   8   0  0.016 294.38970004718   0.52606459088 L111-S517     
  16.077   1.219   1.401  85.323   0.006   0.008   0.010  10.000   7   6   7   0   9   8   9   0  0.011 294.23562243779   0.22611696561 L111-S190     
  14.658   1.332   1.449  86.790   0.003   0.005   0.005  10.000   6   6   6   0   8   8   8   0 -0.001 294.20472556750   0.37641499201 L111-S393     
  16.322   0.951   1.115   0.565   0.012   0.019   0.013   0.014  12   8  10   7  14  10  12   9  0.027 294.28583865563   0.19525520219 L111-S443     
  13.492   0.856   1.017  87.524   0.003   0.004   0.004  10.000   6   6   6   0   8   8   8   0  0.010 294.29989496469   0.69656469981 L111-S457     
  16.202   0.964   1.146  84.943   0.005   0.007   0.007  10.000   6   6   6   0   9   9   8   0  0.007 294.45847574870   0.60372383065 L111-S563     
  12.434   0.915   1.113   0.561   0.002   0.003   0.002   0.006  14  14   7   7  19  19   9   9  0.003 294.64436407089   0.50996009191 L111-S355     
  13.700   1.577   1.675  87.974   0.003   0.005   0.007  10.000   6   6   6   0   9   9   8   0  0.040 294.61829885642   0.28525262290 L111-S666     
  18.419   1.016   1.189   0.584   0.007   0.013   0.011   0.012  21  17  10   8  25  20  12  11  0.009 294.57708353202   0.53029457198 L111-S140     
  15.503   0.837   1.037  85.533   0.006   0.007   0.007  10.000   7   7   6   0  10  10   8   0  0.015 294.51912037929   0.47680196232 L111-S307     
  18.543  81.456   1.389   0.663   0.013  10.000   0.015   0.017  17   0   8   6  22   0  10   9  0.032 294.62371463776   0.49991209772 L111-S173     
  16.377   0.928   1.096  84.718   0.005   0.011   0.008  10.000   6   6   6   0   9   9   8   0  0.013 294.31830883821   0.28906838735 L111-S217     
  12.714   1.325   1.515  88.800   0.004   0.005   0.005  10.000   6   6   6   0   9   9   8   0  0.009 294.44205993017   0.63839109951 L111-S265     
  15.294   1.235   1.405  86.110   0.003   0.004   0.005  10.000   6   6   6   0   9   9   8   0  0.003 294.47824533780   0.55290511423 L111-S578     
  16.686   1.259   1.418   0.671   0.005   0.008   0.008   0.009  25  23  10   9  30  27  12  12  0.009 294.57399033705   0.49080578857 L111-S44      
  17.100   0.938   1.111   0.556   0.004   0.010   0.007   0.009  26  23   9   8  31  26  10  10  0.013 294.56659052769   0.51374730110 L111-S40      
  18.095   1.102   1.283   0.622   0.006   0.012   0.015   0.016  18  16   8   8  23  19  10  10  0.016 294.61779104869   0.48852755441 L111-S163     
  16.208   1.670   2.128  85.919   0.007   0.010   0.008  10.000   6   6   6   0   9   9   8   0  0.007 294.38308125337   0.58479704075 L111-S250     
  13.172   1.766   2.047  88.874   0.004   0.009   0.005  10.000   6   6   6   0   9   9   8   0  0.015 294.57395285765   0.64897340457 L111-S335     
  19.189   0.991   1.168   0.598   0.009   0.020   0.018   0.021  17  12  10   8  19  12  10  10  0.016 294.61363580227   0.51593733894 L111-S161     
  16.782   0.515   0.608  83.825   0.008   0.010   0.011  10.000   6   6   6   0   8   8   8   0  0.013 294.19848442078   0.43806852447 L111-S389     
  17.876   1.307 -82.123   0.000   0.010   0.016  10.000  14.142  11   7   0   0  16  12   0   0  0.028 294.42536273003   0.42617610508 L111-S259     
  15.300   1.367   1.514  86.213   0.004   0.006   0.006  10.000   6   6   6   0   9   9   8   0  0.005 294.46311271985   0.29292104721 L111-S567     
  17.728   1.161   1.304  83.575   0.007   0.013   0.010  10.000   6   6   6   0   9   9   8   0 -0.002 294.48241936366   0.29746983952 L111-S582     
  16.333   0.867   1.059  84.725   0.006   0.008   0.012  10.000   6   6   6   0   8   8   7   0  0.010 294.56822725932   0.67294434071 L111-S638     
  17.465   1.221   1.424   0.701   0.004   0.010   0.007   0.008  28  25  10   9  33  29  12  12  0.013 294.61114302476   0.49885965347 L111-S64      
  14.976   1.449   1.630  86.653   0.005   0.007   0.007  10.000   6   6   6   0   8   8   8   0 -0.002 294.24840321541   0.65652734227 L111-S422     
  13.077   0.784   0.925  87.847   0.003   0.004   0.004  10.000   6   6   6   0   8   8   8   0  0.006 294.39837044080   0.57356602457 L111-S525     
  14.417   1.328   1.404  86.986   0.003   0.005   0.006  10.000   8   6   8   0  12   9  11   0  0.005 294.49157503446   0.44910530620 L111-S586     
  15.957   1.085   1.310  85.352   0.004   0.013   0.006  10.000   6   6   6   0   9   9   8   0  0.015 294.39115648270   0.31907656166 L111-S252     
  16.492   0.979   1.225  84.732   0.004   0.007   0.006  10.000   9   9   9   0  12  12  11   0  0.002 294.61488124530   0.46811266515 L111-S351     
  16.286   1.020   1.162  84.875   0.005   0.011   0.007  10.000   6   6   6   0   9   9   8   0  0.018 294.50253771096   0.30295913431 L111-S599     
  13.756   1.442   1.580  87.823   0.003   0.004   0.004  10.000   6   6   6   0   9   9   8   0  0.028 294.29551308155   0.53753836579 L111-S206     
  14.518   1.720   1.882  87.363   0.003   0.006   0.005  10.000   6   6   6   0   9   9   8   0  0.007 294.54129231771   0.24780068503 L111-S323     
  17.033   1.062   1.278  84.244   0.006   0.010   0.010  10.000   6   6   6   0   9   9   8   0  0.018 294.30577131907   0.50780080795 L111-S463     
  16.561   0.994   1.187  84.625   0.007   0.013   0.011  10.000   6   6   6   0   9   9   8   0  0.015 294.58330646356   0.24420504994 L111-S649     
  15.078  84.921   1.081  86.002   0.018  10.000   0.025  10.000   7   0   7   0   7   0   7   0  0.026 294.36395429770   0.16519141515 L111-S126     
  13.914   0.892   1.038  87.123   0.004   0.005   0.004  10.000   6   6   6   0   9   9   8   0  0.002 294.57976681391   0.59372027821 L111-S339     
  15.539   0.859   1.054  85.514   0.005   0.007   0.006  10.000   6   6   6   0   9   9   8   0  0.017 294.59092109998   0.65748549143 L111-S343     
  11.422   1.710   1.833   0.879   0.002   0.003   0.003   0.002  48  48  16  16  48  48  16  16  0.000 294.42320793470   0.44755471336 L111-1965     
  18.004   1.244   1.441   0.691   0.006   0.011   0.009   0.010  19  14  10   7  21  17  12  10  0.003 294.56880544027   0.49156589031 L111-S134     
  14.770   0.710   0.871  86.100   0.003   0.004   0.004  10.000   7   7   6   0  13  13   8   0 -0.000 294.52826210260   0.51744571408 L111-S611     
  18.069   0.953   1.171  83.101   0.010   0.018   0.015  10.000   6   6   6   0   9   9   8   0  0.015 294.53942250411   0.31577733570 L111-S619     
  13.959   0.754   0.868  86.908   0.004   0.005   0.005  10.000   6   6   6   0   9   9   8   0  0.012 294.54258811474   0.38116197374 L111-S623     
  16.570   0.985   1.177  84.606   0.005   0.009   0.007  10.000   6   6   6   0   8   8   8   0  0.006 294.18782798449   0.36721617093 L111-S385     
  15.999   1.656   1.800  85.800   0.004   0.007   0.006  10.000   6   6   6   0   8   8   8   0  0.010 294.19398070971   0.26786109090 L111-S387     
  14.670   0.847   1.036  86.365   0.019   0.027   0.021  10.000  12  10  11   0  12  10  11   0  0.040 294.32288778623   0.17846490436 L111-S76      
  14.034   1.273   1.438   0.717   0.007   0.013   0.014   0.018  11  11  10   8  13  13  12  10  0.028 294.26756546895   0.20121571289 L111-S86      
  18.161   1.290   1.524   0.735   0.006   0.012   0.008   0.011  22  17  10   8  27  19  12  11  0.009 294.60287469228   0.52205176936 L111-S153     
  18.103   0.981   1.156   0.572   0.005   0.010   0.009   0.011  20  16   9   7  25  20  11  10  0.002 294.60714983145   0.48873643663 L111-S157     
  17.417   1.512   1.761  84.343   0.011   0.016   0.013  10.000   6   6   6   0   9   9   8   0  0.014 294.32575301329   0.48468115224 L111-S219     
  15.019   0.968   1.095  86.075   0.004   0.005   0.005  10.000   6   6   6   0   9   9   8   0  0.002 294.34082114697   0.27767866982 L111-S227     
  14.679   1.012   1.137  86.457   0.004   0.005   0.005  10.000   6   6   6   0   9   9   8   0  0.002 294.51988949776   0.44826501952 L111-S309     
  15.023   1.301   1.487  86.463   0.004   0.007   0.005  10.000   6   6   6   0   9   9   8   0  0.010 294.57554559708   0.59864953253 L111-S643     
  16.650   1.235   1.384  84.733   0.007   0.013   0.010  10.000   6   6   6   0   9   9   8   0  0.018 294.26338232557   0.47845607016 L111-S199     
  14.011   1.514   1.650  87.638   0.004   0.007   0.007  10.000   6   6   6   0   8   8   8   0  0.005 294.18172912598   0.47283758693 L111-S381     
  16.397   1.027   1.229  84.831   0.005   0.008   0.007  10.000   6   6   6   0   8   8   8   0  0.008 294.56859521866   0.61017050319 L111-S640     
  16.781   1.097   1.264   0.610   0.004   0.006   0.006   0.007  27  27  10   9  34  34  12  12 -0.001 294.59526189963   0.50020142752 L111-S55      
  17.412   1.029   1.255  83.842   0.007   0.012   0.012  10.000   6   6   6   0   9   9   8   0  0.009 294.34204056263   0.46089333004 L111-S229     
  17.470   1.068   1.224  83.753   0.007   0.012   0.010  10.000   6   6   6   0   9   9   8   0  0.010 294.29597895145   0.43768457943 L111-S451     
  13.904   1.022   1.164  87.259   0.004   0.005   0.005  10.000   6   6   6   0   9   9   8   0  0.003 294.37537120978   0.28007202890 L111-S243     
  14.173   0.929   1.089  86.915   0.003   0.004   0.004  10.000   6   6   6   0   9   9   8   0  0.013 294.29287207921   0.57778688431 L111-S204     
  15.449   1.039   1.184  85.734   0.004   0.007   0.006  10.000   6   6   6   0   9   9   8   0  0.011 294.51672579447   0.28572733879 L111-S305     
  16.230   1.282   1.481  85.250   0.004   0.007   0.006  10.000   6   6   6   0   9   9   8   0  0.011 294.53101373116   0.36113880899 L111-S317     
  18.169   1.060   1.243  83.073   0.012   0.018   0.016  10.000   5   5   5   0   7   7   6   0  0.007 294.56007202466   0.62548177560 L111-S635     
  16.448   0.858   1.071   0.544   0.004   0.006   0.006   0.008  28  27  10   9  35  35  12  12  0.006 294.57646983465   0.50209350414 L111-S46      
   9.160   0.281 -90.839 -91.093   0.009   0.012  10.000  10.000   8   8   0   0   8   8   0   0  0.046 294.25320716326   0.13793442885 L111-S82      
  15.157   1.287   1.503   0.737   0.002   0.004   0.006   0.007  23  20  10   9  32  27  12  12  0.006 294.60887775421   0.53376187752 L111-S62      
  17.255   1.069   1.245  83.989   0.011   0.018   0.013  10.000   6   6   6   0   8   8   8   0  0.019 294.15014627775   0.30148710608 L111-S359     
  17.658   1.414   1.568   0.756   0.005   0.009   0.007   0.008  27  22  10   9  33  26  12  12 -0.001 294.58547096252   0.52405050861 L111-S144     
  16.518   1.464   1.594  85.075   0.005   0.010   0.007  10.000   6   6   6   0   9   9   8   0  0.020 294.22824591001   0.50348149220 L111-S186     
  16.192   0.885   1.079  84.886   0.005   0.007   0.007  10.000   6   6   6   0   8   8   8   0 -0.002 294.35023898284   0.70335529010 L111-S495     
  15.851   1.247   1.458  85.606   0.005   0.008   0.007  10.000   6   6   6   0   8   8   8   0  0.007 294.40272528330   0.21795606004 L111-S529     
  17.986   1.002   1.161   0.584   0.007   0.012   0.009   0.010  22  19  10   8  27  23  12  11  0.014 294.59270745913   0.49259927432 L111-S147     
  17.844  82.155   1.529  83.684   0.009  10.000   0.012  10.000   6   0   6   0   9   0   8   0  0.030 294.22163977623   0.33331445694 L111-S401     
  15.639   1.013   1.167  85.527   0.004   0.006   0.008  10.000   6   6   6   0   9   9   8   0  0.008 294.28818527460   0.39931836022 L111-S445     
  16.699   1.055   1.248  84.548   0.005   0.008   0.007  10.000   6   6   6   0   9   9   8   0  0.004 294.29050166607   0.54148992697 L111-S447     
  18.860   1.118   1.330   0.644   0.011   0.021   0.014   0.015  16  10   8   6  18  10   8   8  0.008 294.62307443619   0.51330236753 L111-S171     
  17.320   1.053   1.268  83.947   0.007   0.012   0.011  10.000   6   6   6   0   9   9   8   0  0.010 294.34056572119   0.26268561787 L111-S487     
  17.223   0.838   1.036  83.812   0.007   0.011   0.010  10.000   6   6   6   0   8   8   8   0 -0.003 294.38487992287   0.65836954541 L111-S515     
  15.915   1.153   1.298  85.382   0.007   0.009   0.008  10.000   6   6   6   0   9   9   8   0  0.009 294.33826258977   0.32484195391 L111-S225     
  10.598   0.900 -89.401   0.000   0.004   0.007  10.000  14.142  10  10   0   0  10  10   0   0  0.000 294.47604339918   0.44131514019 L111-2009     
  13.855  86.144   3.242  89.386   0.019  10.000   0.021  10.000   6   0   6   0   8   0   8   0  0.024 294.26975053946   0.64229461034 L111-S36      
  15.668   1.040   1.163   0.604   0.005   0.010   0.006   0.007  13  12  13   9  15  14  15  11  0.011 294.31803675493   0.22673842430 L111-S110     
  15.964   1.405   1.595  85.630   0.004   0.007   0.006  10.000   6   6   6   0   9   9   8   0  0.010 294.52257677913   0.39990306218 L111-S313     
   8.528   0.422 -91.471   0.000   0.005   0.006  10.000  14.142   7   7   0   0   7   7   0   0 -0.009 294.22842294375   0.12560617871 L111-717      
  17.565   0.834   1.029  83.463   0.006   0.011   0.010  10.000   6   6   6   0  10  10   8   0  0.009 294.50107185207   0.51913464944 L111-S297     
  13.499   0.852   0.978  87.478   0.003   0.005   0.004  10.000   6   6   6   0   9   9   8   0  0.012 294.51080378393   0.43352429483 L111-S303     
  15.262   0.982   1.118  85.855   0.007   0.013   0.015  10.000   7   7   6   0  10  10   8   0  0.044 294.44249342283   0.37564137777 L111-S557     
  13.760   1.527   1.671  87.910   0.004   0.005   0.005  10.000   6   6   6   0   9   9   8   0 -0.001 294.32975786527   0.42666151894 L111-S478     
  14.368   1.351   1.502  87.133   0.004   0.007   0.005  10.000   6   6   6   0   9   9   8   0  0.011 294.51223132511   0.25442794932 L111-S603     
  12.565   0.835   0.984  88.418   0.005   0.006   0.006  10.000   6   6   6   0   9   9   8   0  0.004 294.37749857903   0.60346643925 L111-S246     
  13.003   1.451   1.564  88.560   0.003   0.004   0.003  10.000   6   6   6   0   9   9   8   0  0.011 294.52365148266   0.41969609631 L111-S315     
  13.906   0.841   1.017  87.110   0.003   0.014   0.004  10.000   6   6   6   0   9   9   8   0  0.028 294.58561240832   0.33665239758 L111-S341     
  16.975   1.146   1.290  84.314   0.006   0.010   0.009  10.000   6   6   6   0   9   9   8   0  0.007 294.60770758788   0.36786522402 L111-S349     
  16.803   1.360   1.463   0.655   0.011   0.018   0.012   0.012  20  19   8   8  26  23   9   9  0.035 294.55994161765   0.52646686024 L111-S38      
  16.994   1.029   1.257  84.262   0.009   0.017   0.011  10.000   6   6   6   0   9   9   8   0  0.019 294.35075383981   0.36023791101 L111-S235     
  16.422   1.402   1.515  85.092   0.006   0.011   0.007  10.000   6   6   6   0   9   9   8   0  0.010 294.35966252486   0.30415606843 L111-S241     
  17.589   1.238   1.428  83.838   0.008   0.018   0.011  10.000   6   6   6   0   9   9   8   0  0.023 294.50053341954   0.70264766640 L111-S595     
  15.757   1.089   1.237  85.479   0.005   0.007   0.007  10.000   6   6   6   0   8   8   8   0 -0.001 294.39977955818   0.26943771389 L111-S254     
  16.462   0.985   1.175  84.712   0.005   0.008   0.009  10.000   6   6   6   0   9   9   8   0  0.016 294.20873476664   0.51561670197 L111-S395     
  17.825   1.197   1.367  83.541   0.008   0.014   0.011  10.000   6   6   6   0   9   9   8   0 -0.002 294.33668611050   0.42670161141 L111-S483     
  16.369   1.080   1.248  84.878   0.005   0.007   0.007  10.000   6   6   6   0   9   9   8   0  0.014 294.40338379542   0.55979577065 L111-S531     
  15.682   1.099   1.234   0.597   0.003   0.004   0.005   0.007  28  27  10   9  35  33  12  12  0.006 294.61771895091   0.50335253053 L111-S70      
  14.455   1.683   1.862  87.406   0.003   0.006   0.005  10.000   6   6   6   0   8   8   8   0  0.011 294.18359793027   0.30729316870 L111-S383     
  17.557   1.477   1.635  84.077   0.007   0.018   0.015  10.000   6   6   6   0   9   9   8   0  0.023 294.30205512047   0.30352230310 L111-S459     
  16.408   1.050   1.216  84.807   0.005   0.013   0.009  10.000   6   6   6   0   9   9   8   0  0.019 294.24687697093   0.49095230738 L111-S193     
  16.865   0.972   1.151  84.285   0.006   0.009   0.009  10.000   6   6   6   0   9   9   8   0  0.016 294.53946417570   0.36119647450 L111-S321     
  14.010   1.628   1.666  87.655   0.004   0.006   0.005  10.000   6   6   6   0   8   8   8   0  0.003 294.16646614075   0.24148647573 L111-S367     
  16.681  83.318   1.466  84.784   0.006  10.000   0.008  10.000   5   0   5   0   7   0   6   0  0.007 294.42464782397   0.58310665978 L111-S542     
  16.909   1.409   1.593  84.683   0.006   0.010   0.008  10.000   6   6   6   0   8   8   8   0 -0.002 294.42665810585   0.34532805019 L111-S544     
  13.808   1.573   1.620   0.774   0.004   0.005   0.005   0.006  11  11  11   8  13  13  13  10 -0.001 294.36192698479   0.22717360708 L111-S124     
  17.630   1.032   1.245   0.640   0.011   0.014   0.013   0.012  18  14   7   6  23  18   8   8  0.018 294.62677725156   0.48998647690 L111-S178     
  14.202   1.063   1.254  87.051   0.004   0.007   0.006  10.000   6   6   6   0   9   9   8   0  0.010 294.26239526669   0.44658664809 L111-S197     
  16.814   1.107   1.263  84.448   0.007   0.010   0.009  10.000   6   6   6   0   9   9   8   0  0.009 294.35723268986   0.34726214515 L111-S499     
  15.970   1.116   1.284  85.313   0.005   0.008   0.008  10.000   6   6   6   0   8   8   7   0  0.009 294.56719493071   0.24205282052 L111-S331     
  17.838   1.092   1.327  83.488   0.008   0.013   0.015  10.000   6   6   6   0   9   9   8   0  0.015 294.54515908162   0.25392924203 L111-S629     
  13.932  86.067   1.501   0.725   0.012  10.000   0.020   0.019   7   0   7   7   7   0   7   7  0.020 294.32981944879   0.14590500090 L111-S112     
  16.846   1.388   1.525   0.721   0.004   0.007   0.007   0.008  28  26  10   9  35  30  12  12 -0.001 294.61573032538   0.51572728369 L111-S68      
  17.805  82.194   2.343  84.537   0.011  10.000   0.012  10.000   6   0   6   0   9   0   8   0  0.023 294.50206584993   0.47183659607 L111-S299     
  16.016   1.040   1.268  85.251   0.004   0.007   0.007  10.000   6   6   6   0   9   9   8   0  0.011 294.54866210620   0.37904744148 L111-S327     
  17.795   0.953   1.140  83.344   0.007   0.015   0.011  10.000   6   6   6   0   9   9   8   0  0.011 294.53683200677   0.59082277086 L111-S617     
  12.894   1.946   2.486   1.280   0.006   0.006   0.007   0.010  11  11   9   8  14  14  11  11  0.010 294.29830813805   0.24077702204 L111-S98      
  14.130   1.371   1.551  87.420   0.003   0.004   0.004  10.000   6   6   6   0   9   9   8   0  0.006 294.34508017699   0.58241859860 L111-S231     
  16.157   0.871   1.085  84.927   0.006   0.009   0.007  10.000   6   6   6   0   9   9   8   0  0.007 294.32170423667   0.58430852969 L111-S473     
  15.257   1.566   1.735  86.477   0.014   0.023   0.019  10.000   7   6   7   0   7   6   7   0  0.024 294.30107195775   0.14884075483 L111-S100     
  15.451   1.493   1.656  86.204   0.004   0.008   0.006  10.000   6   6   6   0   8   8   8   0  0.008 294.17963164647   0.29095226659 L111-S379     
  15.206   1.006   1.172  85.965   0.004   0.005   0.006  10.000   6   6   6   0   9   9   8   0 -0.002 294.40790586472   0.65143967430 L111-S535     
  19.031   0.985   1.157   0.576   0.008   0.018   0.012   0.015  16  12  10   7  17  12  10  10  0.006 294.56821697553   0.51353088061 L111-S132     
  13.331   0.912   1.054  87.722   0.004   0.005   0.005  10.000   6   6   6   0   9   9   8   0  0.007 294.31251935561   0.28685747438 L111-S214     
  16.772   1.166   1.301  84.528   0.008   0.011   0.010  10.000   6   6   6   0   8   8   8   0  0.017 294.17148133914   0.40788022306 L111-S373     
  18.615  81.384   1.783  83.167   0.010  10.000   0.015  10.000   7   0   6   0  10   0   8   0  0.016 294.36032607555   0.41127271334 L111-S502     
  18.523   1.203   1.445  82.921   0.010   0.019   0.014  10.000   6   6   6   0   9   8   8   0 -0.001 294.29806576967   0.29338085916 L111-S455     
  18.625  81.374   1.352  82.726   0.014  10.000   0.018  10.000   6   0   6   0   9   0   8   0  0.017 294.50731391311   0.64260677020 L111-S601     
  16.670   0.970   1.200   0.599   0.004   0.006   0.006   0.007  28  27  10   9  35  34  12  12  0.001 294.61510093212   0.49813871913 L111-S66      
  14.356   0.959   1.147  86.790   0.004   0.006   0.005  10.000   6   6   6   0   9   9   8   0  0.007 294.30868244966   0.28030325678 L111-S212     
  13.189   0.630   0.764  87.574   0.005   0.006   0.006  10.000   6   6   6   0   8   8   8   0  0.009 294.39739588102   0.19659743097 L111-S522     
  14.419   1.684   1.843  87.423   0.005   0.006   0.005  10.000   6   6   6   0   9   9   8   0  0.005 294.47834262848   0.29212903129 L111-S283     
  18.486   1.019   1.176   0.586   0.006   0.014   0.011   0.012  20  18  10   8  24  20  11  11  0.010 294.57791550159   0.52962094413 L111-S142     
  14.745   2.023   2.443  87.697   0.006   0.008   0.006  10.000   5   5   5   0   7   7   6   0  0.005 294.41646965345   0.30342109336 L111-S538     
  15.855   0.983   1.104  85.248   0.004   0.006   0.006  10.000   6   6   6   0   9   9   8   0 -0.001 294.49840674400   0.46229413244 L111-S593     
  15.861   1.028   1.152  85.290   0.004   0.006   0.007  10.000   6   6   6   0   9   9   8   0  0.006 294.51848543088   0.24120594872 L111-S609     
  18.342   1.014   1.203  82.860   0.006   0.013   0.010  10.000   7   7   7   0  10  10  10   0  0.003 294.54322911898   0.46736191041 L111-S625     
  14.116   1.444   1.585  87.468   0.003   0.005   0.005  10.000   6   6   6   0   9   9   8   0  0.014 294.22753812472   0.38259922769 L111-S405     
  17.745   0.900   1.055  83.309   0.005   0.011   0.008  10.000  11  11   9   0  15  15  11   0  0.011 294.54015134573   0.52653720008 L111-S621     
  15.229   1.381   1.543  86.313   0.003   0.008   0.004  10.000  12  12   9   0  15  15  11   0  0.013 294.54737618367   0.48320350117 L111-S631     
  17.052   1.283   1.468   0.693   0.004   0.008   0.006   0.009  14  13   7   7  19  16   9   9  0.007 294.63993639946   0.53657294432 L111-S679     
  15.943   1.005   1.117   0.576   0.005   0.007   0.007   0.008  15  12  14   9  17  14  16  11 -0.001 294.31332262357   0.22065114392 L111-S108     
  17.817   1.088   1.204   0.590   0.005   0.009   0.008   0.010  25  23  10   8  28  26  12  11  0.003 294.57270634969   0.52762355487 L111-S138     
  14.804   0.916   1.074  86.269   0.003   0.005   0.004  10.000   6   6   6   0   9   9   8   0  0.005 294.34676614602   0.59893333647 L111-S233     
  15.724   1.431 -84.275   0.000   0.004   0.007  10.000  14.142   5   5   0   0   8   8   0   0  0.034 294.24363443057   0.44630507999 L111-S417     
   8.964   0.206   0.263   0.143   0.002   0.002   0.002   0.002  85  83  77  76  85  83  77  76  0.050 294.31601801713   0.18292759471 L111-773      
  12.389   0.395   0.475   0.253   0.002   0.003   0.003   0.003  52  52  26  26  52  52  26  26  0.000 294.36939014594   0.41751307037 L111-1925     
  18.742   0.999   1.166   0.580   0.007   0.014   0.011   0.014  19  16  10   8  24  16  10  10  0.008 294.59541873137   0.52925638411 L111-S148     
  16.271   1.127   1.366   0.674   0.004   0.006   0.007   0.008  14  14   7   5  18  18   8   7  0.003 294.55427099466   0.50548725764 L111-S37      
  16.844   0.983   1.154   0.563   0.005   0.007   0.009   0.010  18  16   5   5  24  21   7   7  0.008 294.56039539973   0.52001102421 L111-S39      
  10.389   1.952   2.407   1.223   0.002   0.002   0.002   0.002  72  72  58  58  72  72  58  58  0.000 294.43042120934   0.43022860739 L111-1969     
  12.552   0.641   0.782   0.398   0.002   0.003   0.003   0.004  50  49  18  17  59  58  20  20  0.011 294.59783008099   0.52381938987 L111-2093     
  15.972   1.646   1.833  85.860   0.005   0.009   0.006  10.000   6   6   6   0   8   8   8   0  0.005 294.29594095548   0.63343328451 L111-S207     
  17.826   1.087   1.228  83.401   0.008   0.014   0.011  10.000   8   6   7   0  10   8   9   0 -0.002 294.32416575750   0.21773267388 L111-S474     
  18.099   1.301   1.523  83.423   0.013   0.019   0.017  10.000   7   6   6   0  10   9   8   0  0.020 294.36043306192   0.49218297111 L111-S503     
  12.399   1.363   1.437   0.694   0.002   0.003   0.003   0.003  17  17  14   8  23  23  16   8  0.003 294.51915032665   0.53691054953 L111-2039     
  16.777   1.023   1.184   0.578   0.004   0.006   0.006   0.008  28  27  10   9  34  33  12  12  0.008 294.57115628719   0.52799219767 L111-S41      
  17.325   0.951   1.139   0.568   0.004   0.008   0.007   0.009  26  26  10   9  31  31  12  12  0.008 294.57641557058   0.52309153875 L111-S45      
  15.945   1.544   1.732  85.786   0.006   0.008   0.007  10.000   6   6   6   0   8   8   8   0  0.005 294.31441071033   0.68412361291 L111-S467     
  15.896   1.410   1.600  85.703   0.004   0.009   0.007  10.000   8   8   6   0  11  11   8   0  0.013 294.36702483495   0.47773609267 L111-S506     
  18.381   1.035   1.268  82.886   0.010   0.018   0.014  10.000   6   6   6   0   9   8   8   0 -0.004 294.40294273694   0.66036243121 L111-S530     
  18.016   1.259   1.421   0.705   0.006   0.020   0.010   0.015  20  16   8   6  25  19  10   9  0.032 294.62144668897   0.49694105360 L111-S168     
  16.065   1.641 -83.934   0.000   0.005   0.020  10.000  14.142   5   5   0   0   8   8   0   0  0.024 294.57804134687   0.33029560301 L111-S338     
  14.584  85.415   1.219  86.634   0.003  10.000   0.005  10.000   5   0   5   0   8   0   8   0  0.003 294.23659791946   0.44267545806 L111-S191     
  17.810   1.155   1.275  83.464   0.007   0.013   0.013  10.000   7   7   6   0  10  10   8   0  0.012 294.52443069617   0.48693327957 L111-S610     
  17.658   1.323   1.470  83.811   0.008   0.016   0.010  10.000   6   6   6   0   9   9   8   0  0.009 294.40661350886   0.27162329250 L111-S534     
  17.464   1.245   1.466  84.001   0.007   0.014   0.010  10.000   7   7   6   0  11  10   8   0  0.010 294.58673574924   0.58100235515 L111-S652     
  15.281   0.988   1.186  85.904   0.005   0.007   0.009  10.000   6   6   6   0   8   8   8   0  0.010 294.46434359550   0.21410715845 L111-S568     
  18.333  81.666   1.542  83.208   0.010  10.000   0.015  10.000   6   0   6   0   9   0   8   0  0.024 294.58221775691   0.29400445620 L111-S648     
  13.641   0.760   0.953  87.311   0.004   0.005   0.004  10.000   6   6   6   0   9   9   8   0 -0.001 294.59846348763   0.58858400557 L111-S655     
  17.857   1.172   1.314   0.632   0.007   0.012   0.010   0.010  19  17   7   6  24  21   9   9  0.005 294.62929767768   0.51112858772 L111-S179     
  17.182   1.301   1.610   0.780   0.005   0.008   0.007   0.008  26  25  10   9  30  28  12  12  0.006 294.57324067752   0.49515940984 L111-S43      
  15.823   0.907   1.117  85.293   0.004   0.007   0.006  10.000   6   6   6   0   8   8   8   0  0.005 294.20344367027   0.44036895169 L111-S392     
  16.966   1.601   1.926  84.959   0.009   0.013   0.011  10.000   6   6   6   0   9   9   8   0  0.032 294.24914021492   0.43211302121 L111-S423     
  16.445  83.554   1.187  84.741   0.009  10.000   0.013  10.000   6   0   6   0   6   0   6   0  0.029 294.29696953694   0.14163236989 L111-S454     
  17.230   1.067   1.197  83.966   0.008   0.014   0.010  10.000   6   6   6   0   9   9   8   0  0.014 294.49082600276   0.27583895471 L111-S585     
  14.307   1.031   1.237  86.929   0.004   0.008   0.009  10.000   6   6   5   0   8   8   6   0  0.010 294.41726918221   0.25591192881 L111-S539     
  14.500   0.949   1.106  86.605   0.005   0.007   0.006  10.000   6   6   6   0   8   8   8   0  0.007 294.39440577825   0.22188491715 L111-S521     
  15.548   1.365   1.546  85.997   0.004   0.006   0.007  10.000   6   6   6   0   9   9   8   0  0.006 294.49180246989   0.24080867608 L111-S588     
  16.273  83.726   1.057   0.542   0.015  10.000   0.019   0.017   6   0   6   6   6   0   6   6  0.011 294.34258350531   0.15907179197 L111-S490     
  14.260   0.907   1.107  86.846   0.004   0.005   0.005  10.000   6   6   6   0   9   9   8   0 -0.001 294.60116610527   0.60728863186 L111-S657     
  15.501   1.044   1.177  85.675   0.004   0.009   0.007  10.000   6   6   6   0   8   8   8   0  0.009 294.17218634288   0.24577052434 L111-S376     
  15.372   0.965   1.161  85.788   0.004   0.005   0.006  10.000   6   6   6   0   9   9   8   0  0.009 294.31806050142   0.55033432388 L111-S216     
  19.249   0.870   1.116   0.556   0.017   0.026   0.025   0.023  18  13  10   8  19  13  10  10  0.032 294.62021358808   0.50672940201 L111-S166     
  15.997   1.378   1.588  85.590   0.004   0.006   0.005  10.000   6   6   6   0   9   9   8   0  0.006 294.43988672892   0.62966054704 L111-S554     
  17.842   1.012   1.179  83.336   0.008   0.014   0.012  10.000   6   6   6   0   8   8   8   0  0.007 294.39743499756   0.64136962679 L111-S523     
  14.763   1.165   1.355  86.591   0.003   0.004   0.005  10.000   6   6   6   0   9   9   8   0  0.007 294.33400908311   0.58118205706 L111-S222     
  15.404   1.362   1.521   0.736   0.003   0.005   0.004   0.005  27  27  10   9  34  34  12  12  0.003 294.58097303708   0.50073368920 L111-S47      
  18.208   1.273   1.476   0.705   0.011   0.017   0.014   0.013  21  16  10   8  26  19  12  11  0.020 294.61710743109   0.52924277941 L111-S162     
  16.875   0.921   1.139  84.263   0.007   0.013   0.011  10.000   6   6   6   0   8   8   8   0  0.014 294.30254298449   0.62237398571 L111-S460     
  15.167   0.842   1.041   0.517   0.005   0.008   0.006   0.006  12  12   7   7  16  16   9   9  0.011 294.64283989271   0.55416476011 L111-S681     
  17.752   1.088   1.301  83.548   0.009   0.018   0.020  10.000   6   6   6   0   9   9   8   0  0.026 294.61657556693   0.27405601396 L111-S665     
  18.186   1.354   1.552  83.365   0.010   0.022   0.014  10.000   6   6   6   0   8   8   8   0  0.017 294.42641196251   0.37518582821 L111-S543     
  16.954   0.928   1.125  84.170   0.005   0.009   0.009  10.000   6   6   6   0   9   9   8   0  0.011 294.26275465488   0.34546485901 L111-S198     
  16.203   1.378   1.512  85.308   0.005   0.009   0.007  10.000   6   6   6   0   9   9   8   0  0.008 294.22096368472   0.24343964153 L111-S400     
  19.120  80.879   1.840   0.837   0.010  10.000   0.013   0.014  18   0  10   8  19   0  12  11  0.050 294.60617136955   0.51739197208 L111-S156     
  17.086   0.967   1.201   0.599   0.008   0.011   0.011   0.011  22  22   8   7  28  27  10  10  0.016 294.62611118952   0.50240786049 L111-S177     
  17.774   1.056   1.215  83.440   0.011   0.016   0.018  10.000   6   6   6   0   9   9   8   0  0.019 294.57777806918   0.26255873680 L111-S644     
  15.894   1.233   1.416   0.699   0.003   0.006   0.005   0.006  15  15   9   9  21  21  11  11  0.008 294.56823562781   0.55496973038 L111-S639     
  17.132   1.005   1.158  84.025   0.012   0.015   0.015  10.000   6   6   6   0   8   8   8   0  0.015 294.25939303637   0.71044590314 L111-S433     
  15.059   1.751   1.913  86.853   0.005   0.011   0.006  10.000   6   6   6   0   8   8   8   0  0.033 294.16706573168   0.43019526800 L111-S368     
  14.907   1.239   1.525  86.617   0.004   0.008   0.007  10.000   6   6   6   0   8   8   8   0  0.007 294.17034559250   0.49730209668 L111-S372     
  13.942   1.644   1.827  87.884   0.004   0.006   0.005  10.000   6   6   6   0   9   9   8   0  0.016 294.32032363415   0.45022331322 L111-S218     
  15.961   0.910   1.102  85.140   0.009   0.012   0.010  10.000   6   6   6   0   8   8   8   0  0.014 294.15685846011   0.42377630976 L111-S360     
  17.132   1.358   1.591  84.458   0.013   0.016   0.016  10.000   6   6   6   0   8   8   8   0  0.017 294.14588597616   0.50601333300 L111-S356     
  17.236   1.181   1.301  84.064   0.006   0.012   0.011  10.000   6   6   6   0   8   8   8   0  0.010 294.19457917213   0.32908787727 L111-S388     
  17.565   1.476   1.566  84.000   0.007   0.014   0.013  10.000   6   6   6   0   9   9   8   0  0.013 294.50100636911   0.49955104404 L111-S596     
  17.868   1.033   1.229   0.609   0.005   0.009   0.008   0.009  24  18  10   8  27  21  12  11 -0.001 294.56900876363   0.53117890358 L111-S135     
  13.321   1.660   1.851  88.529   0.004   0.005   0.005  10.000   6   6   6   0   9   9   8   0  0.016 294.59634962877   0.43628787888 L111-S344     
  16.566   1.055   1.351  84.784   0.006   0.009   0.008  10.000   6   6   6   0   9   9   8   0  0.011 294.29121293227   0.39465981060 L111-S448     
  15.446   1.061   1.195  85.748   0.005   0.007   0.007  10.000   6   6   6   0   8   8   8   0 -0.002 294.18510286013   0.50391121864 L111-S384     
  18.054   1.112   1.290  83.235   0.013   0.021   0.018  10.000   6   6   6   0   9   9   8   0  0.021 294.55018955866   0.39240046395 L111-S632     
  15.165   1.642   1.842  86.676   0.008   0.014   0.010  10.000   6   6   6   0   8   8   8   0  0.018 294.42969401677   0.22946721819 L111-S545     
  14.935   1.301   1.440  86.504   0.004   0.005   0.005  10.000   6   6   6   0   9   9   8   0 -0.001 294.40801269213   0.26703746329 L111-S536     
  17.741   1.031   1.240  83.498   0.009   0.014   0.013  10.000   6   6   6   0   8   8   8   0  0.005 294.40055901210   0.35172271278 L111-S526     
  15.448   1.264   1.401  85.952   0.004   0.006   0.007  10.000   6   6   6   0   9   9   8   0  0.006 294.22716272672   0.25200893905 L111-S404     
  17.058   1.216   1.365  84.306   0.008   0.011   0.012  10.000   6   6   6   0   9   9   8   0  0.010 294.53067372441   0.44877432505 L111-S612     
  17.426   1.102   1.275  83.848   0.010   0.013   0.013  10.000   6   6   6   0   9   9   8   0  0.014 294.54516013463   0.42087968826 L111-S628     
  17.424   1.000   1.210  83.785   0.010   0.016   0.017  10.000   6   6   6   0   8   8   8   0  0.023 294.54191911221   0.20500153701 L111-S622     
  15.030   1.359   1.549  86.518   0.004   0.006   0.005  10.000   6   6   6   0   9   9   8   0  0.007 294.29609616597   0.33962133937 L111-S452     
  18.398  81.601   2.055  83.656   0.011  10.000   0.014  10.000   6   0   6   0   9   0   8   0  0.016 294.43316682180   0.32422666285 L111-S550     
  17.594   1.109   1.233  83.638   0.007   0.012   0.010  10.000   6   6   6   0   9   9   8   0 -0.002 294.25406230415   0.38348210754 L111-S427     
  14.606   0.893   1.096  86.489   0.003   0.004   0.004  10.000   6   6   6   0   9   9   8   0  0.016 294.30727545420   0.51264138646 L111-S211     
  16.690   1.099   1.277  84.586   0.005   0.011   0.011  10.000   6   6   6   0   9   9   8   0  0.028 294.61395582358   0.33119458622 L111-S350     
  18.256   1.065   1.224  82.967   0.009   0.016   0.013  10.000   6   6   6   0   9   9   8   0 -0.003 294.43603320122   0.67422693941 L111-S552     
  15.269   1.339   1.441  86.171   0.004   0.006   0.005  10.000   6   6   6   0   8   8   8   0  0.009 294.19141130447   0.34078441567 L111-S386     
  14.482   0.891   1.046  86.563   0.003   0.003   0.004  10.000   6   6   6   0   9   9   8   0  0.004 294.45176887512   0.56593246672 L111-S561     
  18.099   1.051   1.216   0.599   0.005   0.010   0.008   0.010  22  19  10   8  26  23  12  11 -0.001 294.57565691471   0.49653047138 L111-S139     
  18.424   0.997   1.201  82.776   0.010   0.018   0.014  10.000   6   6   6   0   9   9   8   0  0.006 294.50173490718   0.59171684689 L111-S598     
  17.543   1.475   1.702  84.158   0.007   0.012   0.012  10.000   6   6   6   0   9   9   8   0  0.018 294.23016969363   0.36672738514 L111-S187     
  14.606   1.188   1.335  86.728   0.003   0.005   0.005  10.000   6   6   6   0   9   9   8   0  0.004 294.23457660675   0.40553214391 L111-S410     
  17.130   0.756   0.920  83.789   0.007   0.010   0.010  10.000   6   6   6   0   9   9   8   0  0.007 294.33272902966   0.52717817624 L111-S479     
  17.205   1.082   1.274  84.068   0.009   0.012   0.012  10.000   6   6   5   0   9   9   7   0  0.024 294.26747244795   0.47933616426 L111-S437     
  17.875   0.995   1.167   0.585   0.005   0.010   0.010   0.012  21  16   7   7  23  18   8   8  0.006 294.56511023839   0.50214567357 L111-S131     
  15.622   0.906   1.048  85.425   0.004   0.006   0.006  10.000   6   6   6   0   9   9   8   0  0.015 294.47254354159   0.38458155420 L111-S573     
  14.184   1.380   1.516  87.331   0.006   0.008   0.007  10.000   6   6   6   0   8   8   8   0  0.013 294.16827518145   0.43887250264 L111-S370     
  15.475   0.804   0.958   0.515   0.005   0.006   0.007   0.007  12  11  11   7  14  13  13   9 -0.001 294.35153754552   0.21823602080 L111-S121     
  17.640   0.984   1.177  83.536   0.010   0.015   0.016  10.000   6   6   6   0   8   8   8   0  0.019 294.24959635735   0.68146011247 L111-S425     
  18.007   0.959   1.181   0.586   0.005   0.010   0.008   0.011  24  21  10   8  29  25  12  11  0.007 294.59863468806   0.50681300534 L111-S150     
  19.127  80.872   1.496   0.724   0.008  10.000   0.016   0.017  18   0  10   8  19   0  11  11  0.015 294.59040973186   0.49863598506 L111-S146     
  18.891  81.108   1.203   0.579   0.012  10.000   0.016   0.016  16   0   7   6  20   0   7   7  0.027 294.62460112572   0.53074757046 L111-S174     
  14.493   1.750   1.994  87.500   0.004   0.006   0.005  10.000   6   6   6   0   9   9   8   0  0.006 294.32945548693   0.37390348752 L111-S220     
  16.298   0.828   1.026  84.727   0.004   0.007   0.006  10.000   6   6   6   0   9   9   8   0  0.010 294.32051517169   0.54411131329 L111-S471     
  16.303  83.696   1.393  85.089   0.009  10.000   0.013  10.000   5   0   5   0   5   0   5   0  0.040 294.37052115599   0.18261979103 L111-S510     
  15.232   1.575   1.726  86.493   0.007   0.011   0.009  10.000   6   6   6   0   8   8   8   0  0.026 294.16346006393   0.46097752571 L111-S366     
  15.965   1.057   1.262   0.643   0.012   0.017   0.013   0.014  15   9  15  11  16  10  16  12  0.025 294.30611045361   0.18744551473 L111-S105     
  17.833   0.997   1.155  83.321   0.015   0.018   0.016  10.000   6   6   6   0   9   9   8   0  0.016 294.44038550059   0.28900526947 L111-S556     
  15.575   1.302   1.466  85.890   0.003   0.005   0.005  10.000  10  10   9   0  16  16  11   0  0.002 294.53907400767   0.53909193145 L111-S618     
  16.564   0.994   1.163   0.573   0.004   0.006   0.006   0.007  23  21  10   9  31  27  12  12 -0.001 294.60688683192   0.53363442878 L111-S61      
  19.048   0.927   1.119   0.559   0.008   0.021   0.013   0.015  18  14  10   8  20  14  10  10  0.017 294.57843830585   0.50500929356 L111-S143     
  18.153   1.074   1.291   0.634   0.011   0.015   0.014   0.014  20  17   8   6  25  20   9   9  0.017 294.62339452108   0.50606848399 L111-S172     
  18.563   1.286   1.513  82.949   0.011   0.021   0.016  10.000   6   6   6   0   8   6   8   0  0.006 294.40099004110   0.37563938035 L111-S528     
  15.423   0.812   1.020  85.596   0.003   0.008   0.005  10.000   6   6   6   0   9   9   8   0  0.009 294.44674022992   0.64601997905 L111-S558     
  16.539   1.081   1.257   0.626   0.005   0.010   0.008   0.010  15  15   7   6  18  18   9   9  0.015 294.62836624781   0.48199061500 L111-S354     
  15.013   1.010   1.173  86.159   0.004   0.006   0.005  10.000   6   6   6   0   9   9   8   0  0.009 294.29072806438   0.40206812766 L111-S203     
  15.391   1.200   1.375  85.983   0.003   0.005   0.005  10.000   6   6   6   0  10   9   8   0  0.003 294.48592893283   0.51024395201 L111-S583     
  17.541   1.045   1.225  83.683   0.008   0.014   0.011  10.000   6   6   6   0   8   8   8   0  0.010 294.20495146116   0.26355390443 L111-S394     
  17.116   1.093   1.242   0.610   0.007   0.013   0.009   0.009  10   9  10   6  12  11  12   8  0.010 294.29293765624   0.21044946671 L111-S205     
  17.449   0.853   1.061   0.531   0.007   0.011   0.009   0.011  24  21   8   7  29  25  10  10  0.016 294.62228732904   0.51819515838 L111-S71      
  15.650   0.990   1.158  85.507   0.005   0.007   0.006  10.000   6   6   6   0   9   9   8   0  0.004 294.21198023160   0.40453874429 L111-S181     
  13.965  86.034   1.608  87.642   0.015  10.000   0.018  10.000   6   0   6   0   9   0   8   0  0.048 294.48202689489   0.65196535230 L111-S581     
  16.952   1.177   1.330  84.377   0.007   0.011   0.009  10.000   6   6   6   0   9   9   8   0  0.009 294.49332722028   0.61532998191 L111-S590     
  16.022   0.868   1.059   0.550   0.005   0.007   0.007   0.009  11  10  10   7  13  12  12   9  0.004 294.25684291422   0.23778961976 L111-S431     
  17.895   1.028   1.185  83.289   0.008   0.014   0.012  10.000   8   6   8   0  10   8  10   0  0.003 294.30970891317   0.22805136681 L111-S213     
  19.230  80.769   1.113   0.546   0.015  10.000   0.023   0.023  17   0  10   8  18   0  10  10  0.044 294.60134568214   0.50876321528 L111-S152     
  17.721   0.910   1.167  83.445   0.011   0.014   0.014  10.000   6   6   6   0   8   8   8   0  0.028 294.28477586110   0.50393901401 L111-S442     
  17.790   1.287   1.487  83.696   0.010   0.016   0.015  10.000   6   6   6   0   9   9   8   0  0.018 294.49917786916   0.59502548430 L111-S594     
  17.926   0.962   1.189   0.596   0.005   0.009   0.010   0.012  22  18  10   9  27  22  12  12  0.008 294.61023587386   0.49245774269 L111-S160     
  17.607   1.011   1.198  83.590   0.007   0.011   0.011  10.000   6   6   6   0   9   9   8   0 -0.002 294.43092870712   0.57823110792 L111-S547     
  13.584   1.714 -86.415   0.000   0.004   0.007  10.000  14.142   5   5   0   0   9   9   0   0  0.018 294.65913672447   0.51380406062 L111-S700     
  12.962   1.492   1.567  88.604   0.003   0.004   0.004  10.000   6   6   6   0   9   9   8   0  0.014 294.22123953501   0.25617628574 L111-S185     
  17.765   0.970   1.124   0.561   0.005   0.010   0.011   0.012  23  19  10   8  28  24  12  11  0.016 294.57725304763   0.53302095519 L111-S141     
  15.066   0.670   0.765   0.413   0.004   0.005   0.006   0.006  13  13  13  10  15  15  15  12  0.002 294.30240282218   0.22326070997 L111-S101     
  14.078   0.961   1.131  87.052   0.008   0.021   0.009  10.000   6   5   6   0   8   7   7   0  0.030 294.56669649283   0.31508192698 L111-S330     
  15.304   1.764   1.937  86.632   0.004   0.006   0.005  10.000   6   6   6   0   9   9   8   0  0.010 294.25339596768   0.34113104926 L111-S194     
  14.191   1.456   1.556   0.746   0.013   0.021   0.020   0.019   7   7   7   7   7   7   7   7  0.001 294.36280539036   0.16749418384 L111-S125     
  15.117   0.881   1.063  85.945   0.003   0.005   0.006  10.000   6   6   6   0   9   9   8   0  0.007 294.28893042803   0.56845986631 L111-S201     
  15.891   1.421   1.600  85.708   0.006   0.008   0.007  10.000   6   6   6   0   9   9   8   0  0.010 294.54646484057   0.63904424455 L111-S630     
  17.884   1.133   1.286  83.401   0.008   0.016   0.011  10.000   6   6   6   0   9   9   8   0  0.014 294.50599988302   0.35790325483 L111-S600     
  15.053   0.964   1.130   0.566   0.004   0.006   0.005   0.010  11  11  11   7  13  13  13   9 -0.001 294.25488895824   0.22418126795 L111-S83      
  15.753   1.090   1.373   0.684   0.005   0.011   0.006   0.006  11  11   7   5  14  14   9   8  0.016 294.62037765185   0.56945733998 L111-S667     
  16.878   1.500   1.666  84.787   0.007   0.017   0.009  10.000   6   6   6   0   9   9   8   0  0.017 294.30141372283   0.36007280032 L111-S209     
  18.103   1.092   1.263  83.159   0.009   0.015   0.019  10.000   6   6   6   0   9   9   8   0  0.018 294.34079139233   0.25017756969 L111-S488     
  16.013   1.437   1.555   0.768   0.005   0.007   0.006   0.007  17  10  17  11  19  12  19  13  0.001 294.32522833347   0.21036880175 L111-S111     
  17.931   1.087   1.251   0.608   0.007   0.011   0.010   0.010  25  22   9   8  30  25  11  11  0.006 294.61782694658   0.51114890310 L111-S164     
  16.961   1.177   1.382  84.420   0.006   0.010   0.008  10.000   6   6   6   0   9   9   8   0  0.004 294.26306022505   0.35902206845 L111-S435     
  16.605   1.248   1.476  84.870   0.005   0.008   0.007  10.000   6   6   6   0  10  10   8   0  0.004 294.49561020533   0.54354053073 L111-S592     
  13.302   1.329   1.448  88.145   0.004   0.005   0.005  10.000   6   6   6   0   8   8   8   0  0.003 294.34041037560   0.71027542644 L111-S486     
  17.831   1.089   1.294  83.462   0.007   0.012   0.012  10.000  10   6   6   0  16  12   8   0  0.014 294.37461596330   0.43820755323 L111-S512     
  18.269   1.187   1.402  83.132   0.010   0.017   0.014  10.000   6   6   6   0   9   9   8   0  0.003 294.24665428797   0.59373795615 L111-S421     
  16.637   1.285   1.506  84.868   0.005   0.010   0.008  10.000   6   6   6   0   9   9   8   0  0.011 294.23372901281   0.32638422330 L111-S189     
  14.072   1.411   1.570  87.497   0.003   0.004   0.004  10.000   6   6   6   0   9   9   8   0  0.002 294.33607819875   0.53671821886 L111-S481     
  17.465   1.335   1.490  84.024   0.010   0.014   0.013  10.000   6   6   6   0   8   8   8   0  0.011 294.51445719401   0.22112766213 L111-S606     
  16.786   1.124   1.285  84.498   0.005   0.008   0.008  10.000   6   6   6   0   9   9   8   0  0.005 294.22032162348   0.32457083013 L111-S183     
  18.290   1.073   1.257  82.966   0.007   0.014   0.016  10.000   9   9   9   0  12  11  11   0  0.020 294.57955660820   0.46220737245 L111-S646     
  17.072   1.357   1.564  84.491   0.011   0.014   0.014  10.000   6   6   6   0   8   8   8   0  0.016 294.17626471519   0.26779557321 L111-S378     
  16.430   1.371   1.565  85.134   0.011   0.016   0.015  10.000   6   6   6   0   9   9   8   0  0.022 294.45950096448   0.36595744663 L111-S564     
  16.576   1.609   1.745  85.168   0.008   0.011   0.011  10.000   6   6   6   0   9   9   8   0  0.016 294.26157625020   0.48579990519 L111-S196     
  18.169  81.830   1.409  83.239   0.009  10.000   0.014  10.000   8   0   6   0  11   0   8   0  0.032 294.38684598605   0.40106597490 L111-S516     
  14.570   0.989   1.136  86.565   0.004   0.007   0.005  10.000   6   6   6   0   8   8   7   0  0.015 294.56782573064   0.42036875380 L111-S637     
  16.759   1.050   1.235  84.475   0.006   0.009   0.011  10.000   6   6   6   0   9   9   8   0  0.017 294.61053206921   0.26822615465 L111-S662     
  14.823   0.732   0.933  86.109   0.004   0.005   0.005  10.000   7   7   6   0  11  11   8   0  0.001 294.60677144527   0.57972574870 L111-S348     
  18.495   1.069   1.302   0.634   0.008   0.014   0.013   0.013  19  15  10   8  22  17  12  11  0.012 294.57100079854   0.50511361175 L111-S137     
  13.143   1.775   1.933  88.789   0.004   0.005   0.005  10.000   6   6   6   0   8   8   8   0  0.026 294.56812775135   0.40817737103 L111-S332     
  16.658   1.351   1.498  84.839   0.007   0.009   0.012  10.000   6   6   6   0   9   9   8   0  0.014 294.51201313535   0.42149261898 L111-S602     
  15.668   1.387   1.520  85.851   0.004   0.006   0.006  10.000   6   6   6   0   9   9   8   0 -0.001 294.32871556282   0.34329349412 L111-S477     
  15.078   1.028   1.206  86.127   0.005   0.007   0.006  10.000   6   6   6   0   9   9   8   0  0.009 294.53648268779   0.42180037022 L111-S615     
  14.282   1.394   1.565   0.770   0.004   0.005   0.005   0.005  13  13  13  10  15  15  15  12 -0.001 294.30059716304   0.23088900990 L111-S99      
  15.330   1.347   1.489  86.158   0.004   0.006   0.005  10.000   6   6   6   0   8   8   8   0 -0.003 294.30370242198   0.66265619702 L111-S462     
  16.480   0.904   1.069   0.529   0.003   0.005   0.005   0.007  28  27  10   9  37  36  12  12  0.005 294.58383897940   0.52527637694 L111-S49      
  15.383   1.063   1.272   0.624   0.012   0.019   0.016   0.015   7   6   7   7   7   6   7   7 -0.002 294.33481659094   0.15504671627 L111-S115     
  18.155   1.079   1.298  83.142   0.009   0.019   0.013  10.000   6   6   6   0   9   9   8   0  0.022 294.21117792130   0.50694152355 L111-S397     
  14.842   0.935   1.121  86.278   0.003   0.006   0.005  10.000   6   6   6   0   9   9   8   0  0.014 294.61678293546   0.41113743782 L111-S352     
  14.781   1.468   1.619  86.837   0.004   0.006   0.005  10.000   6   6   6   0   9   9   8   0  0.002 294.29975471894   0.43184131940 L111-S456     
  16.741   0.956   1.171   0.599   0.004   0.007   0.013   0.015  23  22   8   7  29  28  10  10  0.017 294.62735054493   0.49751339065 L111-S73      
  15.019   1.388   1.549   0.750   0.003   0.006   0.004   0.007  24  22   9   8  31  29  11  11  0.011 294.61701244513   0.48993896166 L111-S69      
  16.080   1.299   1.489   0.725   0.003   0.006   0.005   0.007  20  20   7   7  26  26   9   9  0.004 294.63067897161   0.49667885462 L111-S75      
  15.733   1.318   1.459  85.725   0.004   0.007   0.005  10.000   6   6   6   0   9   9   8   0  0.014 294.58499150276   0.62439984428 L111-S340     
  13.824  86.175   1.100  87.275   0.007  10.000   0.018  10.000   9   0   9   0   9   0   9   0  0.035 294.29665309985   0.17267094824 L111-S97      
  13.182   0.836   0.970   0.490   0.003   0.004   0.004   0.012  13  13  13  10  15  15  15  12  0.015 294.30407131910   0.23367489258 L111-S103     
  15.005   1.407   1.625  86.619   0.010   0.012   0.011  10.000   6   6   6   0   8   8   8   0  0.014 294.14727767309   0.27186379539 L111-S358     
  13.885   0.952   1.065   0.542   0.003   0.005   0.008   0.009  17  16  16  12  19  18  18  14  0.014 294.28977039655   0.21247941441 L111-S95      
  14.107   0.854   1.042   0.531   0.003   0.004   0.005   0.006  11  11   7   5  13  13   8   7 -0.001 294.55427775780   0.47989949862 L111-S328     
  15.961   0.922   1.103  85.141   0.006   0.009   0.008  10.000   6   6   6   0   9   9   8   0  0.012 294.59789164861   0.24943282869 L111-S346     
  18.097   1.231   1.338  83.240   0.009   0.016   0.013  10.000   6   6   6   0   8   8   8   0 -0.002 294.16171151797   0.32645962503 L111-S364     
  15.689   0.966   1.118   0.557   0.007   0.009   0.009   0.010  16  11  15  11  17  12  16  12  0.002 294.33193380038   0.19129611174 L111-S113     
  15.764   0.988   1.169   0.587   0.003   0.005   0.005   0.006  28  27  10   9  36  35  12  12 -0.000 294.61536297798   0.51163896773 L111-S65      
  13.364   1.558   1.733  88.368   0.005   0.006   0.006  10.000   6   6   6   0   8   8   8   0  0.016 294.34659744898   0.66015914599 L111-S492     
  18.084   1.320   1.522  83.437   0.010   0.018   0.013  10.000   6   6   6   0   8   8   8   0 -0.004 294.35830623309   0.68308150821 L111-S501     
  18.322   0.972   1.138   0.571   0.006   0.012   0.010   0.011  19  16  10   7  21  19  12  10 -0.001 294.56859000524   0.49760283258 L111-S133     
  17.229   0.780   0.962  83.732   0.006   0.010   0.011  10.000   6   6   6   0   9   9   8   0  0.003 294.24446562131   0.57335737493 L111-S418     
  17.436   1.115   1.288  83.851   0.008   0.012   0.011  10.000   6   6   6   0   8   8   8   0  0.005 294.31879674594   0.61997512447 L111-S469     
  17.484   1.134   1.369  83.884   0.007   0.016   0.013  10.000   6   6   6   0   9   9   8   0  0.022 294.60216123263   0.40097641004 L111-S659     
  16.254   1.213   1.406   0.682   0.003   0.006   0.006   0.009  28  27  10   9  37  36  12  12  0.010 294.59986806711   0.52837905672 L111-S59      
  13.026   0.716   0.884  87.857   0.004   0.006   0.004  10.000   6   6   6   0   9   9   8   0  0.008 294.57360919317   0.60221734908 L111-S334     
  13.712   1.394   1.486  87.773   0.003   0.005   0.004  10.000   6   6   6   0   9   9   8   0  0.018 294.57476777236   0.40031642255 L111-S336     
  16.861   1.059   1.233   0.592   0.007   0.009   0.008   0.008  19  19   9   8  24  24  11  11  0.012 294.58478333155   0.48274196201 L111-S51      
  16.231   1.230   1.413   0.679   0.004   0.006   0.006   0.007  20  20   9   8  25  25  11  11  0.006 294.59298116366   0.48420622355 L111-S54      
  15.748   0.683   0.869   0.476   0.005   0.007   0.007   0.008  17  14  16  10  19  16  18  12  0.008 294.33824671110   0.21144533687 L111-S118     
  17.430   1.060   1.229  83.798   0.009   0.019   0.018  10.000   6   6   6   0   8   8   8   0  0.026 294.58490436077   0.23285336812 L111-S650     
  16.699   1.600   1.816  85.116   0.005   0.009   0.007  10.000   6   6   6   0   9   9   8   0  0.006 294.36843756040   0.51788193093 L111-S508     
  15.063  84.936   1.262   0.616   0.012  10.000   0.017   0.016   7   0   7   7   7   0   7   7  0.028 294.25030629911   0.16075377994 L111-S81      
  15.286   0.978   1.084  85.797   0.004   0.009   0.005  10.000   6   6   6   0   9   9   8   0  0.013 294.54308316310   0.32007450554 L111-S624     
  17.579   1.247   1.498  83.918   0.007   0.013   0.009  10.000   6   6   6   0   8   8   8   0  0.003 294.18342192968   0.30324012041 L111-S382     
  14.884   0.841   0.991  86.106   0.005   0.006   0.006  10.000   6   6   6   0   9   9   8   0  0.006 294.47954905828   0.66193759282 L111-S579     
  14.619   1.559   1.800  87.180   0.004   0.006   0.008  10.000   6   6   6   0   8   8   8   0  0.009 294.51767432888   0.20780541367 L111-S608     
  15.803   1.027   1.212  85.408   0.005   0.007   0.006  10.000   6   6   6   0   8   8   8   0  0.004 294.34868586063   0.66411389457 L111-S494     
  18.342   1.162 -81.657   0.000   0.012   0.019  10.000  14.142   6   6   0   0   9   8   0   0  0.026 294.23232351939   0.31016172091 L111-S407     
  14.688   0.958   1.103   0.570   0.004   0.005   0.005   0.006  11  11  11   8  14  14  13  11 -0.001 294.31258405844   0.24139278571 L111-S107     
  15.634   1.409   1.569  85.934   0.005   0.007   0.006  10.000   6   6   6   0   8   8   8   0  0.006 294.15952130953   0.35849887530 L111-S362     
  15.540   0.924   1.052  85.511   0.003   0.004   0.005  10.000   6   6   6   0  11  11   8   0 -0.001 294.51263314386   0.56220839924 L111-S604     
  14.176   0.899   1.083  86.906   0.004   0.005   0.006  10.000   6   6   6   0   9   9   8   0  0.014 294.28691425721   0.47850436317 L111-S444     
  17.814   1.115   1.280  83.465   0.013   0.017   0.015  10.000   6   6   6   0   8   8   8   0  0.014 294.30173135996   0.65508533001 L111-S458     
  18.159   1.156   1.340  83.180   0.007   0.012   0.009  10.000  10  10   9   0  13  12  11   0  0.003 294.53996090889   0.56667579009 L111-S322     
  16.582   1.008   1.175   0.576   0.003   0.006   0.006   0.007  28  27  10   9  36  35  12  12  0.002 294.59567938646   0.49896808624 L111-S56      
  15.727   1.363   1.490  85.762   0.005   0.007   0.006  10.000   6   6   6   0   8   8   8   0  0.003 294.17164402008   0.32174608019 L111-S374     
  18.145   1.016   1.205  83.059   0.009   0.020   0.015  10.000   6   6   6   0   9   9   8   0  0.023 294.35662546158   0.58460679425 L111-S498     
  16.940   1.059   1.237   0.604   0.004   0.006   0.007   0.009  28  26  10   9  36  31  12  12  0.007 294.60835270882   0.50148971995 L111-S63      
  16.114   0.961   1.089  84.974   0.004   0.009   0.006  10.000   6   6   6   0   9   9   8   0  0.009 294.53949508667   0.32259788619 L111-S620     
  16.287   1.291   1.491   0.729   0.003   0.006   0.005   0.006  28  25  10   9  35  32  12  12  0.003 294.61507692337   0.49385456085 L111-S67      
  14.707   1.145   1.305  86.597   0.003   0.005   0.004  10.000   6   6   6   0   9   9   8   0  0.004 294.38010935783   0.56114813275 L111-S514     
  15.902   1.681   1.901  85.998   0.004   0.009   0.009  10.000   6   6   6   0   9   9   8   0  0.022 294.45078175863   0.52632191446 L111-S269     
  15.315   0.976   1.150  85.834   0.004   0.007   0.008  10.000   6   6   6   0   9   9   8   0  0.011 294.25481189440   0.60437955194 L111-S429     
  15.751   1.311   1.479  85.727   0.004   0.006   0.006  10.000   6   6   6   0   9   9   8   0  0.005 294.22215387026   0.35979441113 L111-S402     
  16.364  83.635   1.581   0.726   0.017  10.000   0.018   0.021   8   0   8   7   9   0   9   8  0.045 294.24335258802   0.18598970758 L111-S416     
  15.594   1.345   1.560   0.757   0.013   0.015   0.016   0.012  17  12  15  11  18  13  16  12  0.023 294.32246908347   0.18843739298 L111-S77      
  13.854   1.452 -86.145 -86.925   0.008   0.015  10.000  10.000   7   7   0   0   7   7   0   0  0.018 294.36470564206   0.17362086296 L111-S127     
  12.997   1.364   1.487   0.730   0.004   0.004   0.005   0.010  13  13  13  10  16  16  15  13  0.012 294.31379854282   0.23872252623 L111-S109     
  12.904   0.759   0.927  88.022   0.006   0.007   0.006  10.000   6   6   6   0   8   8   8   0  0.012 294.46259412766   0.20386577633 L111-S566     
  17.758   1.150   1.285  83.526   0.008   0.014   0.011  10.000   6   6   6   0   9   9   8   0  0.017 294.58960817655   0.62529000971 L111-S342     
  17.070   0.984   1.119  84.048   0.006   0.011   0.012  10.000   6   6   6   0   9   9   8   0  0.014 294.46772233645   0.59914323065 L111-S570     
  15.696   0.980   1.167  85.470   0.003   0.004   0.005  10.000  11   9   7   0  17  16   9   0  0.004 294.54138272603   0.52294718266 L111-S324     
  15.890   1.086   1.245  85.354   0.004   0.006   0.009  10.000   8   7   6   0  11   9   8   0  0.008 294.39744965235   0.50420657979 L111-S253     
  14.368   0.753 -85.631   0.000   0.005   0.007  10.000  14.142   5   5   0   0   8   8   0   0  0.005 294.65467592875   0.57576654858 L111-S696     
  16.760   1.325   1.523  84.762   0.005   0.009   0.007  10.000   8   8   6   0  11  11   8   0 -0.002 294.37755914529   0.39243035952 L111-S247     
  14.418   0.904   1.070  86.651   0.003   0.005   0.004  10.000   6   6   6   0   9   9   8   0  0.011 294.48424051603   0.39269592603 L111-S286     
  17.820   1.061   1.194  83.373   0.010   0.015   0.013  10.000   6   6   6   0   9   9   8   0  0.009 294.47524104118   0.25761544069 L111-S576     
  13.486   1.652   1.792  88.305   0.004   0.006   0.005  10.000   6   6   6   0   9   9   8   0  0.005 294.35951941013   0.31153634283 L111-S240     
  18.164   1.024   1.252  83.087   0.010   0.018   0.014  10.000   6   6   6   0   9   9   8   0  0.017 294.54486112595   0.66627592193 L111-S326     
  15.485   0.904   1.059  85.573   0.004   0.011   0.006  10.000   6   6   6   0   9   9   8   0  0.013 294.34798270861   0.26544541571 L111-S234     
  13.343   1.629   1.805  88.461   0.006   0.006   0.006  10.000   6   6   6   0   9   9   8   0  0.007 294.33862117926   0.60433794631 L111-S226     
  16.329   1.058   1.232  84.902   0.005   0.010   0.007  10.000   7   6   7   0  10   9   9   0  0.011 294.35121585528   0.25787100474 L111-S496     
  17.618   1.035   1.171  83.552   0.009   0.015   0.011  10.000   6   6   6   0   8   8   8   0  0.009 294.20132239660   0.21913864798 L111-S390     
  16.772   1.027   1.149  84.376   0.006   0.010   0.008  10.000   6   6   6   0   9   9   8   0  0.009 294.40522492727   0.25143717779 L111-S532     
  13.825   1.668   1.875  88.049   0.002   0.004   0.003  10.000   6   6   6   0  10   9   8   0  0.009 294.49003464381   0.50908419715 L111-S290     
  14.847   0.898   1.066  86.218   0.005   0.005   0.007  10.000   6   6   6   0   9   9   8   0  0.009 294.50109949646   0.47874104818 L111-S298     
  16.902   1.028   1.216  84.313   0.006   0.009   0.011  10.000   5   5   5   0   7   7   6   0  0.009 294.41768477758   0.54928248194 L111-S258     
  16.891   1.122   1.276  84.384   0.009   0.017   0.011  10.000   6   6   6   0   9   9   8   0  0.020 294.57389476299   0.32238624096 L111-S641     
  15.804   0.943   1.122  85.317   0.004   0.007   0.006  10.000   6   6   6   0   9   9   8   0  0.006 294.34551072121   0.35675841173 L111-S232     
  16.857   1.220   1.412  84.554   0.005   0.013   0.010  10.000   6   6   6   0   9   9   8   0  0.016 294.44544994036   0.23801276313 L111-S267     
  15.840   1.518   1.659  85.818   0.004   0.007   0.007  10.000   6   6   6   0   9   9   8   0  0.006 294.51793450117   0.26325427903 L111-S306     
  13.121   1.710   1.881  88.759   0.007   0.008   0.008  10.000   6   6   6   0   9   9   8   0  0.012 294.49881793658   0.65045047505 L111-S296     
  16.994   1.202   1.347  84.352   0.010   0.013   0.015  10.000   6   6   6   0   9   9   8   0  0.040 294.36279321512   0.48599716266 L111-S242     
  13.503   1.610   1.737  88.233   0.002   0.004   0.003  10.000   6   6   6   0   9   9   8   0  0.004 294.47873330116   0.57509621938 L111-S284     
  16.220   0.945   1.115  84.894   0.005   0.010   0.006  10.000   6   6   6   0   8   8   8   0  0.008 294.39130476316   0.65967570093 L111-S518     
  16.883   1.108   1.219  84.335   0.005   0.009   0.009  10.000   6   6   6   0   9   9   8   0  0.007 294.52276807229   0.28454199738 L111-S314     
  17.579   1.003   1.134  83.554   0.007   0.018   0.012  10.000   6   6   6   0   9   9   8   0  0.022 294.54338091612   0.63253847016 L111-S626     
  13.505   1.564   1.682  88.176   0.002   0.005   0.003  10.000   6   6   6   0   9   9   8   0  0.006 294.45934933027   0.58720160537 L111-S273     
  17.412   1.449   1.709  84.296   0.010   0.017   0.015  10.000   5   5   5   0   7   7   6   0  0.015 294.55962767204   0.34600590494 L111-S634     
  15.196   1.455   1.604  86.407   0.004   0.008   0.005  10.000   6   6   6   0   8   8   8   0  0.007 294.28997134368   0.71231418610 L111-S446     
  12.813   0.711   0.803  87.989   0.003   0.006   0.003  10.000   6   6   6   0   9   9   8   0  0.018 294.46954194705   0.28906907664 L111-S277     
  13.593   0.812   0.979  87.385   0.002   0.003   0.004  10.000   6   6   6   0  11  11   8   0  0.002 294.51313605607   0.57066755666 L111-S304     
  18.167   0.828   1.022  82.854   0.011   0.016   0.015  10.000   6   6   6   0   9   9   8   0  0.023 294.35153712432   0.47331065973 L111-S236     
  12.322   1.885 -87.677   0.000   0.007   0.008  10.000  14.142   6   6   0   0   9   9   0   0  0.010 294.43071146011   0.66480138567 L111-S264     
  15.997   1.339   1.506  85.508   0.004   0.007   0.008  10.000   6   6   6   0   9   9   8   0  0.007 294.49546953837   0.25649781280 L111-S294     
  13.801   1.468   1.605  87.803   0.004   0.005   0.005  10.000   6   6   6   0   9   9   8   0  0.005 294.29329609871   0.30489938047 L111-S450     
  14.531   0.871   1.068  86.536   0.002   0.003   0.004  10.000  10  10   9   0  15  15  11   0  0.005 294.53624652624   0.56455057250 L111-S320     
  15.463   1.012   1.158  85.694   0.004   0.005   0.006  10.000   6   6   6   0   9   9   8   0  0.004 294.34259555340   0.52718719906 L111-S230     
  16.258   1.113   1.310  85.051   0.005   0.007   0.007  10.000   6   6   6   0   9   9   8   0  0.004 294.37667131424   0.57270615949 L111-S245     
  16.988   1.085   1.326  84.337   0.013   0.019   0.015  10.000   6   6   6   0   8   8   8   0  0.021 294.18097834587   0.19733427260 L111-S380     
  16.743   1.066   1.173  84.429   0.005   0.010   0.008  10.000   6   6   6   0   9   9   8   0  0.008 294.33686337471   0.30099389282 L111-S224     
  12.002   1.517   1.619  89.616   0.004   0.004   0.005  10.000   6   6   6   0   9   9   8   0  0.002 294.38069868088   0.34545122147 L111-S249     
  18.245   1.035   1.274  83.028   0.010   0.018   0.017  10.000   6   6   6   0   9   9   8   0  0.016 294.35432163874   0.56965316110 L111-S238     
  14.495   0.891   1.057  86.561   0.003   0.004   0.004  10.000   6   6   6   0   9   9   8   0  0.010 294.52953279018   0.69083811230 L111-S316     
  17.134   1.160   1.268  84.133   0.008   0.012   0.010  10.000   6   6   6   0   8   8   8   0  0.007 294.42672923406   0.30142527276 L111-S261     
  16.882   1.160   1.265  84.382   0.005   0.012   0.008  10.000   6   6   6   0   9   9   8   0  0.016 294.50376364688   0.31408606529 L111-S300     
  16.959   1.109   1.282  84.322   0.008   0.010   0.010  10.000   6   6   6   0   9   9   8   0  0.008 294.52250826160   0.63070130030 L111-S312     
  15.238   0.863   1.063  85.824   0.005   0.006   0.006  10.000   6   6   6   0   9   9   8   0  0.011 294.53556259871   0.37450929801 L111-S318     
  14.548   1.460   1.687  87.138   0.003   0.005   0.004  10.000   6   6   6   0   9   9   8   0  0.007 294.34100494385   0.56555688434 L111-S228     
  14.792   1.884   2.199  87.406   0.005   0.009   0.006  10.000   6   6   6   0   9   9   8   0  0.016 294.38439580599   0.37274457402 L111-S251     
  13.019   1.450   1.609  88.589   0.005   0.006   0.008  10.000   6   6   6   0   9   9   8   0  0.011 294.47699338595   0.70245010720 L111-S282     
  14.546   1.307   1.458  86.911   0.002   0.003   0.004  10.000   6   6   6   0  10   9   8   0  0.005 294.48651386897   0.49810700523 L111-S288     
  13.678   1.662   1.871  88.192   0.004   0.004   0.004  10.000   6   6   6   0   9   9   8   0  0.009 294.40653258959   0.61761911452 L111-S256     
  14.362   0.754   0.933  86.570   0.003   0.004   0.004  10.000   7   7   6   0  13  13   8   0  0.005 294.51936434507   0.54563998752 L111-S308     
  15.278   1.394   1.565  86.286   0.005   0.009   0.006  10.000   6   6   6   0   9   9   8   0  0.017 294.49228126208   0.60897360378 L111-S292     
  16.014   1.010   1.223  85.208   0.004   0.007   0.006  10.000   6   6   6   0   9   9   8   0  0.007 294.45429390272   0.68348328877 L111-S271     
  15.357   0.829   1.016  85.658   0.003   0.005   0.005  10.000   6   6   6   0   9   9   8   0  0.003 294.51041854421   0.66225144916 L111-S302     
  14.468   0.973   1.124  86.655   0.004   0.005   0.004  10.000   6   6   6   0   9   9   8   0  0.010 294.46447229385   0.39572770331 L111-S275     
  19.315   1.009   1.215   0.633   0.009   0.021   0.014   0.018  18  12  10   8  19  12  10  10  0.009 294.60294953982   0.51610038757 L111-S154     
  17.772   1.035   1.264   0.619   0.008   0.014   0.012   0.012  19  17   9   8  24  21  11  11  0.020 294.60876096884   0.48736862103 L111-S158     
  15.704   0.977   1.120  85.415   0.003   0.005   0.006  10.000   7   7   6   0  11  11   8   0  0.005 294.52125177781   0.49337415059 L111-S310     
  15.249   0.862   1.050   0.530   0.002   0.004   0.004   0.005  26  25  10   9  32  32  12  12 -0.000 294.57347589334   0.53074548086 L111-S42      
  16.424   0.987   1.157   0.572   0.004   0.006   0.006   0.007  28  27  10   9  36  36  12  12 -0.001 294.58278973103   0.51144752714 L111-S48      
  14.839   0.818   1.009   0.507   0.002   0.005   0.006   0.007  24  23   8   7  30  29  10  10  0.010 294.62466464837   0.52772813055 L111-S72      
  16.763   1.007   1.174  84.410   0.006   0.015   0.011  10.000   6   6   6   0   9   9   8   0  0.019 294.57725263437   0.28954760551 L111-S337     
  17.803   1.222   1.428  83.624   0.009   0.016   0.014  10.000   6   6   6   0   9   9   8   0  0.028 294.59885609945   0.63101032363 L111-S656     
  14.837   0.951   1.082   0.526   0.002   0.004   0.003   0.005  20  19  10   9  29  28  12  12  0.003 294.60151206652   0.54078038639 L111-S347     
  14.370   0.929   1.104   0.550   0.002   0.003   0.003   0.005  20  20   7   7  26  26   9   9 -0.000 294.63039000829   0.52242797852 L111-S74      
  17.329   1.257   1.444  84.114   0.006   0.013   0.012  10.000   6   6   6   0   9   9   8   0  0.018 294.45368218422   0.53280468305 L111-S270     
  16.045   1.405   1.610  85.564   0.007   0.009   0.008  10.000   6   6   6   0   8   8   8   0  0.007 294.53267521858   0.20788108932 L111-S614     
  17.255   1.001   1.160  83.904   0.006   0.010   0.010  10.000   6   6   6   0   9   9   8   0  0.010 294.30288486083   0.58811513212 L111-S461     
  18.311   0.981   1.188  82.876   0.009   0.017   0.015  10.000   6   6   6   0   9   9   8   0  0.017 294.51508754094   0.38387926519 L111-S607     
  16.056   1.368   1.540   0.736   0.007   0.009   0.008   0.006  12  12   7   7  16  16   9   9  0.011 294.64504036903   0.54875803736 L111-S683     
  19.120  80.879   1.361   0.649   0.017  10.000   0.021   0.018  15   0   8   6  17   0   9   9  0.021 294.60984208584   0.51768187847 L111-S159     
  18.147  81.852   1.407  83.259   0.011  10.000   0.015  10.000   6   0   6   0   9   0   8   0  0.030 294.45637469292   0.70347216924 L111-S272     
  16.852   1.383   1.539  84.686   0.008   0.013   0.010  10.000   6   6   6   0   9   9   8   0  0.012 294.57179657618   0.29718685892 L111-S333     
  16.456   1.415   1.550  85.093   0.006   0.009   0.008  10.000   6   6   6   0   8   8   8   0  0.002 294.40061257680   0.36417410109 L111-S527     
  17.036   0.857   1.047  84.010   0.006   0.009   0.008  10.000   6   6   6   0   9   9   8   0  0.005 294.54360731045   0.58817377196 L111-S627     
  16.770   1.351   1.610  84.839   0.005   0.010   0.007  10.000   6   6   6   0   9   9   8   0  0.018 294.57991534869   0.39790660434 L111-S647     
  14.061   1.281   1.431   0.726   0.005   0.006   0.008   0.008  18  16  17  12  20  18  19  14  0.013 294.30403577089   0.20884824594 L111-S102     
  15.423  84.576 -84.576 -85.223   0.018  10.000  10.000  10.000   8   0   0   0   8   0   0   0  0.037 294.30466653109   0.16371579170 L111-S104     
  19.188  80.811   1.422   0.712   0.018  10.000   0.025   0.021  15   0   8   6  17   0   9   9  0.031 294.62187068462   0.50992824025 L111-S169     
  15.159   1.070   1.287  86.127   0.003   0.004   0.004  10.000   6   6   6   0   9   9   8   0 -0.001 294.49097356796   0.59671500736 L111-S291     
  14.406   1.473   1.589  87.182   0.003   0.005   0.006  10.000   6   6   6   0   9   9   8   0  0.015 294.43251266479   0.53342055204 L111-S548     
  14.396   1.445   1.544  87.147   0.004   0.005   0.005  10.000   6   6   6   0   9   9   8   0 -0.000 294.35377582709   0.26453519291 L111-S237     
  17.905   1.086   1.242  83.336   0.008   0.014   0.013  10.000   7   6   6   0  10   9   8   0  0.017 294.47393005689   0.40325793399 L111-S281     
  15.539   1.011   1.122  85.582   0.004   0.005   0.005  10.000   6   6   6   0   9   9   8   0  0.001 294.48507053057   0.60401033428 L111-S287     
  17.358   1.305   1.441  84.082   0.006   0.016   0.009  10.000   6   6   6   0   9   9   9   0  0.016 294.29218857686   0.24669969665 L111-S449     
  18.823   1.030   1.220   0.607   0.011   0.021   0.017   0.016  19  14  10   8  23  14  10  10  0.024 294.61997891267   0.50872662703 L111-S165     
  17.201   1.048   1.213  84.011   0.006   0.009   0.010  10.000   6   6   6   0  10  10   8   0  0.006 294.49242197673   0.56937055455 L111-S589     
  14.604   1.257   1.405  86.800   0.003   0.004   0.004  10.000   6   6   6   0   9   9   8   0  0.002 294.48944711685   0.53902975294 L111-S289     
  16.622  83.377   1.275   0.632   0.009  10.000   0.014   0.014   7   0   6   6   7   0   6   6  0.005 294.25592036595   0.14745946460 L111-S430     
  16.739   1.228   1.415  84.675   0.005   0.008   0.007  10.000   6   6   6   0   9   9   8   0  0.002 294.42752544085   0.63471110635 L111-S262     
  17.960   0.757   0.949  82.988   0.013   0.022   0.018  10.000   6   6   6   0   8   8   8   0  0.024 294.15942130089   0.49715251711 L111-S361     
  12.264   0.624   0.765  88.500   0.007   0.010   0.007  10.000   5   5   5   0   7   7   7   0  0.011 294.37830173969   0.68547254509 L111-S513     
  14.406   1.385   1.534  87.127   0.002   0.005   0.003  10.000  10  10   9   0  13  13  11   0  0.007 294.54464124839   0.47610188272 L111-S325     
  18.444  81.555   1.463  83.018   0.011  10.000   0.014  10.000   6   0   6   0   9   0   8   0  0.032 294.36809055010   0.32486780061 L111-S507     
  16.250   0.948   1.136  84.885   0.006   0.008   0.009  10.000   6   6   6   0   8   8   8   0  0.004 294.25903094014   0.67108011934 L111-S432     
  17.254   1.056   1.246  83.991   0.006   0.011   0.009  10.000   6   6   6   0   9   9   8   0  0.007 294.31773441633   0.41187885390 L111-S468     
  17.721   0.988   1.171  83.449   0.007   0.012   0.011  10.000   6   6   6   0   9   9   8   0 -0.000 294.39358310699   0.59735794173 L111-S520     
  14.567   1.046   1.157   0.578   0.004   0.005   0.005   0.012  11  11  11   8  13  13  13  10  0.011 294.34720994631   0.22865653250 L111-S119     
  18.181   1.290   1.503   0.697   0.011   0.022   0.013   0.011  18  15   8   6  23  18  10   9  0.032 294.62139925957   0.52863405228 L111-S167     
  16.742   1.411   1.626   0.788   0.006   0.009   0.008   0.010   8   6   8   7  10   8  10   9  0.005 294.24955587387   0.22400949266 L111-S424     
  15.908   0.854   1.024  85.115   0.006   0.007   0.008  10.000   6   6   6   0   9   9   8   0  0.011 294.40590545336   0.71103910870 L111-S533     
  17.429   1.306   1.430  84.000   0.007   0.013   0.009  10.000   6   6   6   0   9   9   8   0  0.006 294.33577991327   0.31208804131 L111-S223     
  13.198   1.596   1.805   0.816   0.002   0.002   0.003   0.003  38  37  18  17  47  46  20  20  0.015 294.58863398234   0.51682377999 L111-2088     
  15.730   1.537   1.671   0.785   0.003   0.006   0.004   0.009  25  23  10   9  32  30  12  12  0.012 294.59304771423   0.49116510179 L111-S53      
  15.771   1.132   1.286  85.514   0.004   0.007   0.006  10.000   6   6   6   0   9   9   8   0 -0.003 294.59442688624   0.44037208292 L111-S654     
  18.318  81.681   1.228   0.602   0.017  10.000   0.022   0.018  14   0   8   6  19   0  10   9  0.049 294.62520032724   0.49285651525 L111-S175     
  15.109   0.838   1.006  85.896   0.003   0.004   0.005  10.000   6   6   6   0   9   9   8   0  0.006 294.44881265958   0.57951830758 L111-S268     
  16.244   1.044   1.215  84.970   0.007   0.011   0.009  10.000   6   6   6   0   8   8   8   0  0.011 294.16023797989   0.21051500850 L111-S363     
  16.953   0.999   1.171  84.217   0.007   0.010   0.009  10.000   6   6   6   0   9   9   8   0  0.008 294.43963596026   0.68650110245 L111-S553     
  10.745   1.738   1.865   0.899   0.002   0.003   0.002   0.002  88  87  76  71  90  89  78  73  0.021 294.31821533839   0.20161816531 L111-775      
  17.434   0.665   0.852   0.448   0.004   0.007   0.007   0.009  27  26  10   8  34  31  12  11 -0.001 294.58494606813   0.52933884727 L111-S50      
  18.441  81.558   1.453   0.693   0.010  10.000   0.015   0.014  18   0   7   7  20   0   8   8  0.027 294.56467467149   0.51644955741 L111-S130     
  17.345   1.145   1.307  83.961   0.007   0.011   0.009  10.000   6   6   6   0   9   9   8   0 -0.002 294.36567200025   0.58780355612 L111-S504     
  17.922   1.051   1.171  83.248   0.015   0.022   0.020  10.000   6   6   6   0   9   9   8   0  0.025 294.51353973051   0.41088121732 L111-S605     
  17.699   1.034   1.273  83.573   0.009   0.020   0.012  10.000   6   6   6   0   8   8   8   0  0.020 294.16256906192   0.23462554693 L111-S365     
  13.955   0.880   1.085  87.129   0.004   0.005   0.005  10.000   6   6   6   0   9   9   8   0  0.020 294.59744245211   0.66086281882 L111-S345     
  14.833   1.373   1.506  86.672   0.003   0.005   0.005  10.000   6   6   6   0   8   8   8   0 -0.001 294.17167701721   0.35183070011 L111-S375     
  18.180   1.140   1.345   0.666   0.006   0.015   0.011   0.012  17  13   9   7  22  17  11  10  0.016 294.60377219518   0.48803846518 L111-S155     
  17.240   0.920   1.088  83.847   0.004   0.007   0.007  10.000  10  10   9   0  14  14  11   0 -0.001 294.53618200620   0.50835504903 L111-S319     
  16.755   1.098   1.225  84.469   0.005   0.009   0.014  10.000   6   6   6   0   9   9   8   0  0.021 294.44015218417   0.54509832488 L111-S555     
  11.940   1.674   1.798   0.871   0.006   0.007   0.008   0.010  17  16  15  11  19  18  17  13  0.016 294.33811982473   0.20459839450 L111-S117     
  16.601   1.038   1.184  84.582   0.005   0.014   0.007  10.000   6   6   6   0   9   9   8   0  0.017 294.21087894440   0.26726682954 L111-S180     
  17.528   0.934   1.118  83.589   0.008   0.016   0.012  10.000   6   6   6   0   8   8   8   0  0.016 294.16850180626   0.27019921488 L111-S371     
  14.407   1.315   1.498  87.090   0.004   0.006   0.007  10.000   6   6   6   0   8   8   8   0  0.006 294.24964394569   0.66223403507 L111-S426     
  15.430   1.139   1.326  85.895   0.004   0.006   0.008  10.000   6   6   6   0   9   9   8   0  0.012 294.50637286405   0.69248537911 L111-S301     
  16.522   1.083   1.209   0.579   0.003   0.006   0.005   0.006  28  27  10   9  36  34  12  12 -0.001 294.59832713604   0.50509884887 L111-S58      
  16.781   1.178   1.379  84.597   0.006   0.010   0.009  10.000   6   6   6   0   9   9   8   0  0.012 294.34864872297   0.49359117508 L111-S493     
  16.142   1.584   1.686  85.543   0.004   0.010   0.006  10.000   6   6   6   0   9   9   8   0  0.014 294.21751236916   0.31498188972 L111-S182     
  15.268   0.991   1.129  85.860   0.004   0.006   0.005  10.000   6   6   6   0   9   9   8   0  0.010 294.46865968704   0.28130324788 L111-S276     
  18.043   1.239   1.486  83.442   0.010   0.016   0.013  10.000   6   6   6   0   9   9   8   0  0.006 294.47490132650   0.63504512866 L111-S575     
  15.958   1.310   1.494  85.535   0.006   0.008   0.007  10.000   6   6   6   0   8   8   8   0  0.002 294.49340949059   0.20103839450 L111-S591     
  17.400   1.287   1.461   0.692   0.004   0.008   0.006   0.009  27  25  10   9  32  29  12  12  0.006 294.60086003145   0.49474769168 L111-S151     
  16.937   1.076   1.179  84.241   0.005   0.009   0.008  10.000   6   6   6   0   9   9   8   0  0.009 294.33252807458   0.34812326219 L111-S221     
  14.610   1.479   1.574  86.963   0.003   0.005   0.004  10.000   6   6   6   0   9   9   8   0  0.003 294.49504462878   0.31214280446 L111-S293     
  16.554   1.066   1.246  84.691   0.005   0.008   0.010  10.000   6   6   6   0   9   9   8   0  0.009 294.32702541351   0.39682955318 L111-S475     
  17.216   0.962   1.173  83.956   0.008   0.016   0.012  10.000   6   6   6   0   8   8   8   0  0.018 294.43374013901   0.20444944064 L111-S551     
  15.253   1.303   1.568  86.314   0.004   0.007   0.006  10.000   7   7   7   0   9   9   9   0  0.019 294.24037572543   0.21401681582 L111-S79      
  15.096   1.598   1.697  86.600   0.006   0.007   0.007  10.000   6   6   6   0   9   9   8   0  0.006 294.37969918251   0.30370094246 L111-S248     
  16.692   0.922   1.097  84.404   0.011   0.015   0.013  10.000   5   5   5   0   8   8   7   0  0.018 294.40985619227   0.59518162727 L111-S257     
  16.114   1.213   1.376  85.261   0.004   0.008   0.007  10.000   6   6   6   0   9   9   8   0  0.007 294.22479497592   0.27663966179 L111-S403     
