# V        B-V     V-I     R-I    Nnight--------  nobs----------  Vary? R.A.             D.E.C.         Name    
  15.500   1.122   1.310   0.574   0.003   0.004   0.003   0.003  18  12  18  17  27  22  27  23  0.006  13.98913195928   1.08947280036 L92-S265      
  17.958   1.002   1.251  83.292   0.006   0.008   0.007  10.000  14  12   7   0  25  24  22   0  0.011  14.06350053549   1.10757840792 L92-S390      
  19.220   0.526   0.687   0.338   0.005   0.009   0.009   0.009  37  24  21  21  60  48  36  36  0.013  13.87104537487   0.81345026334 L92-S443      
  18.639   0.780   0.963   0.473   0.004   0.007   0.006   0.006  58  32  58  46  82  56  78  65  0.012  13.80310025613   0.71759875682 L92-S194      
  17.901   1.126   1.337   0.601   0.004   0.007   0.006   0.006  48  37  48  33  72  62  70  53  0.019  13.91733156840   0.94045258681 L92-S244      
  19.060   0.742   0.934  81.873   0.006   0.011   0.009  10.000  15  10   8   0  24  18  23   0  0.009  13.89755457242   1.11735522628 L92-S493      
  19.048   1.054   1.252   0.577   0.006   0.012   0.009   0.008  27  14  25  12  45  36  38  28  0.015  14.05568014383   0.90117911922 L92-S388      
  14.775   0.782   0.888   0.426   0.002   0.003   0.003   0.004  25  18  16   7  36  30  29  15  0.006  14.06148860057   1.02731142150 L92-S153      
  16.172   0.603   0.727   0.350   0.004   0.006   0.005   0.005  20  13  20  19  23  16  23  22  0.010  13.79736567736   1.06537992054 L92-S190      
  18.385   1.112   1.335   0.605   0.003   0.007   0.005   0.005  50  30  50  45  70  51  70  61  0.007  13.83487301668   0.66116893450 L92-S205      
  18.963   0.512   0.726   0.381   0.005   0.010   0.008   0.008  28  20  20  20  50  44  37  37  0.018  13.67679711978   0.91122728454 L92-S419      
  17.989   0.843   0.989   0.456   0.007   0.012   0.011   0.011  15  13  15  12  17  15  17  14  0.015  13.73251444499   1.10264010191 L92-S599      
  17.048   0.760   0.893   0.444   0.003   0.004   0.004   0.004  38  28  38  27  58  46  58  43  0.006  13.86196769079   0.95947523223 L92-S145      
  19.489   1.338   1.603   0.743   0.006   0.014   0.008   0.008  31  10  31  34  52  23  52  54  0.011  13.89668862025   0.77092606915 L92-S446      
  18.935   1.627   2.693   1.566   0.007   0.013   0.009   0.010  33  19  33  24  46  31  46  37  0.026  13.64511896769   0.59094308535 L92-S59       
  19.749   0.577   0.635   0.313   0.009   0.012   0.015   0.014  32  26  18  18  48  47  31  31  0.023  13.75032200183   0.61679618378 L92-S426      
  15.791   0.845   0.930   0.449   0.002   0.003   0.002   0.002  52  41  52  43  74  62  74  62  0.004  13.84315358798   0.72723261727 L92-S210      
  16.497   1.107   1.283   0.576   0.006   0.009   0.006   0.004  21  13  21  23  22  14  22  24  0.010  13.56650560697   1.00641487228 L92-S576      
  19.756   1.324   1.625   0.755   0.010   0.018   0.012   0.009  19   8  19  22  35  18  35  40  0.020  13.66811594963   0.92734401385 L92-S461      
  20.659  79.340   2.620   1.458   0.015  10.000   0.016   0.015  12   0  12  17  19   0  19  24  0.020  13.85103859901   1.00339683268 L92-S479      
  20.180  79.819   1.966  81.785   0.011  10.000   0.013  10.000  12   0   9   0  21   0  21   0  0.023  14.10745369593   0.98981096056 L92-S532      
  16.977   0.783   0.897   0.427   0.002   0.005   0.003   0.003  62  49  62  50  86  73  86  71  0.011  13.80818874836   0.73231939634 L92-S341      
  15.135   0.973   1.110   0.500   0.003   0.005   0.003   0.003  25  15  25  16  45  39  45  33  0.012  14.04686789910   0.85517679003 L92-S137      
  19.257   0.654   0.786   0.403   0.005   0.009   0.009   0.009  36  19  21  21  60  43  37  37  0.003  13.86319098473   0.87926134957 L92-S441      
  15.260   0.685   0.785   0.390   0.002   0.004   0.005   0.005  14  14  14  10  27  27  18  18  0.005  13.65921538671   0.50897260772 L92-S589      
  13.818   1.441   1.827   0.895   0.002   0.004   0.003   0.003  70  65  70  51  86  86  86  66  0.020  13.56723515987   0.66527467410 L92-245       
  18.495   1.553   1.955   0.994   0.005   0.011   0.006   0.005  42  27  42  26  57  45  57  41  0.022  13.60977590879   0.60383912219 L92-S39       
  18.460   1.150   1.349   0.627   0.010   0.019   0.013   0.011  10   9  10   8  13  11  13  10  0.022  13.50736232301   0.46630777041 L92-S562      
  16.215   0.797   0.954   0.454   0.003   0.004   0.004   0.004  19  12   9   6  30  24  24  14  0.006  14.06176940600   1.08279881477 L92-S281      
  19.364   1.576   2.319   1.247   0.006   0.016   0.007   0.007  31   9  31  39  51  21  51  58  0.015  13.79367182652   0.80964715428 L92-S338      
  16.905   1.546   2.263   1.241   0.004   0.008   0.006   0.018  14  12  14   8  18  13  16  12  0.027  13.47735767365   0.55520156172 L92-S554      
  18.055   0.770   0.882  82.826   0.004   0.008   0.008  10.000  17   8   5   0  26  18  16   0 -0.001  14.13067989349   0.90059034374 L92-S297      
  18.173   1.078   1.288   0.578   0.004   0.006   0.006   0.006  28  19  28  22  50  43  49  40  0.009  13.64261250496   0.86700105866 L92-S328      
  19.443  80.556   2.997   1.693   0.015  10.000   0.015   0.016  20   0  20  27  22   0  22  29  0.043  13.70856989225   0.97941007826 L92-S595      
  14.330   0.720   0.777   0.372   0.002   0.003   0.003   0.003  98  89  98  59 121 119 121  77  0.012  13.63995315234   0.68492281914 L92-249       
  13.650   0.812   0.872   0.412   0.001   0.002   0.002   0.002  49  37  49  36  73  63  73  56  0.007  13.94636071523   0.84475971752 L92-S135      
  20.137  79.862   2.559   1.438   0.010  10.000   0.011   0.010  12   0  12  24  25   0  25  43  0.014  13.81862936815   0.60180652764 L92-S475      
  15.972   0.881   0.987   0.461   0.004   0.005   0.008   0.007  12  12  12  11  27  27  17  17  0.009  13.90145101547   0.54117688550 L92-S614      
  14.376   0.788   0.854   0.408   0.001   0.002   0.002   0.002  67  60  67  42  92  92  92  64  0.006  13.77701277137   0.67623934428 L92-S124      
  17.956   0.739   0.853   0.409   0.005   0.010   0.007   0.007  30  22  30  24  45  38  45  39  0.020  13.57751954397   0.81908829663 L92-S580      
  13.729   0.858   0.928   0.441   0.002   0.003   0.003   0.004  40  40  40  26  53  53  53  39  0.009  13.77219857971   0.58818400171 L92-S119      
  19.585   1.384   1.904   0.952   0.010   0.022   0.011   0.011  18   5  18  18  26  11  26  24  0.018  13.87766898473   1.06032832676 L92-S488      
  17.307   1.522   2.419   1.331   0.004   0.008   0.004   0.004  53  41  53  44  75  66  75  65  0.024  13.89431878726   0.72372441186 L92-S237      
  17.839   0.884   1.049   0.497   0.006   0.011   0.008   0.008  11  11  10   8  14  13  14  12  0.010  13.53627424637   0.46606270790 L92-S568      
  12.525   0.681   0.729   0.350   0.002   0.002   0.003   0.002  76  68  76  46 103 103 103  70  0.010  13.74292561213   0.73362363127 L92-335       
  14.748   0.938   1.044   0.459   0.002   0.004   0.002   0.002  25  18  25  17  36  30  36  25  0.009  13.94174389839   1.04539947404 L92-S157      
  18.950   1.469   2.082   1.077   0.005   0.013   0.006   0.007  29   9  29  19  40  18  40  27 -0.000  13.92914908727   1.00875272274 L92-S357      
  19.800   0.537   1.675   1.075   0.010   0.017   0.012   0.010  24   7  24  26  41  22  41  44  0.015  13.83296356201   0.67765807894 L92-S437      
  13.943   1.200   1.376   0.613   0.003   0.004   0.004   0.003  66  57  66  59  88  81  88  78  0.015  13.99244127274   0.88301672300 L92-425       
  18.420   1.574   2.392   1.346   0.006   0.011   0.007   0.007  34  24  34  25  47  42  47  38  0.023  13.67469603221   0.57769982868 L92-S72       
  12.119   0.589   0.686   0.340   0.002   0.003   0.003   0.002  54  42  54  45  78  69  77  66  0.009  13.87276983261   0.74253832181 L92-S228      
  17.516   1.295   1.605  84.088   0.004   0.008   0.006  10.000  23  12  12   0  42  36  25   0  0.016  14.09379333655   0.91868969546 L92-S289      
  16.511   0.790   0.915   0.430   0.004   0.007   0.007   0.008  15  13  13   8  26  25  26  16  0.020  13.91673660278   1.10630841414 L92-S353      
  19.487   0.864   1.046   0.496   0.007   0.014   0.011   0.012  18   7   6   6  27  16  19  19 -0.001  14.03787917693   1.06026800368 L92-S514      
  15.451   0.572   0.707   0.358   0.003   0.005   0.004   0.003  29  22  29  26  55  49  55  48  0.013  13.99575231870   0.76165671031 L92-S267      
  17.191   0.637 -82.808   0.000   0.006   0.008  10.000  14.142  10   6   0   0  19  16   0   0  0.009  14.17732936541   0.95066826814 L92-S307      
  17.884   0.923   1.057   0.517   0.006   0.010   0.008   0.005  29  29  29  25  34  34  34  31  0.016  13.54736218850   0.69562359386 L92-S3        
  17.796   0.703 -82.203   0.000   0.004   0.006  10.000  14.142  13   6   0   0  22  16   0   0  0.002  14.13643825849   1.00894572152 L92-S300      
  14.934   0.518   0.678   0.343   0.002   0.003   0.002   0.002 130 117 130  93 150 140 150 109  0.008  13.69689523379   0.65693091816 L92-252       
  16.558   0.860   0.974   0.455   0.005   0.007   0.006   0.004  19  16  19  23  41  40  41  41  0.016  14.01686105529   0.62207342678 L92-S372      
  17.227   1.261   1.527  84.299   0.006   0.010   0.007  10.000  13  11   7   0  23  23  22   0  0.017  14.02687178651   1.12887949202 L92-S378      
  18.431   0.865 -81.568   0.000   0.007   0.010  10.000  14.142   7   5   0   0  16  15   0   0  0.009  14.13802377383   1.10008697125 L92-S537      
  17.946   0.558   0.685   0.344   0.004   0.006   0.008   0.009  35  25  35  25  59  51  59  44  0.023  13.96253739993   0.94378966014 L92-S254      
  18.655   0.505   0.628   0.319   0.004   0.007   0.007   0.007  46  34  44  37  69  61  61  57  0.010  13.89011185964   0.75226442469 L92-S347      
  18.578   0.863   1.021   0.487   0.004   0.009   0.008   0.008  28  18  28  21  49  43  49  39  0.016  14.02415641546   0.91955093490 L92-S376      
  18.688   0.462 -81.311   0.000   0.008   0.013  10.000  14.142  13   5   0   0  25  17   0   0  0.018  14.16490138372   0.77336465889 L92-S409      
  20.178  79.821   2.087   1.075   0.009  10.000   0.010   0.009  14   0  14  25  27   0  27  41 -0.001  13.85413970153   0.68588603126 L92-S482      
  17.389   0.485   0.649   0.336   0.003   0.005   0.006   0.006  46  36  46  39  72  63  71  61  0.015  13.96698287328   0.77635629442 L92-S257      
  16.107   0.796   0.959   0.472   0.005   0.007   0.006   0.005  27  19  27  21  29  21  29  23  0.012  13.62488488356   1.01614837117 L92-S587      
  14.977   0.878   0.925   0.435   0.002   0.003   0.002   0.002  38  26  38  35  58  51  58  54  0.001  13.88727753957   0.63985137569 L92-S233      
  18.036   1.558   2.089   1.087   0.006   0.014   0.007   0.006  34  19  34  27  37  21  37  30  0.024  13.71684891383   0.98446320905 L92-S165      
  19.530   1.635   2.807   1.618   0.009   0.019   0.009   0.008  36   9  36  44  55  20  55  63  0.029  13.75581581394   0.62105966939 L92-S177      
  17.069   1.584   2.564   1.456   0.005   0.008   0.006   0.008  29  18  25  11  48  42  38  27  0.025  14.05747127136   0.91447235107 L92-S141      
  12.824   0.614   0.708   0.343   0.002   0.002   0.003   0.003  51  42  51  42  76  68  76  63  0.007  13.76319647531   0.82239584128 L92-S179      
  17.965   1.486   1.828   0.894   0.004   0.011   0.006   0.007  32  14  32  30  49  32  49  44  0.021  13.97757970492   0.66549555673 L92-S259      
  19.551   1.353   1.678   0.801   0.006   0.015   0.008   0.007  19   9  19  26  32  17  32  39  0.001  13.69980095228   0.87361540582 L92-S466      
  18.514   0.755   0.916  82.401   0.005   0.008   0.008  10.000  21  12   9   0  40  36  22   0  0.007  14.10435646375   0.89726888127 L92-S400      
  18.968   0.577   0.743   0.387   0.005   0.010   0.010   0.010  47  33  47  29  62  52  60  43  0.026  13.57177762985   0.73886908690 L92-S578      
  20.163  79.836   2.546   1.385   0.014  10.000   0.016   0.014   8   0   8   6  11   0  11   8  0.008  13.46554072698   0.68252857208 L92-S552      
  19.311  80.688   2.393   1.340   0.011  10.000   0.013   0.012  11   0  11  18  17   0  17  24  0.038  13.55714550018   0.81587425868 L92-S572      
  18.594  81.405   1.558  82.963   0.005  10.000   0.009  10.000  10   0   6   0  19   0  19   0  0.018  13.99711950620   1.15891611523 L92-S368      
  17.208   1.479   1.846   0.915   0.004   0.006   0.004   0.004  31  31  31  24  44  44  44  36  0.011  13.59789545536   0.57095546961 L92-S30       
  20.214   0.559   0.708   0.394   0.009   0.018   0.015   0.016  18   9   6   6  34  22  19  19  0.021  13.92170629501   0.75761311372 L92-S451      
  12.732   0.621 -87.267 -87.641   0.007   0.008  10.000  10.000  13  11   0   0  26  26   0   0  0.037  13.87391883532   0.47553332382 L92-S611      
  10.633   1.140   1.362   0.616   0.002   0.003   0.003   0.004  42  35  42  41  58  52  58  54  0.019  13.79964656432   0.93260779063 L92-409       
  18.642   1.294   1.575   0.722   0.005   0.010   0.007   0.007  24  15  24  18  35  25  35  26  0.009  14.03614253203   1.04297782050 L92-S381      
  16.573   1.493   2.019   1.040   0.006   0.010   0.007   0.005  25  25  25  12  39  39  33  26  0.024  13.57595702012   0.54568779098 L92-S159      
  17.634   1.291   1.567   0.726   0.010   0.016   0.011   0.006  14  13  14  10  18  14  18  16  0.020  13.54703819354   0.51637429555 L92-S570      
  13.315   0.629   0.721   0.362   0.002   0.003   0.003   0.003  32  23  32  23  43  35  43  30  0.006  13.76767950257   0.96255337715 L92-S181      
  16.820   0.585   0.723   0.372   0.004   0.007   0.006   0.006  29  20  29  28  50  37  50  43  0.016  13.97942841848   0.65146468825 L92-S261      
  14.843   0.960 -85.156   0.000   0.003   0.004  10.000  14.142  13   6   0   0  22  16   0   0  0.002  14.15683654149   0.84377742873 L92-S305      
  20.502  79.497   2.488   1.353   0.010  10.000   0.012   0.009  30   0  30  22  39   0  39  40  0.020  13.68551704089   0.75806940397 L92-S463      
  14.983   1.189   1.413   0.623   0.002   0.003   0.003   0.002  43  35  43  36  64  60  64  54  0.006  14.02368777792   0.84643297407 L92-355       
  19.771  80.228   2.251   1.203   0.009  10.000   0.012   0.012  23   0  23  20  28   0  28  27  0.040  13.95765438080   0.97589586258 L92-S502      
  18.649   1.298   1.643  82.993   0.007   0.012   0.010  10.000  22  10  11   0  39  26  17   0  0.013  14.09638040066   0.78361459815 L92-S291      
  17.997   0.585   0.765   0.394   0.004   0.006   0.005   0.005  50  42  50  41  65  61  65  55  0.007  13.69959209760   0.80474078708 L92-S336      
  17.399   0.711   0.827   0.400   0.006   0.008   0.011   0.010  16  16  14  10  29  29  20  20  0.018  13.78006562789   0.51644893964 L92-S605      
  17.280   0.481   0.624   0.327   0.004   0.006   0.007   0.007  17  14  17  23  39  37  39  40  0.007  13.86656499704   0.59363303079 L92-S222      
  19.631   0.750   0.892  81.260   0.008   0.016   0.013  10.000  24   8   8   0  37  21  19   0  0.016  14.08349204063   0.94425769064 L92-S524      
  14.761   0.691   0.739   0.350   0.001   0.002   0.002   0.002  46  35  46  43  65  54  65  60  0.002  13.70524185499   0.86147594346 L92-S161      
  17.315   0.808   0.990   0.481   0.002   0.004   0.003   0.004  51  40  51  44  74  66  74  66  0.006  13.90163944562   0.73870160209 L92-S239      
  16.815   1.234   1.433   0.652   0.003   0.004   0.004   0.003  48  47  48  30  64  64  64  46  0.008  13.58249378204   0.63284532653 L92-S21       
  18.748   0.411 -81.251   0.000   0.009   0.017  10.000  14.142  13   6   0   0  22  16   0   0  0.032  14.17380126317   1.00997744348 L92-S549      
  20.083  79.916 -79.916 -80.321   0.012  10.000  10.000  10.000   5   0   0   0  18   0   0   0 -0.002  13.91556908290   0.61635762533 L92-S449      
  15.948   0.735   0.813   0.389   0.002   0.004   0.003   0.003  59  46  59  47  84  73  84  68  0.012  13.80709336599   0.76638381322 L92-S198      
  20.510   0.431 -79.489 -79.815   0.011   0.016  10.000  10.000  22  17   0   0  33  31   0   0  0.026  13.73895708720   0.73821349727 L92-S424      
  20.703  79.296   2.693   1.490   0.013  10.000   0.013   0.010  19   0  19  16  29   0  29  32 -0.006  13.70963404973   0.76065100034 L92-S468      
  18.171   0.716   0.860   0.433   0.003   0.005   0.005   0.005  63  54  63  27  86  83  86  46  0.010  13.63583397865   0.75020072629 L92-S51       
  19.043   1.597   2.147   1.124   0.005   0.011   0.006   0.006  38  11  38  38  62  29  62  59  0.013  13.92022457123   0.76386951658 L92-S246      
  14.952   0.786   0.890   0.424   0.002   0.002   0.002   0.002  23  18  23  19  34  29  34  27  0.002  14.02773096363   1.00586737209 L92-427       
  20.268  79.731   2.357   1.255   0.012  10.000   0.013   0.011  12   0  12  16  22   0  22  34 -0.001  14.02707364360   0.75997711394 L92-S511      
  16.666   0.776   0.922   0.461   0.006   0.007   0.008   0.006  16  14  16  22  38  37  38  39  0.018  14.00632260640   0.59813403765 L92-S370      
  19.703  80.296   2.575   1.463   0.009  10.000   0.012   0.017  24   0  19   5  37   0  32  21  0.032  14.07533663909   0.89932375272 L92-S394      
  19.991  80.008   1.895   0.960   0.011  10.000   0.012   0.017  15   0  15  14  24   0  24  22  0.024  13.93183782895   1.02686935107 L92-S500      
  11.792   0.477   0.584  88.791   0.006   0.009   0.009  10.000  19  12   7   0  30  24  20   0  0.025  14.03387384415   1.07370426708 L92-502       
  17.556   0.592   0.710   0.348   0.003   0.005   0.006   0.006  35  26  35  29  59  49  59  46  0.011  13.80410707394   0.95003120795 L92-S196      
  19.390   0.760   1.006   0.529   0.009   0.017   0.012   0.011  19   7  13  13  33  23  28  28  0.023  14.04216154019   0.69764330546 L92-S516      
  19.572   0.543   0.745   0.372   0.007   0.012   0.011   0.010  24  14  10  10  42  36  23  23  0.015  13.82264393171   0.88411320084 L92-S434      
  18.376   0.865   1.081  82.704   0.007   0.010   0.009  10.000  22  12  10   0  40  30  23   0  0.017  14.08944813410   0.95898372862 L92-S398      
  16.344   1.129   1.334   0.623   0.002   0.003   0.003   0.004  64  56  64  45  88  87  88  67  0.010  13.71423988342   0.77805393855 L92-S94       
  17.526   1.447   2.191  84.664   0.003   0.008   0.007  10.000  26  16  14   0  37  27  25   0  0.016  14.08132987022   0.98030245145 L92-S287      
  13.596   0.636   0.737   0.364   0.003   0.004   0.006   0.006  28  19  28  27  47  38  47  41  0.015  13.98214882215   0.68717099508 L92-S366      
  18.995   1.519   2.022   1.054   0.006   0.013   0.008   0.007  28  19  28  20  41  31  41  32  0.016  13.64019589424   0.57438287576 L92-S56       
  15.160   0.916   1.107   0.541   0.003   0.004   0.004   0.004   9   7   7   5  27  27  16  16  0.005  14.07338392735   0.59159360356 L92-S392      
  19.780  80.219   1.874   0.909   0.009  10.000   0.011   0.012  15   0  15  14  24   0  24  22  0.015  13.86406763395   1.03891968462 L92-S485      
  18.137   0.972   1.179   0.550   0.004   0.006   0.006   0.005  42  30  42  36  64  54  64  54  0.008  13.66412221591   0.93491238938 L92-S330      
  19.801  80.198   2.607   1.445   0.008  10.000   0.009   0.011  20   0  20  23  32   0  32  32  0.028  13.91406501134   0.96884261542 L92-S496      
  16.665   0.811   0.927   0.442   0.002   0.003   0.003   0.003  54  48  54  30  71  68  71  46  0.004  13.58738381068   0.70718588564 L92-S23       
  14.754   0.658   0.812   0.401   0.002   0.003   0.003   0.002  33  23  33  27  44  35  44  35  0.003  13.83667484919   1.01892086347 L92-S207      
  18.474   1.005   1.167   0.537   0.007   0.017   0.010   0.009  20  11  20  23  20  11  20  23  0.018  13.56086120208   0.99647639804 L92-S574      
  17.306   0.829   1.056   0.526   0.006   0.008   0.011   0.010  35  31  35  36  59  56  59  56  0.038  13.94374834696   0.60832536485 L92-S359      
  17.316   0.803 -82.683   0.000   0.004   0.006  10.000  14.142   8   6   0   0  17  16   0   0  0.004  14.14506827990   1.03209865464 L92-S405      
  20.000   1.248   1.354   0.615   0.008   0.019   0.011   0.010  23   8  17  17  38  18  32  32 -0.001  13.84988743464   0.84793488608 L92-S439      
  19.672   1.540   2.752   1.554   0.005   0.016   0.006   0.010  52  12  52  47  69  23  69  66  0.031  13.68808282216   0.66777330021 L92-S79       
  19.520  80.479   1.877   0.936   0.008  10.000   0.010   0.010  19   0  19  24  31   0  31  39  0.013  13.98056333860   0.77862126244 L92-S508      
  15.384   0.681   0.778   0.378   0.003   0.005   0.005   0.005  17  13  17  25  32  28  32  40  0.012  13.82590951125   0.57308773571 L92-S607      
  18.653   0.786   0.931   0.449   0.007   0.020   0.010   0.009  16  12  16  20  19  14  19  24  0.024  13.50382130767   0.77815442933 L92-S560      
  18.854   1.464   2.287   1.279   0.004   0.013   0.006   0.007  31  15  31  27  50  26  50  42  0.023  13.73740536372   0.96036627346 L92-S171      
  16.672   0.948 -83.327   0.000   0.003   0.005  10.000  14.142   9   6   0   0  18  16   0   0 -0.001  14.15270136197   1.03095783340 L92-S407      
  19.204   0.539   0.674  81.469   0.006   0.009   0.014  10.000  20  11   7   0  40  35  20   0  0.016  14.08603359063   0.73773328119 L92-S526      
  15.357   0.586   0.723   0.366   0.002   0.002   0.002   0.002  60  49  60  41  79  73  79  57  0.000  13.69739540418   0.78137017462 L92-S85       
  17.002   1.003 -82.997   0.000   0.004   0.006  10.000  14.142  12   6   0   0  21  16   0   0  0.005  14.14142001470   1.05852354103 L92-S302      
  17.028   0.668   0.733   0.354   0.003   0.004   0.004   0.003  54  42  54  45  79  68  79  67  0.007  13.86192116737   0.73632440223 L92-S218      
  19.198   1.300   1.482   0.661   0.005   0.011   0.007   0.007  32  11  32  37  53  28  53  56 -0.001  13.75738508950   0.84818731838 L92-S428      
  17.983   0.889   1.108   0.511   0.006   0.010   0.009   0.009  20  13  20  17  22  15  22  19  0.009  13.72285499573   1.08939944002 L92-S167      
  19.199   1.820   3.530   2.030   0.007   0.020   0.008   0.010  29   8  29  42  49  21  49  63  0.045  13.78676704168   0.79414117813 L92-S187      
  18.180   0.593   0.730  82.549   0.005   0.007   0.007  10.000  19  12   7   0  30  24  22   0  0.010  14.08546613057   1.07075898038 L92-S396      
  19.044   1.565   2.616   1.467   0.007   0.015   0.008   0.013  25   8  25  14  36  15  36  22  0.026  13.92348868052   1.02251973576 L92-S498      
  18.496   0.486   0.650   0.338   0.004   0.006   0.006   0.006  43  35  43  37  65  59  61  55  0.010  13.67728921572   0.90440426800 L92-S332      
  11.666   0.653   0.715   0.349   0.002   0.003   0.003   0.004  20  13   7   7  22  15   7   7  0.044  14.22387827237   1.01168876648 L92-433       
  17.560   0.704   0.838   0.417   0.003   0.004   0.004   0.004  67  64  67  46  89  89  89  65  0.011  13.74287902514   0.62840734058 L92-S103      
  13.850   0.693   0.827   0.407   0.003   0.005   0.003   0.002  20  13  20  19  22  15  22  21  0.008  13.75067811937   1.07823775080 L92-S175      
  17.801   0.872   0.988   0.489   0.003   0.005   0.004   0.004  46  35  46  45  68  60  68  66  0.007  13.85063968500   0.69293573168 L92-S214      
  19.035   1.544   2.228   1.203   0.005   0.018   0.007   0.007  28   8  28  13  45  24  43  29  0.028  14.05252860785   0.89424232483 L92-S386      
  19.454   0.218   0.293   0.164   0.006   0.010   0.012   0.014  27  16   8   8  45  33  21  21 -0.001  13.97965749105   0.84929430432 L92-S455      
  16.317   0.770   0.905   0.424   0.004   0.005   0.006   0.007  15  13  15  10  26  25  26  18  0.017  13.92423046430   1.10649471866 L92-S355      
  18.008   1.449   1.869   0.922   0.008   0.011   0.014   0.012  13  13  11  10  20  20  15  15  0.021  13.83845903079   0.49626648267 L92-S609      
  11.672   0.540 -88.327 -88.641   0.003   0.005  10.000  10.000  23  22   0   0  25  24   0   0  0.006  14.21333430608   1.15961026298 L92-508       
  18.386   0.908   1.119  82.732   0.007   0.012   0.009  10.000  18   9   9   0  36  28  22   0  0.018  14.11754875183   0.64379828453 L92-S295      
  18.604   1.107   1.294   0.589   0.005   0.010   0.009   0.008  29  19  29  26  42  37  42  40  0.017  13.78348898093   0.58246203529 L92-S185      
  19.528  80.471   2.433   1.360   0.006  10.000   0.008   0.008  24   0  24  33  47   0  47  53  0.009  13.96751745542   0.76774823076 L92-S505      
  18.774   0.559 -81.225   0.000   0.006   0.010  10.000  14.142   7   5   0   0  16  15   0   0  0.006  14.09234606425   1.15380867773 L92-S528      
  12.047   0.619   0.719   0.344   0.002   0.004   0.005   0.008  36  28  10   6  57  54  23  21  0.016  14.11086076101   0.69753488329 L92-276       
  14.445   0.562   0.690   0.348   0.002   0.004   0.003   0.003  63  52  55  41  82  76  68  57  0.009  14.06337409019   0.88850129022 L92-430       
  17.692   0.862   0.980   0.469   0.003   0.006   0.005   0.004  53  47  53  29  68  67  68  45  0.014  13.58562312921   0.74026395427 L92-S22       
  19.138   1.419   2.129   1.139   0.004   0.011   0.006   0.005  49  21  49  40  71  40  71  59  0.008  13.74706188838   0.64461384137 L92-S104      
  12.974   0.584   0.717  87.742   0.002   0.006   0.009  10.000   9   6   5   0  12   8   9   0  0.006  14.00047713552   1.18098098649 L92-501       
  17.064   0.616   0.733   0.361   0.002   0.003   0.003   0.003  81  74  81  46 104 103 104  65  0.005  13.64704130491   0.72459087425 L92-S60       
  14.893   0.853   0.928   0.448   0.002   0.003   0.003   0.002  48  47  48  30  65  65  65  46  0.006  13.57764083544   0.63095334159 L92-S20       
  18.569   0.790   0.870   0.415   0.003   0.005   0.005   0.005  73  53  73  44  97  82  97  64  0.004  13.76114450594   0.73718945371 L92-S115      
  11.618   0.443   0.523   0.260   0.002   0.003   0.003   0.002  87  74  68  49 115 105  93  74  0.013  13.79131150246   0.72036602894 L92-342       
  18.340   1.145   1.347   0.621   0.004   0.006   0.005   0.004  74  47  74  47  98  76  98  70  0.011  13.73823558489   0.69615518252 L92-S100      
  15.753   0.519   0.659   0.328   0.002   0.003   0.003   0.003  58  47  58  47  82  73  79  67  0.007  13.85864200592   0.84701827367 L92-347       
  20.118   0.528   0.705   0.367   0.013   0.018   0.019   0.018  15   7   6   6  28  19  19  19  0.026  13.92035945257   0.69030868848 L92-S450      
  15.380   0.587   0.706   0.348   0.002   0.003   0.003   0.003  46  38  46  42  70  65  70  63  0.005  13.90639053981   0.80282240523 L92-S241      
  14.463   0.712   0.813   0.401   0.002   0.003   0.003   0.003  41  31  41  30  64  56  64  49  0.007  13.99834831556   0.88187821812 L92-426       
  14.987   0.411   0.502   0.254   0.002   0.004   0.004   0.003  50  43  50  46  54  48  54  51  0.005  13.80941008727   1.03095323139 L92-410       
  18.637   1.207   1.421   0.652   0.006   0.009   0.007   0.007  28  16  28  23  40  26  40  31  0.013  13.67376680374   0.96503173404 L92-S331      
  19.340  80.659   2.274   1.274   0.008  10.000   0.010   0.011  17   0  17  26  32   0  32  39  0.017  13.97794176737   0.67029110140 L92-S365      
  11.672   0.607 -88.327   0.000   0.002   0.003  10.000  14.142  17  17   0   0  17  17   0   0  0.000  14.21762817701   0.73166928821 L92-364       
  18.365   1.497   2.180   1.190   0.005   0.012   0.007   0.006  42  32  42  29  57  52  57  44  0.029  13.71172679265   0.59163188140 L92-S93       
  11.783   1.046   1.090   0.526   0.002   0.002   0.002   0.002 106  99  94  84 128 126 113 104  0.018  13.91413143476   0.60552791489 L92-263       
  17.383   1.141   1.377  83.993   0.006   0.008   0.007  10.000  10   8   5   0  18  17  18   0  0.014  13.95550341606   1.14378863441 L92-S362      
  18.727   0.621   0.770   0.400   0.005   0.008   0.010   0.009  33  18  33  23  55  42  52  42  0.018  13.99737256368   0.86978158898 L92-S369      
  16.686   1.538   1.948   0.958   0.003   0.007   0.005   0.004  34  24  34  27  51  38  51  36  0.017  13.80652634303   0.96132597287 L92-S197      
  18.346   1.391   1.666   0.783   0.003   0.006   0.004   0.004  89  48  89  51 112  77 112  71  0.007  13.67922650973   0.71553808318 L92-S76       
  19.102   1.501   2.706   1.560   0.006   0.013   0.007   0.008  27   8  27  45  49  21  49  65  0.022  13.87593018214   0.62422249264 L92-S229      
  17.451   1.087   1.241   0.550   0.003   0.005   0.004   0.004  51  39  51  45  74  62  74  65 -0.000  13.83191218376   0.66888556891 L92-S204      
  15.359   1.142   1.224   0.534   0.002   0.004   0.003   0.003  74  66  74  39  96  91  96  57  0.013  13.62822693984   0.67148191982 L92-248       
  18.279   0.599   0.687   0.350   0.005   0.007   0.007   0.006  53  43  51  37  77  69  69  57  0.018  13.92698192596   0.84390360302 L92-S356      
  17.263   1.336   1.530   0.692   0.003   0.004   0.004   0.003  56  53  56  36  71  71  71  53  0.009  13.61596731345   0.63522021254 L92-S41       
  19.682   1.517   2.322   1.258   0.007   0.019   0.008   0.006  34   8  34  32  47  19  47  47  0.017  13.76836372415   0.63433138020 L92-S118      
  15.046   0.570   0.716   0.360   0.001   0.002   0.002   0.002  89  78  89  51 114 110 114  72  0.004  13.68073485692   0.72402730359 L92-330       
  14.089   1.150   1.321   0.600   0.002   0.003   0.003   0.002 118 110 118  85 143 138 143 107  0.011  13.71404024760   0.67226157718 L92-253       
  17.682   0.705   0.857   0.417   0.004   0.005   0.005   0.006  18  11  18  17  27  21  27  23  0.001  13.84289251963   1.09295064608 L92-S209      
  15.246   0.661   0.745   0.359   0.002   0.003   0.003   0.004  35  35  35  25  48  48  48  38  0.012  13.69014905294   0.58340993247 L92-S80       
  18.992   1.351   1.579   0.736   0.004   0.009   0.005   0.005  63  29  63  36  84  50  84  54  0.010  13.64312062263   0.75191308114 L92-S57       
  15.539   0.852   0.958   0.467   0.002   0.002   0.002   0.002  64  57  64  27  87  86  87  46  0.005  13.63562653859   0.74379739973 L92-S50       
  15.829   0.486 -84.170   0.000   0.004   0.007  10.000  14.142  12   6   0   0  20  15   0   0  0.011  14.14072500865   1.04917334451 L92-S301      
  18.704  81.295   2.239   1.228   0.005  10.000   0.006   0.007  23   0  23  24  46   0  46  43  0.014  13.99655275345   0.64848343319 L92-S268      
  16.634   0.630   0.737   0.366   0.003   0.004   0.004   0.004  51  41  51  43  77  67  73  64  0.008  13.93221020699   0.70631077978 L92-S247      
  16.920   1.216   1.491   0.686   0.004   0.008   0.006   0.005  18   9  18  19  39  33  39  35  0.017  14.03138809403   0.65107514295 L92-S274      
  19.815  80.184   2.782   1.590   0.009  10.000   0.010   0.008  24   0  24  37  41   0  41  57  0.014  13.85532654126   0.66880603857 L92-S342      
  16.106   1.115   1.307  85.200   0.004   0.006   0.006  10.000  17   8   5   0  26  18  16   0  0.007  14.13100270430   0.91300806151 L92-S298      
  20.641   0.451 -79.358   0.000   0.012   0.019  10.000  14.142  23  15   0   0  34  27   0   0 -0.002  13.72362079620   0.72319492340 L92-S423      
  18.471  81.528 -81.528 -82.757   0.014  10.000  10.000  10.000   9   0   0   0  11   0   0   0  0.037  14.24014670054   1.09118144883 L92-S325      
  16.783   0.698   0.862  84.078   0.003   0.004   0.005  10.000  19  12   7   0  29  23  20   0  0.004  14.09559116364   1.04864706675 L92-S290      
  19.042   0.825   1.023   0.484   0.007   0.018   0.015   0.014  22  10  22  22  36  22  36  36  0.037  13.57194696267   0.85250605451 L92-S579      
  17.161   0.549   0.732   0.364   0.003   0.005   0.004   0.004  54  43  54  41  78  69  77  61  0.014  13.86868867079   0.84261942440 L92-S134      
  12.967   0.320   0.420   0.223   0.003   0.004   0.004   0.004  50  43  27  27  53  45  27  27  0.043  14.19509202639   0.64163425869 L92-282       
  20.294  79.705   2.768   1.561   0.010  10.000   0.011   0.014  25   0  25  21  38   0  38  39  0.032  13.63652283351   0.63828998990 L92-S53       
  19.605   0.274   0.309   0.203   0.010   0.014   0.017   0.019  22  10   6   6  31  20  17  17  0.012  14.04796575705   0.96589991781 L92-S459      
  18.912   1.537   2.308   1.264   0.006   0.019   0.008   0.009  24  13  24  24  29  16  29  29  0.026  13.55024597247   0.57125394344 L92-S4        
  18.839   1.561   2.736   1.595   0.005   0.013   0.006   0.011  46  26  46  30  61  38  61  45  0.037  13.58815364838   0.61298606555 L92-S24       
   8.035   0.967   0.989   0.450   0.005   0.007   0.007   0.007  57  54  57  37  76  76  65  54  0.030  13.75582976093   0.78965176158 L92-336       
  15.926   0.505   0.669   0.343   0.002   0.004   0.003   0.003  58  48  58  48  81  74  75  67  0.011  13.88419567744   0.88541526874 L92-417       
  18.235   0.598   0.731   0.379   0.004   0.007   0.008   0.008  54  46  54  30  69  66  69  45  0.025  13.59674950441   0.73342418483 L92-S29       
  18.128   0.721   0.824   0.394   0.004   0.005   0.005   0.005  48  37  48  43  71  62  71  62  0.006  13.73676656087   0.87545800421 L92-S337      
  17.078   0.638   0.837   0.417   0.004   0.006   0.005   0.005  20  13  20  18  30  24  30  25  0.012  13.86331257820   1.08340384779 L92-S221      
  18.776   1.658   2.360   1.263   0.006   0.011   0.007   0.006  36  15  36  28  60  33  60  48  0.018  13.89000738462   0.94688831223 L92-S234      
  18.339   1.111   1.343   0.621   0.005   0.010   0.007   0.006  37  26  37  27  41  32  41  31  0.015  13.89349241257   0.97902357949 L92-S236      
  13.269   0.643   0.745   0.364   0.001   0.002   0.002   0.002  52  42  52  39  74  66  72  58  0.003  13.76276654204   0.82814943631 L92-S178      
  11.336   0.935 -88.663   0.000   0.003   0.005  10.000  14.142  19  18   0   0  21  20   0   0  0.030  14.21159030596   1.09998687002 L92-507       
  18.230   1.542   1.924   0.940   0.005   0.010   0.006   0.004  54  25  54  38  77  49  73  57  0.025  13.89546682040   0.83722885079 L92-S238      
  20.414  79.585   2.585   1.431   0.011  10.000   0.012   0.013  17   0  17  19  28   0  28  33  0.029  13.69530587196   0.90488431454 L92-S465      
  15.431   0.691   0.760   0.363   0.002   0.002   0.002   0.002  48  38  48  41  67  62  66  56  0.001  13.76725005706   0.87726591958 L92-S180      
  13.187   0.815   0.838   0.386   0.002   0.002   0.002   0.002 106  98 106  70 130 127 130  90  0.010  13.65481092135   0.64943370607 L92-250       
  19.926  80.073   2.392   1.328   0.010  10.000   0.011   0.009  20   0  20  31  33   0  33  47  0.022  13.83910929362   0.76488257832 L92-S478      
  19.067   1.551   2.328   1.278   0.006   0.012   0.007   0.007  40  16  40  43  64  36  64  63  0.021  13.86994590759   0.89372026020 L92-S225      
  16.704   0.537   0.676   0.346   0.006   0.008   0.008   0.006  20  18  20  26  42  38  42  44  0.020  13.98627665838   0.61554038154 L92-S367      
  19.784  80.215   2.139   1.114   0.009  10.000   0.012   0.011  23   0  20   6  36   0  33  22  0.017  14.06979386806   0.89647430632 L92-S521      
  16.912   1.162 -83.087   0.000   0.004   0.008  10.000  14.142  13   6   0   0  22  16   0   0  0.012  14.16759370168   0.81117625872 L92-S306      
  19.942  80.057   1.370   0.615   0.010  10.000   0.013   0.013  18   0  16  14  31   0  31  31  0.012  14.04342013597   0.85142138137 L92-S517      
  14.469   0.792   0.844   0.398   0.003   0.004   0.004   0.004  47  42  47  30  60  53  60  42  0.011  13.55926613013   0.76736689952 L92-S158      
  13.650   0.721 -86.349   0.000   0.003   0.011  10.000  14.142   7   5   0   0   8   6   0   0  0.019  13.97646099726   1.19511588415 L92-497       
  19.463   1.086   1.290   0.610   0.006   0.014   0.009   0.009  28   8  27  20  47  23  42  38  0.005  14.01042359372   0.89694171482 L92-S457      
  17.800   0.667   0.854   0.443   0.006   0.008   0.007   0.006  26  19  26  26  46  38  46  44  0.016  13.98571815491   0.63442899472 L92-S262      
  13.992   1.009   1.117   0.502   0.003   0.004   0.004   0.003  23  23  23  25  30  28  30  31  0.006  13.53848135471   0.72698188252 L92-S1        
  19.286  80.713   2.028   1.057   0.009  10.000   0.011   0.008  10   0  10  17  15   0  15  20  0.026  13.49880876541   0.69413653586 L92-S559      
  18.907   0.155   0.696   0.292   0.011   0.016   0.015   0.013  30  26  21  21  53  51  38  38  0.049  13.75159374463   0.94385706054 L92-S427      
  18.987   1.555   2.198   1.173   0.017   0.023   0.021   0.014  11   6  11  10  19   9  17  17  0.032  13.56029103597   0.47568931792 L92-S573      
  17.433   0.819   0.927   0.457   0.004   0.007   0.006   0.006  40  29  40  35  60  46  60  52  0.017  13.97905913989   0.80627156311 L92-S260      
  17.910   0.804   0.935  83.024   0.006   0.009   0.008  10.000  17   9   9   0  37  33  22   0  0.016  14.09349668821   0.63107843611 L92-S288      
  16.411   0.671   0.774   0.380   0.003   0.004   0.005   0.004  30  30  30  22  43  43  43  34  0.012  13.60320566495   0.58182797432 L92-S34       
  14.169   0.894   1.032   0.500   0.005   0.007   0.006   0.009   8   5   5   5  18  16  16  10  0.013  14.14079009692   0.66186301655 L92-S404      
  18.815   0.562   0.734   0.381   0.005   0.008   0.008   0.009  25  17  25  19  36  29  36  27  0.008  14.02881864707   0.99317817688 L92-S379      
  18.792   1.395   1.918   0.986   0.006   0.012   0.008   0.008  28  12  18   5  47  33  31  21  0.017  14.07478177547   0.92473039786 L92-S393      
  17.455   1.073 -82.544   0.000   0.004   0.007  10.000  14.142   7   6   0   0  16  16   0   0 -0.001  14.14612744649   1.11019302050 L92-S406      
  19.828  80.171   2.361  82.532   0.012  10.000   0.013  10.000  11   0   7   0  19   0  19   0  0.014  14.10647814274   1.05142585728 L92-S531      
  16.624   1.436   1.716   0.805   0.004   0.009   0.005   0.004  23  23  23  13  28  26  28  17  0.014  13.54441368977   0.55090141204 L92-S569      
  17.596   1.320   1.580   0.708   0.010   0.012   0.011   0.009  15  13  15  10  17  15  17  12  0.018  13.73182714780   1.10785062419 L92-S598      
  17.392   0.439   0.618  83.225   0.003   0.006   0.006  10.000  21  12   9   0  38  33  22   0  0.010  14.11654942036   0.83000197305 L92-S294      
  18.467   0.814   0.982   0.495   0.004   0.007   0.007   0.008  21   9  18  13  41  33  31  28  0.002  14.05507576863   0.69620057848 L92-S387      
  20.046  79.953   1.972   1.001   0.010  10.000   0.012   0.010  21   0  21  15  35   0  35  34  0.015  13.91237438520   0.82908486048 L92-S495      
  19.025   0.945   1.218  82.192   0.008   0.012   0.010  10.000  19  10   7   0  30  20  21   0  0.018  14.09238576889   1.08143023067 L92-S529      
  17.411   1.328   1.576   0.724   0.003   0.005   0.004   0.004  44  37  44  45  66  62  66  66  0.006  13.85988119443   0.62483356211 L92-S217      
  18.874   0.559   0.696   0.368   0.004   0.006   0.007   0.007  63  41  51  36  86  70  73  56  0.008  13.77666751146   0.73479597131 L92-S184      
  14.604   0.808   0.933   0.446   0.002   0.003   0.002   0.002  38  28  38  27  49  40  49  35  0.006  13.86886435350   1.00199053486 L92-S150      
  17.642   0.676   0.818   0.394   0.005   0.006   0.009   0.009  15  13  13   9  26  25  26  17  0.018  13.91250414848   1.10380567710 L92-S352      
  17.554   0.691 -82.445   0.000   0.004   0.006  10.000  14.142  13   6   0   0  24  17   0   0 -0.001  14.15592147509   0.70498941845 L92-S304      
  16.616   1.447 -83.383   0.000   0.004   0.010  10.000  14.142   7   5   0   0  17  16   0   0  0.019  14.04831953049   1.14115742630 L92-S385      
  20.074  79.925   2.508   1.374   0.008  10.000   0.009   0.008  19   0  19  22  32   0  32  41 -0.000  13.88819913864   0.72555387338 L92-S489      
  19.604   0.586   0.768   0.387   0.008   0.012   0.012   0.011  23  12   8   8  42  30  21  21  0.015  13.68127247492   0.92049332645 L92-S420      
  12.147   0.647   0.736   0.348   0.002   0.003   0.004   0.004  54  43  54  39  76  68  73  57  0.016  13.91214145025   0.91141152382 L92-S140      
  17.782   0.725   0.818   0.399   0.003   0.005   0.004   0.004  49  38  49  45  69  59  69  64  0.003  13.84638132254   0.69289208942 L92-S211      
  18.702   1.176   1.444  82.741   0.005   0.010   0.008  10.000  21  11   9   0  40  34  22   0  0.006  14.10480170250   0.82827514542 L92-S401      
  18.650   0.477   0.666   0.366   0.005   0.008   0.008   0.008  38  27  35  27  49  39  49  35  0.017  13.86134658655   0.99586634000 L92-S344      
  17.911   0.654   0.787   0.397   0.003   0.006   0.007   0.008  29  17  23   8  48  41  36  24  0.015  14.06257274151   0.85015305938 L92-S136      
  19.287   0.859   0.982   0.487   0.006   0.013   0.009   0.010  22   7  14  14  41  28  29  29  0.015  14.02769223452   0.75782709440 L92-S512      
  16.909   1.254   1.473   0.648   0.006   0.007   0.007   0.005  24  17  21  10  35  29  34  18  0.017  14.05357532899   1.04227760633 L92-S156      
  16.133   0.567   0.687   0.340   0.002   0.003   0.003   0.003  45  35  45  39  67  59  67  57  0.007  13.67788225810   0.92176898479 L92-S333      
  17.854   1.576   2.404   1.326   0.005   0.008   0.007   0.011  28  18  17   5  47  38  30  21  0.026  14.07119486332   0.95560885111 L92-S144      
  16.930   0.612   0.760  83.829   0.003   0.006   0.005  10.000  19  10   7   0  29  21  17   0  0.009  14.12289539973   0.98143892076 L92-S296      
  18.942   1.450   1.787   0.845   0.008   0.015   0.015   0.014  12   6  12  10  23  16  17  17  0.019  13.58498613040   0.47709923320 L92-S582      
  19.844  80.155   1.954  82.109   0.009  10.000   0.012  10.000  15   0  10   0  28   0  23   0  0.016  14.08796531359   0.93747413450 L92-S527      
  13.392   0.743   0.801   0.385   0.003   0.005   0.006   0.005  15  14  15  13  20  16  20  17  0.006  13.52206528584   0.55403859933 L92-S565      
  16.194   0.698   0.777   0.378   0.003   0.003   0.004   0.003  44  35  44  38  70  63  70  59  0.009  13.95404839516   0.73135489252 L92-S253      
  17.579   1.338   1.592   0.732   0.004   0.007   0.008   0.007  16  13  16  22  28  28  28  30  0.015  13.88453783989   0.56575387955 L92-S613      
  16.105   0.531   0.679   0.337   0.006   0.009   0.008   0.005  19  13  19  23  20  14  20  24  0.012  13.56592699687   0.98345966089 L92-S575      
  19.416   0.457   0.605   0.304   0.006   0.009   0.009   0.010  32  21  11  11  53  45  24  24  0.006  13.82412571112   0.74538324356 L92-S435      
  17.184   0.475   0.670   0.335   0.003   0.006   0.005   0.006  20  13  20  19  31  25  31  27  0.014  13.97193239530   1.06428550614 L92-S258      
  17.986   1.545   2.180   1.175   0.009   0.019   0.010   0.007  20  11  20  19  22  13  22  21  0.024  13.73399879138   1.06664325502 L92-S170      
  17.826   1.565   2.293   1.253   0.004   0.008   0.006   0.007  30  21  30  31  52  45  52  51  0.023  13.91909079552   0.59782037417 L92-S245      
  20.164   0.472   0.652   0.332   0.008   0.014   0.015   0.017  21  11   7   7  34  22  20  20  0.010  13.84473310312   0.69854096519 L92-S438      
  18.485   0.974   1.120   0.522   0.004   0.008   0.006   0.005  41  20  41  38  63  45  63  58  0.005  13.87195628484   0.65966748767 L92-S227      
  17.984   1.107 -82.015   0.000   0.007   0.010  10.000  14.142   7   6   0   0  16  16   0   0  0.008  14.16400963465   1.11696664108 L92-S408      
  19.352   1.110   1.422   0.642   0.007   0.015   0.011   0.011  19   7  19  19  30  15  30  27  0.015  13.96086438497   1.06272465494 L92-S503      
  16.867   1.054   1.189   0.540   0.003   0.004   0.004   0.004  32  24  32  25  47  40  47  39 -0.000  13.60037031174   0.80138526744 L92-S584      
  18.097   0.675   0.780  82.682   0.004   0.007   0.006  10.000  27  18  15   0  38  30  28   0  0.011  14.07965193590   0.99169890457 L92-S148      
  19.415   1.539   1.975   0.973   0.005   0.015   0.007   0.006  32   9  32  43  53  20  53  63 -0.001  13.89515646299   0.75176301983 L92-S445      
  17.878   0.773   0.883   0.426   0.007   0.016   0.010   0.010  11   6  11  15  11   6  11  15  0.014  14.01146861613   1.03098100662 L92-S154      
  19.179   0.678   0.813   0.398   0.004   0.008   0.008   0.009  37  20  30  30  60  44  47  47  0.010  13.85593019327   0.72157631821 L92-S440      
  20.000  79.999   2.294   1.222   0.008  10.000   0.009   0.007  20   0  20  29  35   0  35  48 -0.003  13.71387580236   0.89561570485 L92-S469      
  19.056   0.456   0.624   0.329   0.007   0.010   0.011   0.010  31  19  15  15  44  29  25  25  0.013  13.81958337625   0.96536814160 L92-S476      
  19.806  80.193   3.223   1.851   0.011  10.000   0.011   0.011  15   0  15  35  30   0  30  54  0.027  13.93993034363   0.67301790608 L92-S358      
  19.188   0.476   0.667   0.357   0.006   0.011   0.010   0.012  20  11   7   7  31  23  20  20  0.005  13.94184648196   1.07897502051 L92-S501      
  18.781   1.414   1.892   0.895   0.020   0.023   0.021   0.008  15   6  15  22  18   8  18  27  0.036  13.50615109652   0.78912095070 L92-S561      
  18.476   0.709   0.825   0.415   0.004   0.007   0.007   0.007  31  20  31  21  52  45  52  39  0.004  14.01868695021   0.91544335895 L92-S373      
  19.955   0.489   0.657   0.332   0.007   0.015   0.013   0.014  19   8   8   8  33  22  20  20  0.011  13.81945962906   0.67289513694 L92-S433      
  16.859   0.736   0.868   0.424   0.003   0.005   0.006   0.006  11  11  10   8  24  24  14  14 -0.000  13.66708650589   0.46506195916 L92-S590      
  18.900   0.541   0.668   0.368   0.006   0.012   0.009   0.010  18  13  16  16  39  36  31  31  0.018  14.00612618079   0.61857013716 L92-S509      
  13.287   0.867 -86.712   0.000   0.009   0.011  10.000  14.142   8   6   0   0  17  16   0   0  0.030  14.17901233037   0.86260576142 L92-S412      
  16.105   0.678   0.783   0.392   0.003   0.004   0.004   0.004  22  13  10   7  42  37  23  22  0.007  14.07055151463   0.71315738784 L92-S284      
  18.525   0.621   0.698   0.347   0.004   0.009   0.011   0.011  26  24  26  29  49  47  45  45  0.027  13.93141280810   0.59520941522 L92-S499      
  18.850   0.876   1.021   0.473   0.006   0.011   0.008   0.009  28  15  28  20  39  26  39  28  0.006  14.01277861198   0.96661907302 L92-S371      
  16.119   0.614   0.715   0.365   0.004   0.006   0.006   0.006  12  10  11   6  17  11  14  10  0.002  13.46355150541   0.55542866389 L92-S551      
  19.555  80.444   2.565  83.009   0.017  10.000   0.018  10.000   8   0   8   0  21   0  21   0  0.035  14.11670974096   0.60849148591 L92-S533      
  14.009   0.750   0.832   0.380   0.007   0.007   0.007   0.003  21  13  21  23  33  22  33  34  0.016  13.56902801196   0.94451760398 L92-S577      
  18.495   1.208   1.528  83.032   0.005   0.011   0.008  10.000  11   7   6   0  21  17  20   0 -0.001  14.10376214186   1.13734302468 L92-S399      
  16.622   0.754   0.836   0.409   0.002   0.003   0.003   0.003  64  51  64  48  92  80  91  73  0.003  13.79125486612   0.73254963345 L92-S188      
  17.775   0.668   0.795   0.399   0.004   0.007   0.012   0.011  12  11  10   7  23  23  14  14  0.012  13.74516809781   0.48832864920 L92-S602      
  19.169   1.469   2.063   1.083   0.006   0.014   0.008   0.006  30  11  30  37  53  27  53  56  0.016  13.74376616478   0.93992957698 L92-S425      
  15.145   0.667   0.771   0.374   0.001   0.003   0.002   0.002  48  36  48  36  72  62  72  56  0.005  13.95029012362   0.88090102937 L92-S138      
  19.691   1.166   1.379   0.650   0.008   0.015   0.012   0.011  26  10  26  25  39  22  39  40  0.020  13.77041207155   0.80716216034 L92-S429      
  17.981   1.365   1.753   0.847   0.010   0.014   0.011   0.005  20  14  20  25  25  16  25  31  0.021  13.54995187918   0.79655962626 L92-S571      
  20.074  79.925   1.937   1.014   0.012  10.000   0.013   0.012   9   0   9  18  20   0  20  32  0.003  14.03912051121   0.64230321354 L92-S515      
  19.460   0.617   0.814   0.419   0.009   0.012   0.013   0.012  29  22  26  22  48  47  42  41  0.025  13.77945454518   0.59980332798 L92-S431      
  19.960   0.865   1.019   0.476   0.009   0.018   0.014   0.014  16   7   8   8  32  18  21  21  0.006  13.95455794334   0.94124398973 L92-S454      
  19.313  80.686   1.906  82.592   0.009  10.000   0.010  10.000  18   0   9   0  34   0  22   0  0.014  14.08494153817   0.67096347756 L92-S525      
  19.551   1.628   2.229   1.176   0.006   0.019   0.008   0.008  31   9  31  26  43  16  43  36  0.009  13.86023297310   0.96525661257 L92-S483      
  17.491   0.943   1.135   0.528   0.004   0.006   0.006   0.006  44  35  44  38  70  61  70  59  0.017  13.96565252940   0.72394273069 L92-S256      
  18.452   1.422   2.093  83.640   0.005   0.010   0.006  10.000  19  10   7   0  30  20  22   0  0.004  14.11148021221   1.05745553282 L92-S292      
  18.138   1.504   2.097   1.102   0.005   0.009   0.007   0.008  75  39  75  48  99  68  99  72  0.038  13.77506048282   0.69741845237 L92-S121      
  15.113   0.725   0.883   0.431   0.001   0.002   0.002   0.002  50  41  50  41  72  65  72  60 -0.000  13.85106714567   0.82852906227 L92-S132      
  19.032   1.413   2.174  83.141   0.007   0.015   0.008  10.000  11   5   7   0  19  12  19   0  0.018  13.85229334037   1.12836211522 L92-S480      
  18.606   1.180 -81.393   0.000   0.006   0.011  10.000  14.142  13   5   0   0  22  15   0   0  0.006  14.16072459221   0.98260576884 L92-S547      
  15.586   1.031   1.113   0.485   0.002   0.003   0.002   0.002  54  42  54  45  80  69  77  66  0.009  13.88109942277   0.75168360458 L92-S231      
  19.464  80.535   3.106  83.641   0.011  10.000   0.012  10.000  12   0   8   0  20   0  20   0  0.032  13.91990825335   1.12568698989 L92-S497      
  19.754  80.245   2.622   1.487   0.010  10.000   0.011   0.012  14   0  14  23  29   0  29  37  0.019  13.97940802574   0.67211273352 L92-S507      
  19.478   1.647   2.804   1.590   0.009   0.019   0.009   0.008  28   5  28  43  49  16  49  63  0.027  13.79740568399   0.66964894533 L92-S339      
  19.076   1.511   2.196   1.174   0.006   0.012   0.007   0.006  34   9  34  44  55  27  55  62  0.012  13.88354204496   0.66018471400 L92-S346      
  14.690   0.972   1.129   0.515   0.003   0.005   0.006   0.005  11  10   8   6  24  24  12  12  0.003  13.74838186900   0.48546763049 L92-S604      
  17.577   0.894   1.029   0.477   0.003   0.007   0.004   0.004  46  37  46  37  62  53  62  49  0.014  13.69499328931   0.84157413112 L92-S335      
  17.399   1.037   1.282   0.566   0.003   0.006   0.005   0.007  13  12  13  10  24  24  24  18  0.013  13.90820002556   1.10321265803 L92-S350      
  14.973   0.736   0.820   0.397   0.003   0.005   0.004   0.003  16  15  16  23  18  18  18  25  0.002  13.53122579853   0.71964745098 L92-S567      
  18.635  81.364   2.345   1.307   0.006  10.000   0.007   0.006  22   0  22  26  45   0  45  46  0.012  13.98938633601   0.67758221202 L92-S266      
  18.600   1.162   1.414   0.639   0.007   0.013   0.010   0.010  21  10  21  18  25  13  25  23  0.010  13.80913200378   1.04379100058 L92-S606      
  16.717   1.202   1.396   0.617   0.004   0.005   0.006   0.004  20  20  20  10  34  34  27  24  0.008  13.66933018366   0.53030663384 L92-S592      
  16.638   0.799   0.908   0.435   0.002   0.005   0.004   0.004  32  27  32  34  50  46  50  49  0.012  13.83652502696   0.60400534497 L92-S206      
  18.987  81.012   2.442   1.370   0.006  10.000   0.008   0.011  18   0  18  12  37   0  31  27  0.022  14.05605107943   0.67374890698 L92-S389      
  15.481   0.759   0.854   0.407   0.003   0.005   0.005   0.004  23  23  23  11  37  37  31  25  0.012  13.67105600039   0.53964308050 L92-S160      
  16.770   1.208   1.424   0.631   0.003   0.005   0.007   0.007  14  14  14  10  27  27  18  18  0.009  13.65144904455   0.50808334986 L92-S588      
  18.524   0.913   1.154   0.522   0.004   0.011   0.006   0.007  20  11  20  14  31  23  31  22  0.015  13.91738266945   1.09180729707 L92-S354      
  20.331  79.668   2.564   1.447   0.011  10.000   0.013   0.013  17   0  17  22  30   0  30  42  0.041  13.80087727706   0.91970976459 L92-S474      
  15.857   0.650   0.815   0.408   0.003   0.004   0.004   0.004  32  22  32  20  46  35  46  29  0.009  13.94587163925   0.96395942052 L92-S146      
  17.414   1.389   1.727   0.824   0.003   0.005   0.004   0.004  46  37  46  35  66  61  66  53  0.011  13.64982156754   0.82068687942 L92-S329      
  20.375  79.624   2.716   1.478   0.008  10.000   0.009   0.009  33   0  33  25  43   0  43  39  0.044  13.69991510709   0.70736984942 L92-S467      
  15.955   0.810   0.930   0.435   0.002   0.003   0.003   0.003  48  40  48  41  70  65  70  58  0.004  13.78630097310   0.85061836514 L92-S186      
  18.175   0.747   0.836   0.399   0.003   0.007   0.005   0.005  48  35  48  41  71  60  71  60  0.014  13.74634914398   0.92860162099 L92-S174      
  17.514   1.218   1.488   0.688   0.005   0.007   0.006   0.005  34  24  34  23  37  27  37  26  0.010  13.77389278213   0.99386631224 L92-S182      
  20.107  79.892   1.767   0.871   0.008  10.000   0.010   0.008  35   0  35  25  48   0  48  43  0.004  13.66577870051   0.75142096056 L92-S418      
  16.755   1.568   2.362   1.314   0.007   0.009   0.008   0.006  17  16  17  23  24  18  24  28  0.016  13.51439160009   0.71410385874 L92-S563      
  18.051   1.457   2.052   1.091   0.005   0.014   0.007   0.007  34  20  34  27  37  23  37  30  0.025  13.73833257357   0.99917432361 L92-S172      
  19.887  80.112   2.014   1.020   0.009  10.000   0.011   0.011  18   0  18  19  29   0  29  28 -0.003  13.89314176242   0.96383885807 L92-S492      
  18.523   1.414   1.718   0.824   0.007   0.015   0.010   0.008  12   9  12  10  13  10  13  12  0.011  13.48587959607   0.48893643167 L92-S557      
  16.629   0.898   0.990   0.472   0.003   0.005   0.004   0.004  26  17  26  21  45  36  44  39  0.008  13.62178841432   0.94907699903 L92-S586      
  19.521   1.613   2.097   1.071   0.006   0.017   0.007   0.006  28   6  28  35  51  17  51  56  0.004  13.90218965213   0.76755020936 L92-S448      
  15.917   0.612   0.764   0.376   0.002   0.003   0.002   0.003  31  22  31  19  42  34  42  27  0.005  13.93466777802   1.01325125694 L92-S152      
  14.592   0.697   0.811   0.400   0.003   0.005   0.006   0.005   9   9   8   8  22  22  12  12 -0.000  13.71504565875   0.45346385929 L92-S596      
  18.713   1.389   1.649   0.760   0.005   0.010   0.006   0.005  45  15  45  44  68  36  68  63  0.012  13.80322646697   0.67963349236 L92-S195      
  16.696   0.807   0.916   0.443   0.005   0.006   0.006   0.004  17  14  17  23  38  38  38  39  0.013  14.02574100097   0.61255648719 L92-S377      
  19.985  80.014   2.556   1.453   0.013  10.000   0.014   0.010   6   0   6   9  17   0  17  23  0.008  14.05873899062   0.61391722785 L92-S519      
  17.817   1.408   1.823   0.893   0.006   0.014   0.008   0.006  29  18  29  23  31  20  31  25  0.023  13.68674631119   0.98724236250 L92-S594      
  16.944   0.467   0.654  83.709   0.003   0.006   0.005  10.000  14  12   7   0  25  24  22   0  0.010  14.08055943648   1.10703500907 L92-S395      
  18.059   1.092   1.248   0.559   0.007   0.010   0.010   0.008  17  13  17  10  20  14  20  13  0.009  13.48021321297   0.69126598888 L92-S555      
  16.760   0.528   0.687   0.343   0.007   0.008   0.013   0.011  13  11  13  23  26  25  26  32  0.024  14.01284564634   0.58477580508 L92-S620      
  19.602   0.787   0.957  81.354   0.009   0.015   0.013  10.000  24   6  12   0  37  21  23   0  0.016  14.08287667433   0.85609651883 L92-S523      
  18.472   0.523   0.685  82.212   0.004   0.007   0.008  10.000  22  12  11   0  41  36  24   0 -0.001  14.08905330499   0.80513214906 L92-S397      
  18.891   0.955   1.171   0.563   0.007   0.013   0.011   0.010  14  10  13  10  25  24  15  15  0.012  13.74155112902   0.49538687176 L92-S600      
  20.087  79.912   2.399   1.316   0.009  10.000   0.010   0.008  17   0  17  22  32   0  32  40 -0.002  13.67693619728   0.86601682981 L92-S462      
  14.853   1.288   1.535   0.677   0.007   0.008   0.012   0.011  11   9  11  22  28  26  28  31  0.023  13.96872720718   0.57727633794 L92-S618      
  14.563   0.894   0.956   0.433   0.002   0.004   0.003   0.003  29  18  29  19  50  43  50  37  0.010  14.03716881673   0.91723182533 L92-S142      
  18.589   1.212   1.440   0.645   0.008   0.011   0.008   0.006  27  14  27  19  37  24  37  26  0.018  13.89550207456   1.02077995936 L92-S348      
  17.752   0.860 -82.247   0.000   0.004   0.006  10.000  14.142   7   6   0   0  16  16   0   0  0.003  14.02335924705   1.14891266717 L92-S375      
  16.679   0.620   0.805   0.403   0.002   0.004   0.005   0.005  32  25  32  27  54  52  54  44  0.011  13.78529355526   0.59500762304 L92-S130      
  14.610   0.650   0.754   0.371   0.001   0.002   0.002   0.002  47  36  47  33  70  61  68  52 -0.000  13.73031843503   0.83567503611 L92-S168      
  15.064   0.689   0.761   0.375   0.004   0.005   0.004   0.003  23  16  23  19  26  19  26  22  0.007  13.72183289528   1.02933919483 L92-S166      
  16.894   1.122   1.316   0.572   0.006   0.011   0.007   0.005  20  13  20  18  22  15  22  20  0.017  13.71644625664   1.08603888856 L92-S164      
  20.613  79.386   2.359   1.305   0.017  10.000   0.018   0.012  16   0  16  16  23   0  23  23  0.021  13.86811365287   1.01166247686 L92-S487      
  20.362   0.697   0.860   0.445   0.011   0.019   0.020   0.026  19  10   7   6  31  20  20  20  0.039  13.86904714108   0.91080386904 L92-S442      
  19.527  80.472   3.031  83.503   0.009  10.000   0.009  10.000  11   0   7   0  20   0  20   0  0.011  14.06992543538   1.10001809226 L92-S391      
  19.446   1.276   1.520   0.709   0.006   0.013   0.010   0.010  28  10  28  34  51  25  51  53  0.020  13.93287488619   0.69833660550 L92-S452      
  18.166   0.615   0.772   0.388   0.003   0.005   0.005   0.007  56  45  56  44  81  72  79  67  0.018  13.79745650291   0.74613391982 L92-S191      
  18.469   1.225   1.519   0.705   0.004   0.009   0.006   0.006  29  16  29  19  50  39  50  37  0.012  14.03844089111   0.89009014236 L92-S382      
  15.959   0.569   0.694   0.342   0.002   0.003   0.002   0.003  56  44  56  45  77  69  77  63  0.004  13.79951630036   0.69027008904 L92-S193      
  18.315   1.026   1.138   0.499   0.007   0.011   0.012   0.012   9   9   8   8  14  14  12  12  0.009  13.83743952910   0.46310258865 L92-S608      
  18.887   1.495   1.854   0.889   0.007   0.016   0.015   0.015  12   6  11  10  23  16  15  15  0.025  13.86597519716   0.50468053023 L92-S610      
  18.647   0.544   0.713   0.369   0.005   0.007   0.007   0.007  44  33  44  31  68  59  65  51  0.009  13.94774823189   0.88476135108 L92-S360      
  17.328   0.584   0.698   0.348   0.002   0.003   0.003   0.004  76  68  76  46 103 102 103  71  0.008  13.75519030044   0.73104845471 L92-S176      
  16.030   0.603   0.710   0.353   0.002   0.003   0.003   0.003  50  39  50  43  68  59  67  61  0.006  13.81206397216   0.90494803111 L92-S201      
  16.008   1.027   1.144   0.507   0.005   0.007   0.012   0.011  12  12  11  10  25  25  15  15  0.019  13.90197812716   0.51104160627 L92-S615      
  18.246   1.147   1.365   0.616   0.004   0.006   0.005   0.005  48  23  48  43  68  43  68  61  0.004  13.70558478038   0.92600280338 L92-S162      
  19.090   1.574   2.283  83.192   0.006   0.018   0.008  10.000  21   6   9   0  38  18  22   0  0.019  14.11061183612   0.85355947336 L92-S402      
  16.682   1.137   1.278   0.577   0.005   0.007   0.007   0.006  13  13  13  10  15  14  15  12  0.002  13.48303117752   0.50414440658 L92-S556      
  18.460   1.560   2.150   1.155   0.013   0.024   0.015   0.011  15  10  15  10  17  11  17  12  0.029  13.74165352186   1.10451240010 L92-S601      
  20.548  79.451   2.501   1.381   0.013  10.000   0.015   0.014  13   0  13  15  22   0  22  33  0.022  13.74596641858   0.91031995773 L92-S472      
  20.077  79.922   2.178  82.100   0.013  10.000   0.015  10.000   6   0   6   0  15   0  15   0  0.025  14.10570598443   1.09938939095 L92-S530      
  20.314   0.822   0.952   0.478   0.009   0.018   0.014   0.015  28  13  15   8  40  24  28  20 -0.001  13.70724959373   0.75562063323 L92-S422      
  13.541   0.707   0.781   0.376   0.002   0.005   0.005   0.005  10  10   9   8  23  23  13  13 -0.000  13.72607796987   0.46028088146 L92-S597      
  15.411   0.630   0.738   0.367   0.003   0.004   0.003   0.003  35  25  35  24  54  44  54  43  0.009  13.98825680415   0.84030714247 L92-S133      
  14.511   0.723   0.815   0.390   0.002   0.002   0.002   0.002  38  28  38  27  49  40  49  35  0.005  13.86272037824   1.00049829076 L92-S149      
  17.222   1.522   2.081   1.090   0.003   0.006   0.004   0.003  44  37  44  45  68  62  68  66  0.015  13.87085212866   0.61560081906 L92-S226      
  17.803   1.091   1.230   0.550   0.003   0.005   0.004   0.004  50  36  50  45  72  61  72  64  0.004  13.88060129484   0.66521610472 L92-S230      
  18.763   1.496   1.977   1.005   0.004   0.010   0.006   0.006  35  14  35  39  55  31  55  55 -0.000  13.69000887871   0.88161021762 L92-S334      
  19.741   1.079   1.323   0.604   0.009   0.016   0.011   0.009  22  10  22  22  38  20  36  36  0.013  13.81740430196   0.87425395807 L92-S432      
  13.490   0.819   0.920   0.446   0.004   0.006   0.007   0.006  16  15  16  10  23  19  22  16  0.008  13.49028174082   0.57502835645 L92-S558      
  16.717   1.283   1.488   0.670   0.005   0.008   0.007   0.004  34  24  34  27  38  28  38  30  0.019  13.73084233602   0.97805878533 L92-S169      
  20.584  79.415   2.461   1.319   0.012  10.000   0.013   0.009  16   0  16  20  24   0  24  37 -0.023  13.88935647011   0.73339775986 L92-S490      
  15.047   0.480   0.617   0.311   0.003   0.004   0.003   0.003  50  42  50  46  58  51  58  54  0.007  13.81529461940   1.03186416944 L92-412       
  18.439   1.566   2.268   1.226   0.004   0.011   0.006   0.005  43  14  43  39  62  32  62  58  0.011  13.94834682147   0.78288525475 L92-S251      
  18.831   1.452   2.079   1.062   0.006   0.013   0.007   0.006  25  10  25  19  35  19  35  26  0.010  13.86127742132   1.04730883916 L92-S343      
  17.483   1.414   1.775   0.853   0.004   0.006   0.005   0.007  29  21  29  19  38  31  38  25  0.014  13.98900502523   1.00388452265 L92-S151      
  12.723   0.929   0.992   0.470   0.001   0.002   0.002   0.002  51  40  51  43  74  65  74  62  0.005  13.71501536369   0.85015609248 L92-S163      
  18.587   1.502   2.143   1.145   0.005   0.011   0.007   0.012  25  13  25  18  36  23  36  26  0.025  13.97643175125   1.04436290105 L92-S364      
  16.857   0.624   0.726   0.360   0.002   0.003   0.003   0.004  52  46  52  28  69  68  69  46  0.005  13.61650582155   0.74747429530 L92-S42       
  18.879   0.958   1.135   0.537   0.004   0.010   0.006   0.007  38  20  38  40  60  43  60  59  0.018  13.90046618780   0.65687105444 L92-S349      
  19.919   1.361   1.739   0.849   0.007   0.019   0.008   0.008  31   9  31  24  48  18  48  44 -0.001  13.77396609982   0.70322758940 L92-S430      
  19.264   1.319   1.658   0.769   0.006   0.015   0.009   0.009  27   8  27  18  37  15  37  26  0.012  14.04073308706   0.98474214700 L92-S458      
  20.305  79.694   2.296   1.252   0.012  10.000   0.014   0.015  16   0  16   5  26   0  26  20  0.016  14.07811698119   0.86166035652 L92-S522      
  16.135   0.656   0.780   0.383   0.002   0.003   0.003   0.003  24  18  24  17  35  30  35  25 -0.000  13.95720518430   1.04012640741 L92-S155      
  15.768   0.770   0.919  85.150   0.002   0.003   0.004  10.000  21  12   9   0  38  33  22   0  0.003  14.11525913874   0.80839016491 L92-S293      
  19.123   0.864   0.987   0.464   0.004   0.008   0.007   0.007  51  33  51  26  70  56  67  44  0.004  13.62153565884   0.75263653331 L92-S417      
  17.857   0.697   0.890  83.032   0.006   0.008   0.009  10.000  15  13   8   0  24  23  22   0  0.017  13.83130067190   1.11671412087 L92-S477      
  19.652  80.347   1.942   0.974   0.008  10.000   0.010   0.009  18   0  18  11  32   0  31  27 -0.003  14.05702719291   0.75527040376 L92-S518      
  18.422   0.822   0.935   0.442   0.004   0.010   0.007   0.007  28  17  28  21  42  30  42  30  0.013  13.95263738632   0.96774013042 L92-S361      
  15.586   0.473   0.636   0.324   0.002   0.003   0.003   0.003  93  86  93  67 121 121 121  92  0.010  13.76355416775   0.73648868746 L92-339       
  17.516   1.588   2.277   1.235   0.003   0.011   0.005   0.005  26  17  26  23  41  33  41  37  0.024  13.59269262155   0.90434486654 L92-S583      
  15.250   0.756   0.915   0.439   0.002   0.003   0.003   0.003  51  40  51  43  74  65  74  62  0.009  13.84896702766   0.85211154593 L92-345       
  17.887   0.587   0.767   0.394   0.003   0.005   0.006   0.006  33  33  33  25  46  46  46  38  0.012  13.57676290671   0.58760709392 L92-S19       
  16.900   1.293   1.472   0.661   0.003   0.005   0.004   0.004  31  31  31  23  45  45  45  37  0.011  13.58823394775   0.56999625577 L92-S25       
  19.361   1.564   2.476   1.373   0.005   0.014   0.006   0.007  47  14  47  44  66  29  66  64  0.018  13.75545808723   0.68148877886 L92-S112      
  17.410   1.440   1.750   0.827   0.004   0.008   0.006   0.006  34  24  34  24  37  27  37  27  0.015  13.77648901145   0.98388305545 L92-S183      
  18.753   1.374   1.893   0.971   0.007   0.014   0.009   0.007  13   6  13  16  34  26  34  31  0.018  14.04731498559   0.60481324037 L92-S384      
  18.502   1.557   2.187   1.169   0.010   0.022   0.014   0.017  15  10  10   6  17  10  13   8  0.027  13.74824109077   1.11175735792 L92-S603      
  16.967   0.741   0.857   0.422   0.003   0.004   0.004   0.004  25  15  25  16  45  39  44  32  0.007  14.04660547972   0.92750169860 L92-S143      
  17.619   1.408   1.903   0.923   0.005   0.009   0.006   0.008  10   9  10   6  21  21  21  14  0.017  14.00723347316   1.10337692579 L92-S619      
  12.662   0.540   0.608   0.293   0.010   0.021   0.019   0.024  10   8   9   6  11   9  11   8  0.042  13.44566437403   0.79315501743 L92-322       
  19.590   1.062   1.259   0.576   0.007   0.015   0.011   0.011  24   8  24  23  43  25  43  43  0.005  13.94705743790   0.81129554643 L92-S453      
  17.035   0.842 -82.964 -83.464   0.009   0.015  10.000  10.000  10  10   0   0  23  23   0   0  0.047  13.92007991473   0.47544148657 L92-S616      
  13.625   0.856   0.946   0.460   0.001   0.002   0.002   0.002  74  67  74  48 103 103 103  74  0.005  13.76346431474   0.72018730720 L92-S116      
  16.297   0.836   0.944   0.441   0.002   0.003   0.003   0.003  31  21  31  19  52  46  50  37  0.001  14.02767320474   0.81619230800 L92-S131      
  15.079   0.616   0.732   0.368   0.002   0.004   0.005   0.005  11  11  10   8  23  23  14  14  0.003  13.66898291906   0.47319535785 L92-S591      
  18.867   1.471   1.925   0.973   0.008   0.020   0.011   0.010  23  14  23  21  25  14  25  23  0.027  13.67943808238   1.02043358644 L92-S593      
  15.303   0.740   0.796   0.382   0.002   0.003   0.003   0.002  49  39  49  43  72  64  72  62  0.005  13.84944834709   0.90384738048 L92-S139      
  15.356   0.958   1.025   0.463   0.002   0.003   0.002   0.002  46  33  46  41  63  56  63  56  0.004  13.89047978719   0.69058997949 L92-S235      
  18.389   0.942   1.134   0.520   0.006   0.008   0.007   0.006  21  16  21  17  32  28  32  25  0.010  13.90830362638   1.03463182688 L92-S351      
  16.443   0.657   0.762   0.384   0.004   0.006   0.006   0.005  23  16  23  19  26  19  26  22  0.009  13.74404848417   1.02624478446 L92-S173      
  19.243  80.756   2.707   1.554   0.011  10.000   0.012   0.012  20   0  20  23  20   0  20  25  0.025  13.61265772978   1.01230670929 L92-S585      
  15.039   0.636   0.728   0.356   0.002   0.003   0.002   0.002  53  40  53  48  73  61  73  63  0.002  13.84008906682   0.67541676097 L92-259       
  18.385   0.670   0.871   0.442   0.004   0.007   0.006   0.007  29  20  29  21  40  32  40  29  0.010  14.02278313835   0.98898230182 L92-S374      
  14.225   0.640   0.732   0.358   0.002   0.003   0.006   0.006  22  12  14   7  42  36  27  23  0.010  14.06587063471   0.79671189202 L92-S520      
  18.395   0.941   1.064   0.507   0.009   0.014   0.019   0.018  11   9  10   8  14  11  14  10  0.026  13.51507682701   0.45999729474 L92-S564      
  18.131   1.042   1.230   0.554   0.006   0.010   0.007   0.006  17  12  17  25  22  14  22  29  0.004  13.52653754354   0.70705658966 L92-S566      
  15.745   1.166   1.337   0.593   0.003   0.006   0.004   0.004  32  25  32  24  46  38  46  33  0.015  13.90642949740   0.96954045428 L92-S147      
  17.170   1.584   2.331   1.281   0.004   0.007   0.005   0.004  21  16  21  29  36  31  36  43  0.009  13.82289369901   0.58263964229 L92-S203      
  17.822   0.841   0.995   0.499   0.004   0.006   0.007   0.007  22  17  22  23  38  36  38  39  0.004  14.02455299894   0.77994551447 L92-S271      
  14.404   1.034   1.207  86.802   0.005   0.008   0.010  10.000  10   7   6   0  11   8  10   0  0.011  13.98555119832   1.17810424381 L92-498       
  19.097   1.657   2.694   1.510   0.005   0.013   0.006   0.007  42  10  42  49  65  24  65  70  0.019  13.79899327755   0.71712868161 L92-S192      
  19.595  80.404   2.375   1.285   0.009  10.000   0.010   0.008  28   0  28  39  46   0  46  58  0.035  13.86160415808   0.87256356557 L92-S345      
