# V        B-V     V-I     R-I    Nnight--------  nobs----------  Vary? R.A.             D.E.C.         Name    
  20.334  79.665   2.292   1.155   0.008  10.000   0.010   0.014  43   0  43  19  48   0  48  23  0.029  58.37176302274   0.01958721108 L95-S58       
  14.051   1.056   1.236   0.595   0.003   0.005   0.006   0.007  35  14  12  12  37  16  13  12  0.010  58.71157261531   0.06630345980 L95-S142      
  14.184   0.738   0.911   0.461   0.002   0.004   0.005   0.005  33  12  11  10  34  13  12  10  0.007  58.74527260462   0.15608200762 L95-S422      
  19.338   1.806   2.835   1.553   0.006   0.019   0.008   0.011  68   8  58  26  79  15  79  30  0.030  58.44568629265  -0.02672808011 L95-S74       
  18.256   1.462   1.803   0.845   0.004   0.013   0.006   0.007  50  19  23  15  57  23  33  17  0.020  58.27130866845   0.09638416078 L95-S165      
  18.585  81.414   2.226   1.092   0.011  10.000   0.012   0.008  19   0  18  15  22   0  22  20  0.033  58.32715771198   0.29612124549 L95-S233      
  18.705  81.294   2.034   1.007   0.007  10.000   0.010   0.010  36   0  13  13  40   0  20  19  0.017  58.52826141516   0.18169991599 L95-S299      
  18.872   1.266   1.489  82.616   0.005   0.016   0.011  10.000  24  23  16   0  24  23  16   0  0.031  58.64659698804   0.58994462808 L95-S104      
   9.556   0.541 -90.443   0.000   0.005   0.008  10.000  14.142  46  16   0   0  50  20   0   0  0.038  58.55694765250  -0.13995568858 L95-52        
  17.133   1.075   1.253   0.600   0.003   0.005   0.004   0.005  70  46  38  13  90  66  63  17  0.012  58.28175257643  -0.02924765163 L95-S33       
  19.923  80.076   2.227   1.107   0.007  10.000   0.008   0.010  49   0  48  23  56   0  56  27  0.011  58.37860358556  -0.04798556116 L95-S62       
  16.464   1.205   1.366   0.650   0.005   0.010   0.006   0.008  17   7   8   5  20  12  14   7  0.013  58.42456836700   0.32531581402 L95-S263      
  15.628   0.829   1.010   0.503   0.002   0.008   0.003   0.004  45  14  12  12  46  15  17  12  0.013  58.63697444598  -0.02123730871 L95-S365      
  17.055   0.913   1.134   0.566   0.004   0.009   0.010   0.011  30  11   9   9  31  12  10   9  0.012  58.70328984261   0.22122559018 L95-S404      
  13.313   0.952   1.211   0.539   0.017   0.018   0.024   0.018  10   5   5   5  10   5   5   5  0.031  58.96401623090   0.12140212854 L95-S572      
  18.296  81.703   2.235   1.118   0.005  10.000   0.008   0.009  44   0  13  13  54   0  24  19  0.026  58.54080924193  -0.04222992897 L95-S305      
  18.120   1.099   1.204   0.581   0.005   0.015   0.010   0.014  40  12  12  11  40  12  16  11  0.019  58.60291398366  -0.12808913549 L95-S341      
  17.492   1.029   1.222   0.593   0.003   0.014   0.006   0.009  38  12  11  10  39  13  16  10  0.017  58.65129456520   0.27818636788 L95-S374      
  17.081   1.016   1.148   0.559   0.004   0.007   0.006   0.006  31  22  18  15  37  30  27  20  0.011  58.34499598344   0.29540769683 L95-S81       
  16.659   0.888   1.079   0.562   0.003   0.008   0.008   0.011  35  12  11  11  35  12  11  11  0.014  58.77320147753  -0.05269052956 L95-S438      
  16.884   1.637   2.466   1.370   0.003   0.008   0.004   0.007  64  40  37  21  73  47  51  24  0.022  58.31486291488   0.08913265652 L95-S43       
  17.078   1.233   1.496  84.417   0.003   0.007   0.007  10.000  25  24  16   0  25  24  16   0  0.016  58.54361506701   0.59874938329 L95-S127      
  19.469   1.058   1.279   0.606   0.006   0.016   0.011   0.017  42  12  23  13  46  15  34  16  0.023  58.32162563006   0.11527100033 L95-S231      
  16.941   1.628   1.972   0.936   0.004   0.009   0.006   0.006  21   6   8   7  27  11  14  10  0.004  58.50721503496  -0.19700836288 L95-S292      
  18.380   1.181   1.388   0.666   0.004   0.017   0.008   0.010  40  11  11  11  41  12  16  11  0.009  58.65716956457   0.02148243374 L95-S376      
  16.791   1.048   1.180   0.552   0.003   0.008   0.006   0.008  47  15  15  15  51  19  21  17  0.012  58.55737618605   0.12854674763 L95-S312      
  15.625   0.945   1.075   0.530   0.003   0.006   0.006   0.008  39  11  11   9  39  11  11   9  0.010  58.61311662992  -0.16862517715 L95-S350      
  14.509   0.847   0.964   0.464   0.004   0.004   0.006   0.006  19  11   5   5  23  16   9   9  0.006  58.02999054392   0.04035580635 L95-S471      
  18.347   1.641   2.075   1.024   0.005   0.014   0.006   0.007  62  29  43  18  75  39  65  21  0.031  58.31708643436  -0.06273589664 L95-S45       
  15.652   1.036   1.287   0.641   0.002   0.007   0.004   0.005  42  14  14  12  43  15  19  12  0.009  58.60687971910  -0.07382509708 L95-S346      
  11.304   0.711   0.802   0.380   0.002   0.002   0.008   0.009  44  23   7   7  51  32  17  13  0.018  58.16800797780  -0.08960292127 L95-15        
  14.841   0.878   1.026   0.509   0.001   0.002   0.002   0.003 107  81  78  16 119  99  97  19  0.005  58.23957481384  -0.00532086584 L95-97        
  14.113   1.244   1.389   0.647   0.003   0.005   0.004   0.005  49  42  39  18  52  45  43  21  0.013  58.69108599027   0.43175901837 L95-276       
  16.704   0.884   1.061   0.524   0.004   0.009   0.007   0.010  48  17  17  15  53  21  24  15  0.023  58.58277392387   0.06262919532 L95-S329      
  18.923  81.076   2.723  83.799   0.005  10.000   0.012  10.000  30   0   9   0  31   0  10   0  0.029  58.69705702464   0.01775465111 L95-S400      
  19.060   1.540   1.939   0.944   0.004   0.018   0.006   0.008  56  21  56  13  61  28  61  16  0.027  58.25931855142   0.04956192970 L95-S25       
  17.875   1.693   2.308   1.184   0.004   0.012   0.005   0.006  58  33  44  22  72  46  65  25  0.030  58.32779934406   0.07467547205 L95-S49       
  17.352   1.357   1.616   0.754   0.003   0.005   0.004   0.006  77  41  47  23  91  56  70  27  0.011  58.45643655459  -0.04228003502 L95-S77       
  15.203   0.803   1.018   0.516   0.002   0.004   0.003   0.004  62  38  29  18  75  52  45  21  0.012  58.30853230556   0.10423040920 L95-S171      
  18.069   1.479   1.780   0.833   0.004   0.015   0.006   0.007  42  15  15  15  49  21  25  19  0.019  58.45995766322   0.15076686939 L95-S275      
  14.231   1.108   1.318   0.647   0.003   0.007   0.005   0.007  29  12  11  11  29  12  11  11  0.011  58.78059846958   0.25815239800 L95-S444      
  19.391  80.608   2.286  82.894   0.008  10.000   0.012  10.000  28   0  19   0  28   0  19   0  0.011  58.59307759603   0.43273676236 L95-S113      
  17.666   1.681   2.726  85.059   0.006   0.011   0.015  10.000  25  22  16   0  25  22  16   0  0.036  58.55489966472   0.58255870289 L95-S123      
  14.199   1.167   1.342   0.654   0.002   0.003   0.003   0.003  72  54  47  22  87  74  69  25  0.008  58.32011198997  -0.04968395127 L95-S173      
  14.861   1.038   1.289   0.656   0.002   0.004   0.005   0.005  50  24  20  19  57  34  29  24  0.012  58.39568216006   0.20980555428 L95-S187      
  12.893   0.669   0.799   0.416   0.003   0.004   0.004   0.004  42  10  10  10  48  19  17  15  0.008  58.24268077215   0.19236640082 L95-S219      
  19.581  80.418   2.019   0.988   0.006  10.000   0.010   0.015  43   0  23  14  47   0  36  17  0.019  58.47142100334  -0.01459422853 L95-S281      
  16.062   1.423   1.860   0.917   0.004   0.006   0.009   0.009  31  12  11  11  32  13  12  11  0.015  58.76201647520   0.18382824749 L95-S430      
  17.014   1.461   1.698  84.683   0.005   0.012   0.007  10.000  31  23  25   0  34  24  29   0  0.041  58.67019764582   0.42900859833 L95-S85       
  15.186   1.095   1.254   0.613   0.003   0.007   0.004   0.007  40  12  11  11  41  13  12  11  0.013  58.68673384984   0.04554100355 L95-S398      
  13.337   0.604 -86.662   0.000   0.006   0.009  10.000  14.142  12   6   0   0  12   6   0   0  0.021  57.92341020902   0.01562367757 L95-S455      
  10.932   1.584   1.682   0.810   0.004   0.005   0.005   0.005  34  29  22  22  34  29  22  22  0.020  58.93505330086   0.11757833196 L95-149       
  18.536  81.463   1.940   0.926   0.004  10.000   0.010   0.012  41   0  12  12  42   0  17  12  0.015  58.63266135852  -0.04689110332 L95-S363      
  17.523   1.311   1.663   0.769   0.008   0.017   0.012   0.012  10   5   5   5  10   5   5   5  0.008  58.95874249140  -0.14526907709 L95-S570      
  11.733   0.638   0.716   0.350   0.002   0.004   0.006   0.008  31  19   7   7  37  26  16  12  0.012  58.18463929494  -0.11663113276 L95-19        
  15.141   0.808   0.898   0.452   0.004   0.008   0.010   0.010  19   6   6   6  25  13  11  11  0.017  58.06779348850   0.23517732528 L95-S475      
  13.110  86.889   0.738  87.627   0.004  10.000   0.005  10.000  16   0   5   0  22   0  10   0  0.008  58.08337666194  -0.16147264375 L95-S480      
  13.390   1.015   1.097  87.706   0.005   0.008   0.007  10.000  18  18  15   0  18  18  15   0  0.014  58.51014559865   0.54231311798 L95-S136      
  18.309   1.011   1.255   0.612   0.007   0.018   0.010   0.010  22   8  13  12  23  11  18  14 -0.001  58.37098096212   0.31895830976 L95-S248      
  15.604   0.799   0.948   0.473   0.002   0.003   0.002   0.004 114  86  78  19 127 104  98  22  0.005  58.25326061323   0.00443639676 L95-100       
  15.214   1.034   1.186   0.571   0.002   0.003   0.003   0.004  79  57  53  24  97  75  75  28  0.010  58.35494747162   0.02301219463 L95-106       
  16.231   0.904   1.100   0.552   0.002   0.007   0.006   0.006  52  18  17  14  64  29  31  18  0.015  58.48687375387  -0.08064784262 L95-S199      
  19.592  80.407   2.150   1.050   0.007  10.000   0.010   0.011  50   0  42  19  55   0  55  22  0.021  58.45795656840  -0.01130143060 L95-S273      
  19.080  80.919   2.590   1.419   0.009  10.000   0.012   0.019  26   0  11  10  26   0  11  10  0.022  58.79071280956   0.25032503704 L95-S448      
  17.417   0.777 -82.582   0.000   0.006   0.018  10.000  14.142  12   6   0   0  12   6   0   0  0.017  57.96086297035   0.01495191362 L95-S460      
  15.938  84.061   1.052   0.532   0.003  10.000   0.009   0.011  39   0   8   7  43   0  13   7  0.036  58.55028987328  -0.13782151328 L95-S309      
  20.298  79.701   2.719   1.482   0.012  10.000   0.013   0.015  28   0  28  20  32   0  32  23  0.023  58.43253774643   0.05239220460 L95-S70       
  17.696   1.258   1.544   0.755   0.004   0.012   0.008   0.008  51  15  15  15  60  23  25  19  0.020  58.52983425260  -0.07214542813 L95-S301      
  18.702  81.297   2.586   1.467   0.006  10.000   0.011   0.016  30   0  11  10  31   0  12  10  0.043  58.70653436979  -0.02596882714 L95-S406      
  17.785   1.057   1.230   0.600   0.003   0.011   0.008   0.009  37  12  11  11  37  12  11  11  0.003  58.73574345907  -0.06136549844 L95-S418      
  13.133   1.074   1.183   0.538   0.004   0.007   0.010   0.014  18  11   9   8  24  18  14  11  0.024  58.15491453807  -0.22927226914 L95-S496      
  15.602  -0.203  -0.265  -0.133   0.003   0.005   0.005   0.005 113  86  77  58 128 105  99  64  0.022  58.43195797602  -0.07599473212 L95-42        
  17.833   1.223   1.396   0.661   0.004   0.013   0.007   0.009  37  12  11  10  38  13  16  10  0.007  58.64986565908   0.06934983121 L95-S372      
  19.108  80.891   2.413   1.288   0.008  10.000   0.012   0.017  16   0   6   6  16   0   6   6  0.017  58.89771536191  -0.00968962987 L95-S558      
  15.394  84.605   1.566   0.750   0.007  10.000   0.014   0.014   6   0   6   6   6   0   6   6  0.013  58.29425583283   0.45632044103 L95-252       
  17.923   1.509   2.747   1.602   0.004   0.017   0.006   0.014  45  12  12  12  46  13  17  12  0.024  58.62638453643   0.01115544001 L95-S356      
  20.274  79.725   2.160   1.098   0.010  10.000   0.012   0.019  32   0  28   9  34   0  34  12  0.017  58.23261677424  -0.10882519192 L95-S509      
  15.709   1.245   1.433   0.669   0.002   0.005   0.003   0.003  68  45  35  25  81  58  49  28  0.012  58.38704466820   0.09440027449 L95-S183      
  15.212   0.994   1.179   0.606   0.003   0.007   0.011   0.020  41  23  14  14  48  31  20  20  0.040  58.45395603180   0.17384799110 L95-S269      
  19.248   0.910   1.078   0.568   0.007   0.020   0.013   0.022  39   6  12  12  45  10  23  15  0.030  58.48311764399  -0.07936311510 L95-S285      
  16.490   0.999   1.162   0.567   0.004   0.009   0.009   0.010  22  11  10  10  22  11  10  10  0.013  58.82266545296   0.08984362178 L95-S553      
  15.581   0.723   0.882   0.449   0.002   0.006   0.006   0.008  38  23  16  11  44  30  25  14  0.016  58.21004735629  -0.10647830698 L95-S211      
  13.706   0.816   1.007   0.498   0.003   0.004   0.005   0.007  21   7   8   8  28  15  14  11  0.009  58.49265888532  -0.18525002731 L95-S287      
  15.640   0.851   1.067   0.536   0.004   0.011   0.008   0.008  10   5   5   5  10   5   5   5  0.004  58.94306553205  -0.02330887794 L95-S566      
  18.377   1.319   1.579  83.201   0.005   0.014   0.008  10.000  27  24  17   0  27  24  17   0  0.023  58.57292354107   0.45036393417 L95-S119      
  16.244   0.912   1.108   0.561   0.002   0.004   0.003   0.003  51  21  19  16  58  31  29  21  0.004  58.35976061821   0.16878191087 L95-S178      
  18.220   0.936   1.167   0.603   0.005   0.012   0.009   0.010  62  36  33  23  73  45  47  26  0.036  58.44169611931   0.08805246830 L95-S195      
  17.320   0.923   1.117   0.571   0.004   0.010   0.006   0.006  39  18  16  16  46  26  26  22  0.017  58.46546397209   0.11552214093 L95-S279      
  18.557  81.442   1.830   0.844   0.005  10.000   0.012   0.013  42   0  14  12  46   0  21  12  0.027  58.55834386349   0.15537837346 L95-S314      
  19.306  80.693   1.633   0.772   0.007  10.000   0.013   0.018  31   0  10  10  31   0  16  12 -0.011  58.56195119619   0.23261796845 L95-S318      
  17.891   1.057   1.236   0.629   0.006   0.013   0.009   0.012  31  11  11  11  32  12  12  11  0.016  58.71440947851   0.22694262081 L95-S410      
  19.172  80.827   2.670   1.502   0.007  10.000   0.010   0.014  29   0  16  10  32   0  31  13  0.028  58.22092396418  -0.12842741013 L95-S3        
  19.283   1.153   1.476  82.192   0.008   0.018   0.014  10.000  23  22  16   0  23  22  16   0  0.026  58.70169976552   0.62152430852 L95-S156      
  13.109   0.834   0.999   0.510   0.003   0.004   0.005   0.004  45  21  17  15  57  33  32  18  0.013  58.49079333941   0.06594458898 L95-S201      
  16.534   0.963   1.166   0.586   0.003   0.008   0.005   0.006  31  12  11  11  31  12  11  11  0.009  58.77572453022   0.20862451553 L95-S440      
  16.448   0.936 -83.551 -84.066   0.010   0.016  10.000  10.000  11   8   0   0  11   8   0   0  0.023  58.42854250272   0.40006747088 L95-S530      
  17.487   1.498   1.918  84.430   0.011   0.017   0.013  10.000  16  15  10   0  16  15  10   0  0.032  58.73917209307   0.63421039806 L95-S91       
  15.608   0.666   0.810   0.412   0.002   0.009   0.005   0.007  35  11   8   8  38  15  14  11  0.013  58.12330493927   0.04752442678 L95-S493      
  15.920  84.079   1.152  85.231   0.007  10.000   0.012  10.000   8   0   7   0   9   0   8   0  0.021  58.20019979477   0.46876023240 L95-S139      
  16.123   0.921   1.057   0.508   0.002   0.009   0.006   0.007  43  14  12  12  44  15  17  12  0.015  58.62849912643   0.12688178486 L95-S358      
  20.158  79.841   2.507   1.382   0.010  10.000   0.011   0.016  47   0  47  10  47   0  47  11  0.045  58.26328256826  -0.00611328019 L95-S27       
  19.017   1.326   1.580  82.562   0.008   0.018   0.013  10.000  23  14  19   0  23  14  19   0  0.005  58.66513403257   0.42259510358 L95-S102      
  18.766   1.720   3.061  84.294   0.008   0.016   0.020  10.000  24  21  16   0  24  21  16   0  0.043  58.56835694313   0.55991466310 L95-S121      
  19.375  80.624   1.680   0.755   0.006  10.000   0.019   0.023  36   0  13  13  39   0  20  16  0.037  58.54652589957  -0.05561270926 L95-S307      
  17.982  82.017   1.560   0.723   0.003  10.000   0.011   0.012  45   0  12  12  45   0  16  12  0.030  58.62906692028  -0.05421301153 L95-S360      
  18.244   1.068   1.221   0.593   0.005   0.013   0.008   0.012  39   6   7   7  46  11  17  13  0.013  58.23388414383   0.14592723529 L95-S217      
  16.117   1.209   1.366   0.649   0.003   0.007   0.006   0.006  31  12  11  11  32  13  12  11  0.011  58.77134670615   0.16291518953 L95-S436      
  15.399   0.810   1.093   0.554   0.002   0.003   0.002   0.004  62  45  35  16  77  65  58  19  0.006  58.28700674772  -0.04972151438 L95-S35       
  19.008   1.208   1.356   0.628   0.004   0.013   0.006   0.008  64  28  51  22  78  35  73  25  0.027  58.34459468524   0.03520190120 L95-S53       
  12.332   0.927   1.127   0.564   0.004   0.013   0.009   0.012  51  12  14   5  62  23  25   9  0.033  58.51912899216  -0.08577539470 L95-S207      
  18.925  81.074   1.344  82.418   0.005  10.000   0.011  10.000  37   0  10   0  38   0  16   0  0.032  58.59309697151  -0.08733418994 L95-S335      
  18.380   0.902   1.067   0.528   0.004   0.017   0.013   0.015  39  12  11   9  40  13  16   9  0.023  58.63894023895   0.15295856131 L95-S367      
  17.695   0.942   1.106   0.565   0.003   0.018   0.011   0.013  33  11  10  10  33  11  10  10  0.025  58.79816813866  -0.03599696345 L95-S450      
  19.454  80.545   2.573   1.402   0.007  10.000   0.012   0.013  31   0  11  11  34   0  16  15  0.028  58.29075769583   0.13797532664 L95-S225      
  18.399   1.074   1.264   0.624   0.004   0.010   0.008   0.009  48  13  20  16  52  20  29  21  0.010  58.30695037047   0.23127312660 L95-S229      
  16.865   0.958   1.124   0.564   0.003   0.013   0.006   0.013  40  12  12  12  43  14  17  12  0.025  58.57815982501  -0.12613852713 L95-S324      
  18.975  81.024   2.338   1.187   0.011  10.000   0.017   0.016  10   0   8   7  11   0  10   7  0.015  58.34920818011  -0.24241944525 L95-S523      
  16.342   0.429   0.492   0.275   0.004   0.009   0.007   0.007  38  17  11  11  45  26  21  16  0.021  58.18992670377   0.08272066116 L95-S503      
  17.371   1.045   1.231   0.590   0.003   0.005   0.004   0.005  61  40  35  16  69  53  50  19  0.008  58.24873374303  -0.05418271965 L95-S17       
  18.777   1.768   2.208  83.430   0.007   0.017   0.011  10.000  28  19  21   0  28  19  21   0  0.017  58.72377230326   0.49586381700 L95-S93       
  19.358   0.821   1.077   0.528   0.005   0.010   0.008   0.009  54  27  40  21  65  38  58  25  0.006  58.35451438427   0.06167691231 L95-S176      
  16.305   1.666   3.006   1.774   0.004   0.013   0.006   0.008  64  31  29  18  68  35  33  19  0.035  58.40362718900   0.08929222107 L95-S189      
  17.908   0.902   1.164   0.585   0.005   0.012   0.009   0.009  34  13  11  11  35  14  13  11  0.009  58.68049818675   0.26286046028 L95-S390      
  15.109   0.750   0.932   0.474   0.003   0.006   0.004   0.004  38  13  11  10  39  14  12  10  0.009  58.68158456484   0.15335699929 L95-S392      
  17.643   0.747   0.907   0.459   0.003   0.016   0.012   0.013  29   7   5   5  29   7   5   5  0.013  58.73842714628  -0.10620219760 L95-S420      
  20.666  79.333   2.514   1.302   0.011  10.000   0.012   0.014  33   0  33  18  38   0  38  23  0.020  58.36738970280  -0.00442390230 L95-S56       
  17.257   1.246   1.666  84.408   0.004   0.009   0.005  10.000  28  25  18   0  28  25  18   0  0.016  58.58245165348   0.48355459091 L95-S117      
  19.442  80.557   1.473   0.705   0.007  10.000   0.015   0.016  36   0  14  12  42   0  26  15  0.024  58.47937100728  -0.11723893146 L95-S283      
  12.596   0.688   0.873  88.276   0.003   0.006   0.006  10.000   9   8   7   0   9   8   7   0  0.002  58.74911378225   0.46342254215 L95-S89       
  16.994   0.889   1.080   0.540   0.003   0.005   0.004   0.005  64  38  30  22  76  50  45  25  0.013  58.39326133728   0.09814860980 L95-S185      
  11.661   0.763   0.848  89.186   0.003   0.011   0.007  10.000  33   6   9   0  40  14  15   0  0.019  58.46480607986  -0.17549168269 L95-S277      
  19.121  80.878   1.460   0.691   0.006  10.000   0.009   0.013  43   0  19  15  52   0  33  18  0.020  58.51409491499   0.02689787229 L95-S294      
  18.494  81.505 -81.505 -82.532   0.010  10.000  10.000  10.000  12   0   0   0  12   0   0   0 -0.011  58.23949570656   0.35201478256 L95-S512      
  18.106   1.415   1.719  83.612   0.004   0.010   0.008  10.000  24  22  16   0  24  22  16   0  0.015  58.61284235319   0.55358981609 L95-S110      
  12.060   0.451   0.542   0.288   0.002   0.003   0.003   0.003  79  58  42  42  81  60  43  43  0.023  58.71532365481   0.08934358279 L95-132       
  17.559   0.975   1.150   0.558   0.005   0.012   0.011   0.011  22  10  10  10  22  10  10  10  0.011  58.86303556760   0.01999433253 L95-S556      
  12.924   0.594   0.747   0.377   0.002   0.003   0.003   0.003  57  33  33  32  57  33  33  32  0.004  58.78907284339   0.02245127254 L95-142       
  19.773  80.226   2.029   1.012   0.008  10.000   0.009   0.010  47   0  47  11  49   0  49  14  0.038  58.23273005486   0.00875158734 L95-S8        
  19.563  80.436   1.834  82.270   0.010  10.000   0.015  10.000  29   0  20   0  29   0  20   0  0.028  58.65702691078   0.43369937662 L95-S153      
  18.506   0.883   1.090   0.531   0.009   0.020   0.011   0.013  17   7  13   6  18  10  18   8  0.002  58.33881389300   0.31230045213 L95-S238      
  17.678   1.440   1.782  84.103   0.006   0.013   0.008  10.000  22  20  14   0  22  20  14   0  0.026  58.70099070867   0.63173622449 L95-S95       
  16.969   1.023   1.117   0.539   0.004   0.009   0.007   0.009  42  12  13  10  42  12  13  10  0.011  58.60304599603  -0.14966381179 L95-S343      
  19.329   1.367   1.659  82.329   0.009   0.018   0.013  10.000  23  19  16   0  23  19  16   0  0.011  58.55593668222   0.62341669401 L95-S145      
  18.516  81.483   2.067   0.993   0.007  10.000   0.010   0.012  34   0   7   7  39   0  17  13  0.025  58.28489208619   0.14610751788 L95-S223      
  19.365  80.634   2.856   1.680   0.010  10.000   0.013   0.018  29   0  12  12  32   0  20  18  0.045  58.52140307029   0.18553106176 L95-S296      
  16.753   1.287   1.465   0.672   0.003   0.011   0.004   0.007  44  12  11  10  45  13  16  10  0.017  58.64683898290   0.01512280146 L95-S370      
  14.439   0.985 -85.560 -86.163   0.005   0.008  10.000  10.000  15   5   0   0  19  10   0   0  0.014  58.01896339655   0.19570065816 L95-S466      
  19.873  80.126   2.480   1.287   0.008  10.000   0.010   0.014  39   0  34  12  41   0  41  15  0.017  58.24518348376   0.06653045760 L95-S15       
  19.512   1.264   1.569  82.056   0.009   0.018   0.014  10.000  28  20  18   0  28  20  18   0  0.008  58.64925745328   0.47217383491 L95-S151      
  19.032   1.270   1.453   0.667   0.006   0.015   0.008   0.010  48  23  32  13  54  30  48  16  0.027  58.23912820816   0.06563070721 L95-S10       
  16.195   1.238   1.392   0.651   0.003   0.006   0.006   0.007  32  12  11  11  33  13  12  11  0.006  58.71180876096   0.18579536411 L95-S408      
  18.209  81.790 -81.790 -82.606   0.006  10.000  10.000  10.000  15   0   0   0  20   0   0   0  0.020  58.02695662181   0.25418399201 L95-S469      
  14.144   0.765   0.949   0.478   0.002   0.004   0.004   0.004  53  45  36  18  65  63  56  21  0.011  58.29324421485  -0.11252174271 L95-S169      
  10.355   0.563   0.639   0.318   0.004   0.009   0.007   0.006  34  10   7   5  42  20  17   8  0.018  58.13786217372  -0.03098657396 L95-91        
  19.899  80.100   1.641   0.772   0.007  10.000   0.010   0.010  40   0  40  18  49   0  49  22 -0.002  58.33657442729   0.02407966773 L95-S236      
  17.241   1.396   1.610   0.721   0.003   0.013   0.008   0.010  27   5   5   5  27   5   5   5  0.004  58.75037581343  -0.17018935495 L95-S424      
  20.300  79.699   1.421   0.645   0.009  10.000   0.014   0.018  42   0  32   5  44   0  42   8  0.033  58.25147857281   0.04269134733 L95-S514      
  13.451   1.319   1.478   0.708   0.004   0.006   0.005   0.005  28  27  24  24  28  27  24  24  0.030  58.43404657046   0.49727995343 L95-317       
  15.888   0.956   1.156  85.267   0.007   0.009   0.008  10.000  23  19  16   0  23  19  16   0  0.020  58.54758150578   0.41279120869 L95-S125      
  18.024   1.327   1.504   0.704   0.004   0.009   0.005   0.006  63  36  38  19  78  50  61  22  0.020  58.29418812593  -0.04474900140 L95-S37       
  18.790  81.209   1.408   0.673   0.006  10.000   0.009   0.011  40   0  16  15  42   0  23  15  0.026  58.56998698711   0.11805112865 L95-S322      
  16.373   0.977   1.174   0.587   0.004   0.008   0.009   0.010  34  10   9   9  35  11  10   9  0.014  58.72081886927   0.04918012301 L95-S414      
  19.048   1.513   1.804  82.755   0.008   0.017   0.014  10.000  23  22  16   0  23  22  16   0  0.020  58.52155646682   0.60654435211 L95-S132      
  16.793   0.925   1.100   0.561   0.004   0.010   0.006   0.007  35  13   8   8  41  20  17  15  0.017  58.49632296562   0.28386169036 L95-S289      
  15.654   0.879   1.024   0.510   0.001   0.003   0.002   0.004 102  70  69  16 122  91  93  20  0.003  58.28160417676   0.01972842481 L95-102       
  18.135   1.516   1.758  83.622   0.005   0.011   0.008  10.000  36  27  21   0  36  27  24   0  0.018  58.62312394778   0.43675298691 L95-S87       
  17.762   0.985   1.123   0.539   0.004   0.008   0.008   0.009  32  12  10   8  39  19  21  11  0.011  58.21416645050  -0.13534796834 L95-S213      
  18.734  81.265   1.175   0.588   0.006  10.000   0.018   0.019  37   0  11  11  38   0  13  11  0.037  58.58037044207  -0.14849377208 L95-S326      
  18.963  81.036   1.135   0.560   0.015  10.000   0.022   0.019  13   0  11  11  13   0  12  11  0.014  58.73036270142   0.31635743141 L95-S547      
  13.600   1.170   1.420   0.622   0.004   0.009   0.007   0.007   9   5   5   5   9   5   5   5 -0.002  58.94688754082  -0.14938700464 L95-S568      
  14.218   0.459   0.564   0.295   0.003   0.004   0.006   0.006  42  33  31  31  42  33  31  31  0.010  58.91166125933   0.17881213294 L95-231       
  16.719   1.301   1.548   0.728   0.003   0.008   0.005   0.008  40  13  10  10  41  14  15  10  0.010  58.66424523989   0.20923838086 L95-S384      
  19.052   0.871   1.047   0.520   0.004   0.009   0.008   0.011  66  26  46  13  73  36  61  16  0.012  58.24423759778  -0.01020111932 L95-S13       
  17.710   0.861   1.110   0.556   0.004   0.010   0.011   0.013  38  13  11  11  39  14  12  11  0.015  58.68186693192   0.25378325542 L95-S394      
  19.929   1.111   1.337   0.651   0.007   0.021   0.009   0.012  52  13  40  19  61  21  59  23  0.021  58.39770746231  -0.01117416806 L95-S256      
  17.258   0.884   1.016   0.514   0.003   0.007   0.005   0.006  41   6  10   6  48  16  20  11  0.001  58.27706966798   0.17729551315 L95-S221      
  19.071   1.240   1.461   0.731   0.005   0.019   0.008   0.012  41   6  18  17  45  11  27  22  0.019  58.43511881828   0.22077941312 L95-S265      
  18.559  81.440   1.964   0.946   0.007  10.000   0.009   0.008  33   0   9   9  37   0  17  17  0.018  58.44601294200   0.27770605193 L95-S267      
  19.317   0.744   0.905   0.449   0.007   0.011   0.010   0.012  46  27  28   8  53  37  45  11  0.013  58.30444836617  -0.11831394739 L95-S39       
  18.644  81.355   2.336   1.191   0.004  10.000   0.006   0.008  45   0  18  18  52   0  29  24  0.036  58.38111182849   0.16341943635 L95-S254      
  17.981   1.186   1.378   0.669   0.003   0.006   0.004   0.005  79  45  48  27  90  58  68  30  0.008  58.43659243584   0.01456970321 L95-S72       
  17.509   1.560   1.825  84.315   0.004   0.009   0.008  10.000  24  23  16   0  24  23  16   0  0.018  58.68864240646   0.56883709497 L95-S97       
  16.363   0.963   1.124   0.553   0.003   0.009   0.005   0.009  45  14  14  13  48  17  20  13  0.017  58.56010990143   0.18182943874 L95-S316      
  17.877   1.373   1.567   0.715   0.003   0.007   0.004   0.005  74  39  49  24  93  53  72  28  0.009  58.30561996698   0.03865459548 L95-S41       
  16.481   0.920   1.132   0.564   0.002   0.008   0.006   0.007  48  18  17  14  58  29  30  17  0.016  58.49389848709  -0.11650450389 L95-S203      
  19.165   1.188   1.485  82.319   0.007   0.014   0.013  10.000  23  21  15   0  23  21  15   0  0.008  58.62257153193   0.60831033866 L95-S149      
  18.583   0.987   1.091   0.531   0.004   0.007   0.006   0.008  82  29  59  14  90  40  77  17  0.005  58.22660593987  -0.01213118553 L95-S5        
  16.326   0.842   1.034   0.519   0.004   0.006   0.006   0.006  31  24  18  15  37  32  27  20  0.013  58.30788474480   0.29071227286 L95-S79       
  16.514   1.526   1.920   0.946   0.003   0.012   0.007   0.007  45  14  14  11  53  23  23  14  0.023  58.50144127520  -0.12867867364 L95-S205      
  18.149   1.471   1.832   0.885   0.004   0.011   0.005   0.006  69  30  41  20  80  43  61  23  0.024  58.37723358472  -0.10036417117 L95-S60       
  16.526   0.656   0.795   0.409   0.002   0.007   0.006   0.008  52  41  31  15  59  55  48  18  0.025  58.23990675608  -0.11344128079 L95-S162      
  17.942   1.575   1.877   0.880   0.003   0.016   0.006   0.009  42  12  12  11  43  13  17  11  0.006  58.62339398861   0.14330900934 L95-S354      
  17.939   1.166   1.417  83.477   0.008   0.011   0.011  10.000  20  18  12   0  20  18  12   0  0.019  58.67801230748   0.64362038294 L95-S100      
  20.059  79.940   2.650  82.590   0.010  10.000   0.013  10.000  20   0  10   0  22   0  20   0  0.020  58.16313271523  -0.04918222004 L95-S498      
  17.745   1.563   1.847   0.861   0.004   0.016   0.011   0.012  34   7   6   6  34   7  10   6  0.013  58.66038807233  -0.11675627669 L95-S378      
  15.159   1.205   1.427   0.643   0.004   0.010   0.007   0.007  10   5   5   5  10   5   5   5 -0.002  58.93512574832  -0.13479493340 L95-S564      
  16.917   1.081   1.261   0.603   0.004   0.008   0.007   0.009  44  15  16  14  48  19  23  14  0.017  58.58593028386   0.05633946631 L95-S331      
  17.099   1.095   1.232   0.611   0.003   0.011   0.006   0.008  39  13  11  11  42  15  17  11  0.016  58.59701922735   0.27549118784 L95-S337      
  18.722   1.174   1.368   0.629   0.005   0.010   0.006   0.008  44  27  32  13  51  36  50  16  0.013  58.22008264860  -0.04544615852 L95-S2        
  18.992   1.266   1.581   0.790   0.006   0.013   0.007   0.016  69  24  69  12  76  32  76  15  0.031  58.25594561348   0.00313863013 L95-S21       
  10.005   0.149   0.173   0.099   0.002   0.003   0.002   0.002 186 156 145  85 198 176 161  88  0.037  58.22578646342   0.00525906245 L95-96        
  12.197   0.919   1.039   0.477   0.002   0.005   0.004   0.004  32  14  13  13  32  14  13  13  0.018  58.76939362884   0.05225015667 L95-139       
   8.602   0.461   0.588  91.985   0.004   0.005   0.009  10.000  35  19  11   0  36  20  12   0  0.041  58.72229059537   0.01076170180 L95-134       
  11.532   1.124   1.166   0.565   0.002   0.003   0.003   0.002  71  63  39  39  75  66  39  39  0.035  58.87968760331  -0.15367662059 L95-74        
  20.019  79.980   2.491   1.373   0.009  10.000   0.010   0.011  40   0  39  12  42   0  42  15  0.002  58.24436539014  -0.02286499288 L95-S14       
  17.464   1.362   1.607   0.746   0.003   0.005   0.004   0.004  73  45  49  23  93  60  73  27  0.010  58.31598753532  -0.02191035695 L95-S44       
  17.819   0.700   0.874   0.453   0.003   0.006   0.004   0.006 114  67  77  15 124  78  95  18  0.012  58.24296391805   0.01912495030 L95-S12       
  14.331   1.293   1.472   0.661   0.003   0.007   0.005   0.005  45  24  12  12  52  29  22  18  0.017  58.16924158732  -0.08481848505 L95-16        
  17.021   0.772   0.941   0.471   0.003   0.005   0.004   0.005  63  49  35  16  76  68  56  20  0.011  58.27324342132  -0.03373267061 L95-S30       
  14.695   0.969   1.161   0.577   0.002   0.003   0.003   0.004  87  56  56  26 103  79  83  30  0.011  58.44921991030  -0.01311086337 L95-115       
  18.014   1.009   1.204   0.585   0.003   0.008   0.004   0.006  72  44  50  23  92  59  74  27  0.020  58.31833365758  -0.03952867985 L95-S46       
  10.798   0.515   0.624   0.317   0.002   0.003   0.003   0.004  96  69  63  39 111  91  85  43  0.025  58.45251851082  -0.05042391790 L95-43        
  17.679   1.097   1.267   0.614   0.003   0.014   0.008   0.009  35  12  11  11  35  12  11  11  0.012  58.77941841483  -0.05208196865 L95-S443      
  12.176   1.994   2.271   1.103   0.002   0.003   0.003   0.003  80  77  68  47  83  80  72  47  0.031  58.62807523410   0.48489250342 L95-330       
  17.570   1.109   1.318   0.634   0.003   0.006   0.005   0.006  62  40  35  16  71  51  51  19  0.013  58.25874760250  -0.03108882586 L95-S24       
  17.297   0.849   1.048   0.525   0.002   0.004   0.003   0.005  83  53  53  24 103  73  77  28  0.002  58.34716778596  -0.02664225260 L95-S54       
  19.637  80.362   1.959   0.976   0.007  10.000   0.009   0.013  47   0  47  12  50   0  50  15  0.034  58.23160341581   0.00195714778 L95-S7        
  16.358   1.394   1.890   0.965   0.004   0.008   0.006   0.008  79  56  52  24  98  74  75  28  0.034  58.35691107114   0.03904414018 L95-107       
  17.781  82.218 -82.218 -82.756   0.009  10.000  10.000  10.000  15   0   0   0  20   0   0   0  0.034  58.03932531277   0.15566292445 L95-S472      
  19.132  80.867   1.425   0.693   0.005  10.000   0.009   0.011  33   0  13  10  38   0  22  15  0.037  58.32518329620   0.15651460965 L95-S232      
  16.760   0.751   0.909   0.461   0.002   0.004   0.004   0.007  60  43  33  15  68  59  48  18  0.010  58.24702316920  -0.08613407585 L95-S16       
  12.935   0.986   1.196   0.589   0.003   0.005   0.007   0.006  31  10  11  10  31  10  11  10  0.010  58.78779163758   0.09920764181 L95-S447      
  18.044   0.749   0.918   0.474   0.003   0.006   0.004   0.006  88  50  56  16 108  65  80  20  0.012  58.28444420497   0.00136511260 L95-S34       
  15.776   0.802   1.068   0.547   0.003   0.011   0.008   0.008  43  22  22  21  43  22  22  21  0.018  58.78639203707   0.24291934437 L95-227       
  15.724   1.330   1.517   0.687   0.005   0.010   0.008   0.009  41  15  12  12  44  17  18  12  0.023  58.60623757839   0.07007598109 L95-S345      
  17.501   1.729   2.074   1.008   0.004   0.012   0.006   0.008  38  13  11  11  38  13  15  11  0.010  58.60718728701  -0.11679750365 L95-S347      
  13.594   0.955   1.070   0.502   0.002   0.004   0.003   0.004  74  55  53  22  95  77  77  26  0.015  58.33884722392  -0.00513171196 L95-105       
  14.444   0.628   0.744   0.381   0.003   0.005   0.004   0.005  34  14   9   9  41  23  19  14  0.007  58.17735036214   0.07198170874 L95-S502      
  19.425  80.574   2.540   1.399   0.007  10.000   0.009   0.016  44   0  34  14  46   0  46  17  0.043  58.23374959628   0.06682567772 L95-S9        
  15.710   0.858 -84.289   0.000   0.008   0.010  10.000  14.142  12   6   0   0  12   6   0   0  0.010  57.94310452143   0.03099792375 L95-S456      
  16.627   0.876   1.060   0.534   0.003   0.006   0.007   0.009  39  13  11  10  40  14  16  10  0.011  58.66685061455   0.15302744203 L95-S385      
  16.524   0.984   1.185   0.575   0.004   0.016   0.014   0.016  14  10   6   6  16  12   8   6  0.022  58.38848436673  -0.25980555640 L95-S528      
  14.470   1.165   1.297   0.575   0.001   0.003   0.002   0.004 106  78  69  15 115  95  87  18  0.011  58.25094828134   0.04697300699 L95-98        
  16.741   0.884   1.050   0.511   0.002   0.003   0.003   0.004  65  56  47  22  79  75  69  25  0.002  58.32639253934  -0.05314199686 L95-S48       
  19.265   0.942   1.145   0.560   0.005   0.011   0.008   0.010  51  27  37  18  63  36  55  22  0.018  58.30038183928   0.07085539844 L95-S38       
  18.973   1.376   1.586   0.741   0.004   0.011   0.006   0.008  58  25  51  21  73  33  73  25  0.013  58.33569110235   0.01023383564 L95-S50       
  12.686   0.770   0.859   0.422   0.002   0.002   0.002   0.003 100  75  69  13 106  88  84  13  0.006  58.26724744836   0.04726418601 L95-101       
  12.680   1.499   1.514   0.712   0.003   0.005   0.004   0.004  24  23  19  19  24  23  19  19  0.049  58.44583805402   0.44471270031 L95-263       
  18.635   0.851   1.043   0.510   0.004   0.010   0.007   0.015  60  34  36  13  72  47  58  16  0.030  58.30966700315  -0.06392007404 L95-S42       
  19.033   1.322   1.512   0.684   0.004   0.012   0.008   0.011  48  24  33  17  57  31  52  20  0.022  58.29096950293  -0.10212091896 L95-S36       
  17.447   1.223   1.449   0.683   0.004   0.010   0.008   0.008  33  10  11  10  34  11  12  10  0.010  58.74507379532   0.14279070218 L95-S421      
  16.360   0.942   1.029   0.486   0.003   0.010   0.005   0.008  47  19  14  14  52  23  21  16  0.022  58.55892912944   0.10889037450 L95-S315      
  17.660   0.935   1.082   0.538   0.004   0.010   0.012   0.014  48  16  14  13  52  19  21  13  0.025  58.59683767160   0.12773426056 L95-S336      
  16.874   1.092   1.312   0.637   0.003   0.010   0.006   0.007  45  13  12  11  46  14  17  11  0.015  58.64345415433  -0.02778260231 L95-S369      
  13.429   0.776   0.914   0.450   0.003   0.004   0.005   0.004  20  20  20  20  20  20  20  20  0.000  58.70640053749  -0.11773199711 L95-60        
  16.971   0.636   0.791   0.406   0.002   0.004   0.004   0.005  75  59  46  24  93  79  68  28  0.005  58.30400000811   0.01387876934 L95-S40       
  18.521  81.478   2.061   0.979   0.005  10.000   0.011   0.012  36   0  11  11  37   0  14  11  0.014  58.67335909208   0.25488670455 L95-S387      
  17.614   1.087   1.271   0.625   0.003   0.014   0.009   0.010  31   6   5   5  31   6   5   5  0.006  58.68494582176  -0.11555970192 L95-S397      
  19.138  80.861   2.747   1.582   0.007  10.000   0.008   0.016  63   0  63  14  67   0  67  15  0.048  58.26465416749   0.02753780471 L95-S28       
  17.918   1.168   1.448   0.716   0.004   0.015   0.008   0.010  31   9   9   9  32  10  10   9  0.006  58.73309305509   0.05160804523 L95-S417      
  20.530  79.469   2.742   1.550   0.011  10.000   0.013   0.016  33   0  33   9  35   0  35  12 -0.001  58.25420258592  -0.01279052628 L95-S18       
  14.055   0.960   1.181   0.585   0.002   0.003   0.003   0.003  89  56  57  21 108  79  84  26  0.010  58.42167021434  -0.04229611715 L95-41        
  16.126   1.076   1.201   0.584   0.004   0.009   0.009   0.016  29   7   5   5  29   7   5   5  0.019  58.76353484094  -0.08589606974 L95-S431      
  18.729   0.952   1.127   0.546   0.005   0.017   0.014   0.015  40  13  16  15  43  15  22  15  0.023  58.57752071222   0.02232012378 L95-S323      
  17.601   1.411   1.627   0.757   0.003   0.009   0.006   0.007  53  16  15  15  60  22  25  19  0.007  58.43991646767   0.14077385532 L95-S266      
  12.625   0.290   0.415   0.222   0.002   0.003   0.003   0.003  90  66  64  58  96  75  69  63  0.019  58.30514927308   0.27296810044 L95-190       
  17.110   0.786   0.903   0.445   0.002   0.004   0.004   0.006  91  64  56  13 100  81  74  16  0.010  58.22553067207  -0.01239868906 L95-S4        
  19.206  80.793   2.622   1.466   0.008  10.000   0.009   0.011  54   0  45  18  68   0  65  22  0.039  58.33923861186  -0.00334087822 L95-S52       
  13.526   1.522   1.774   0.905   0.002   0.003   0.003   0.004  48  47  39  23  48  47  39  23  0.012  58.58107054234   0.60887356599 L95-328       
  17.588  82.411   1.817   0.873   0.004  10.000   0.016   0.022  34   0   6   6  34   0  10   6  0.031  58.65854479472  -0.13255677223 L95-S377      
  19.166  80.833   1.072   0.526   0.006  10.000   0.019   0.021  32   0  11   9  32   0  11   9  0.013  58.63707768122  -0.15537970119 L95-S366      
  14.390   0.936   1.101   0.536   0.003   0.004   0.004   0.006  43  16  14  10  51  25  21  13  0.009  58.31781524022  -0.16313891729 L95-S230      
  16.401   0.956   1.106   0.517   0.004   0.008   0.007   0.008  19  11   5   5  24  17   9   9  0.011  58.01215206186  -0.06280832715 L95-S464      
  11.264   1.250   1.390   0.671   0.006   0.009   0.010   0.010  20  11   5   5  20  11   5   5  0.015  58.90683263143   0.00029485229 L95-146       
  16.573   1.133   1.323   0.646   0.004   0.008   0.006   0.007  26  12  11  11  27  13  12  11  0.009  58.74821445147   0.27702899615 L95-S423      
  16.659   0.828   1.016   0.515   0.004   0.012   0.008   0.010  46  21  16  16  56  32  27  19  0.032  58.53165731629   0.08578748253 L95-S302      
  18.649  81.350   2.477   1.220   0.006  10.000   0.011   0.011  32   0  11  11  33   0  12  11  0.013  58.71840038300   0.02443499671 L95-S413      
  18.585  81.414   2.674   1.522   0.007  10.000   0.010   0.014  36   0  10  10  37   0  11  10  0.027  58.68340937297   0.13692510155 L95-S395      
  18.498   0.985   1.161   0.573   0.004   0.018   0.011   0.012  34  11  11  11  34  11  11  11  0.003  58.77002685666  -0.00957691828 L95-S435      
  16.612   1.118   1.282   0.625   0.003   0.007   0.009   0.009  38  13  11  11  39  14  12  11  0.012  58.68164660136   0.11212549951 L95-S393      
  13.459   1.763   1.928   0.937   0.002   0.004   0.003   0.004  73  70  64  43  76  73  68  46  0.027  58.68428791364   0.45570433193 L95-275       
  18.253   1.213   1.453   0.678   0.006   0.011   0.010   0.014  25  13  15  11  32  19  21  14  0.021  58.37688910166  -0.19995833503 L95-S251      
  19.317  80.682   2.248   1.123   0.007  10.000   0.016   0.017  28   0   9   9  28   0  10   9  0.018  58.71437861125   0.05041212277 L95-S409      
  17.649   1.352   1.500   0.679   0.003   0.009   0.005   0.006  59  28  31  12  68  35  43  15  0.019  58.27668536107   0.09110807684 L95-S32       
  17.942   1.026   1.295  83.352   0.004   0.009   0.007  10.000  27  25  17   0  27  25  17   0  0.014  58.57260469596   0.46846918821 L95-S120      
  11.693   0.827   0.889   0.419   0.002   0.002   0.003   0.003  60  56  38  29  63  59  39  29  0.013  58.17571083705   0.52167194578 L95-302       
  13.034   1.320   1.434   0.694   0.003   0.004   0.005   0.004  21   8   6   6  27  15  11  11  0.006  58.08474642436  -0.06084147771 L95-S481      
  12.890   0.701 -87.109   0.000   0.004   0.009  10.000  14.142  10  10   0   0  10  10   0   0  0.000  58.77707794706  -0.15878673342 L95-66        
   8.728   0.500 -91.271   0.000   0.006   0.008  10.000  14.142   6   6   0   0   6   6   0   0  0.000  58.56368793249   0.28957037661 L95-206       
  11.490   0.735   0.830   0.411   0.001   0.002   0.002   0.002  46  46  35  35  46  46  35  35  0.000  59.05548930168   0.14648089409 L95-236       
  16.916   1.212   1.491   0.722   0.004   0.008   0.007   0.006  31  12  11  11  31  12  11  11  0.008  58.77293226322   0.14556167709 L95-S437      
  17.678   1.652   2.168   1.070   0.004   0.017   0.011   0.011  32  12  11  11  33  13  12  11  0.024  58.72226985296   0.16299283981 L95-S415      
  13.281   0.788   0.947   0.467   0.002   0.003   0.003   0.003  44  12  11  10  45  13  16  10  0.003  58.65070174535   0.00873113049 L95-S373      
  17.651   1.155   1.420   0.680   0.004   0.011   0.010   0.011  37  12  11  11  38  13  12  11  0.015  58.68674956957   0.19293955167 L95-S399      
  19.075   1.073   1.252   0.599   0.006   0.011   0.008   0.010  53  26  36  13  60  34  51  15  0.014  58.26088398298  -0.02520604716 L95-S26       
  16.710   1.140   1.307   0.636   0.003   0.016   0.005   0.006  46  18  14  14  57  28  25  19  0.036  58.54111266136   0.01863167432 L95-S306      
  15.553   0.904   1.076   0.524   0.003   0.007   0.006   0.009  50  17  17  15  55  22  25  15  0.020  58.56981817087   0.00525268555 L95-S321      
  13.510   0.942   1.113   0.557   0.002   0.005   0.004   0.004  45  17  15  14  48  20  21  14  0.009  58.58793031375   0.20974056668 L95-S332      
  16.453   1.152   1.357   0.637   0.003   0.015   0.006   0.007  32   7   5   5  32   7   5   5  0.016  58.68089946111  -0.11920606136 L95-S391      
  18.281  81.718   1.253   0.617   0.006  10.000   0.018   0.018  28   0   5   5  28   0   5   5  0.014  58.71560335159  -0.12655198945 L95-S411      
  15.575   1.232   1.500   0.729   0.003   0.008   0.008   0.011  44  15  12   7  55  30  28  10  0.022  58.46306408246  -0.13841030068 L95-S276      
  19.078  80.921   2.345   1.161   0.005  10.000   0.008   0.012  35   0  11  11  37   0  18  11  0.009  58.59258899689   0.00906896167 L95-S334      
  17.576   1.424   1.744   0.847   0.004   0.009   0.007   0.008  42  12  12  10  53  21  22  13  0.012  58.34289969603  -0.14748251703 L95-S239      
  15.125   1.050   1.205   0.599   0.003   0.013   0.005   0.010  33   9   6   5  36  12  12   5  0.019  58.57953781287   0.26554360072 L95-S325      
  17.333   1.381   1.600   0.732   0.004   0.011   0.006   0.006  50  19  15  13  57  24  25  16  0.018  58.20666268667   0.05615526676 L95-S210      
  17.907  82.092   1.287   0.635   0.004  10.000   0.016   0.019  27   0   5   5  27   0   5   5  0.020  58.79615211089  -0.11219966994 L95-S449      
  17.102   1.235   1.499   0.723   0.004   0.009   0.007   0.008  37  11  11  11  38  12  12  11  0.011  58.70806550980   0.04351527108 L95-S407      
  18.087   1.606   2.315   1.253   0.005   0.012   0.009   0.015  37   8  10   8  44  14  16  11  0.023  58.25123195921  -0.14619066556 L95-S220      
  18.382   1.218   1.419   0.659   0.004   0.020   0.013   0.016  32   8   8   8  32   8   8   8  0.014  58.76100621422  -0.07098782063 L95-S427      
  19.161  80.838   2.156   1.106   0.006  10.000   0.009   0.009  32   0  18  11  37   0  29  14  0.028  58.21018293699  -0.09031750255 L95-S212      
  12.818   0.944   1.138  88.319   0.003   0.005   0.006  10.000  27  25  17   0  27  25  17   0  0.009  58.57553665638   0.52111184597 L95-S148      
  13.669   1.398   1.586   0.768   0.004   0.008   0.006   0.006  20  20  20  20  20  20  20  20  0.000  58.92300348282   0.44383568870 L95-284       
  19.730  80.269   1.975   0.987   0.009  10.000   0.014   0.014  23   0   9   8  25   0  14  11  0.006  58.11924898624  -0.13902097596 L95-S491      
  14.917   0.896   1.062   0.528   0.002   0.007   0.006   0.006  27   7   5   5  27   7   5   5  0.001  58.77711797754  -0.11653203964 L95-S441      
  15.849   0.909   1.131   0.559   0.003   0.006   0.006   0.012  22  16  15  11  30  25  22  14  0.021  58.39097189903  -0.20515277916 L95-S255      
  16.630   1.119 -83.369   0.000   0.005   0.012  10.000  14.142   9   6   0   0   9   6   0   0  0.009  57.96535193125  -0.12463503467 L95-S461      
  14.639   1.012   1.202   0.581   0.003   0.005   0.006   0.006  29  12  11  11  30  13  12  11  0.008  58.75460258722   0.11280742963 L95-S425      
  19.120  80.879   2.984  83.863   0.009  10.000   0.011  10.000  12   0   5   0  15   0   9   0  0.043  58.02175127268   0.08138014264 L95-S468      
  19.154  80.845   1.867   0.901   0.006  10.000   0.010   0.015  35   0  11  11  36   0  16  11  0.015  58.65453195572  -0.00987633281 L95-S375      
  19.230   1.139   1.415   0.664   0.010   0.019   0.018   0.023  10   5   8   8  13   8  13  11  0.028  58.23263146083  -0.20386950254 L95-S510      
  15.357   1.329   1.589   0.700   0.003   0.013   0.009   0.010  10   5   5   5  10   5   5   5  0.014  58.93109951019   0.16098139763 L95-S563      
  19.289   1.507   1.769  82.479   0.011   0.021   0.014  10.000  24  18  17   0  24  18  17   0  0.024  58.64379938444   0.54564259847 L95-S150      
  16.920   1.501   1.793   0.911   0.004   0.014   0.006   0.010  26  22  21   6  27  23  23   7  0.026  58.66317094167   0.41206434250 L95-S84       
  18.161   1.296   1.504   0.712   0.004   0.011   0.006   0.007  40  11  13  13  47  17  23  19  0.005  58.49507980347   0.16907980601 L95-S288      
  18.483  81.516   1.896  83.412   0.011  10.000   0.016  10.000  13   0  11   0  13   0  11   0  0.046  58.50643691272   0.60667450216 L95-S137      
  15.685   1.207   1.367   0.664   0.003   0.009   0.005   0.006  44  17  13  13  50  24  22  19  0.017  58.47711690267   0.22373263253 L95-S282      
  17.484   1.522   1.793   0.838   0.005   0.018   0.008   0.008  38   6   7   7  45  12  15  13  0.026  58.22404363950   0.13542690754 L95-S214      
  19.633  80.366 -80.366 -80.850   0.011  10.000  10.000  10.000  11   0   0   0  13   0   0   0  0.031  58.06916941007   0.18493401408 L95-S476      
  16.563   1.006   1.122   0.528   0.002   0.006   0.005   0.008  39  12  10   8  50  25  23  11  0.009  58.28051195939  -0.13991702027 L95-S222      
  17.719   1.343   1.480   0.687   0.005   0.011   0.007   0.008  41  10  12  12  48  18  22  20  0.015  58.42956584295   0.28059247441 L95-S264      
  18.810   1.837   2.602  83.791   0.008   0.018   0.015  10.000  26  18  17   0  26  18  17   0  0.026  58.53517780701   0.50311929703 L95-S130      
  14.376   1.029   1.243   0.589   0.003   0.008   0.005   0.005  37  12  11  11  38  13  12  11  0.012  58.73693850835  -0.02265323003 L95-S419      
  17.737   0.973   1.202   0.592   0.006   0.009   0.008   0.007  29  14  15  12  35  21  24  17  0.011  58.29014954964   0.28981773218 L95-S224      
  18.342   1.831   2.394  84.051   0.005   0.012   0.009  10.000  30  23  20   0  30  23  24   0  0.022  58.61289265156   0.43953757975 L95-S109      
  17.493   0.897   1.053   0.544   0.004   0.012   0.011   0.014  39   8   8   8  42   9  14   9  0.016  58.55700621605  -0.11686432903 L95-S311      
  17.242   0.879   1.034   0.536   0.004   0.013   0.005   0.008  40   7  10   9  46  16  19  14  0.021  58.23211948077   0.23630681806 L95-S216      
  20.204  79.795   2.357   1.184   0.007  10.000   0.008   0.011  45   0  45  21  55   0  55  26  0.026  58.38188719749  -0.02658555984 L95-S63       
  18.669   1.711   2.093  83.423   0.006   0.015   0.014  10.000  24  21  16   0  24  21  16   0  0.026  58.58442156315   0.62127987968 L95-S116      
  14.726   0.784   0.973   0.485   0.003   0.005   0.005   0.005  32  10   9   8  33  11  10   8  0.007  58.70368304253  -0.00201808678 L95-S405      
  17.518   0.835   1.037   0.527   0.003   0.008   0.005   0.005  55  23  24  18  61  30  33  23  0.012  58.30510748227   0.24804172198 L95-S226      
  15.352   1.037 -84.647   0.000   0.004   0.008  10.000  14.142  12   6   0   0  12   6   0   0  0.005  57.94482151667  -0.09890958150 L95-S458      
  13.905   1.057   1.139   0.541   0.002   0.005   0.004   0.007  37  16  10  10  45  26  21  15  0.011  58.13164245288  -0.03079272164 L95-S494      
  17.898   1.586   1.965   0.949   0.004   0.019   0.006   0.006  53  13  20  15  63  21  32  18  0.031  58.48569846153  -0.07408089903 L95-S286      
  15.552   0.878 -84.447 -84.981   0.004   0.007  10.000  10.000  13   6   0   0  16  11   0   0  0.007  58.21778106689   0.32179766443 L95-S507      
  18.908  81.091   1.677   0.762   0.006  10.000   0.014   0.016  27   0   5   5  27   0   5   5 -0.008  58.76567151646  -0.15265284909 L95-S433      
  14.721   0.860   1.073   0.550   0.002   0.004   0.003   0.004  58  34  25  16  67  45  37  19  0.010  58.25221556152   0.10140461988 L95-S163      
  17.375  82.624   1.869   0.910   0.006  10.000   0.009   0.008  19   0   6   6  25   0  11  11  0.027  58.07427124977   0.23853935507 L95-S478      
  17.538   0.958   1.157   0.585   0.003   0.009   0.006   0.007  53  19  18  16  64  29  31  19  0.015  58.52141927083  -0.03338460557 L95-S208      
  17.199   1.301   1.516  84.316   0.006   0.012   0.009  10.000  24  20  18   0  25  20  20   0  0.028  58.62028249900   0.41176864836 L95-S86       
  18.545   0.033 -81.454 -81.410   0.005   0.012  10.000  10.000  33  12   0   0  34  13   0   0  0.009  58.76170165539   0.00635054800 L95-S429      
  17.206   1.174   1.320   0.640   0.003   0.008   0.005   0.006  54  17  22  15  66  27  36  19  0.011  58.49199957848  -0.02283232000 L95-S202      
  16.053   0.865   0.968  84.914   0.013   0.021   0.018  10.000  14  12   7   0  17  13   8   0  0.042  58.18787182172   0.54283182568 L95-S141      
  16.997   0.844   0.986   0.486   0.003   0.007   0.007   0.007  22  13   9   9  28  20  16  15  0.006  58.11160465082  -0.11257472144 L95-S488      
  16.676   1.482   1.913   0.945   0.003   0.007   0.005   0.005  31  16  15  11  38  24  21  14  0.005  58.33687744141  -0.17904723591 L95-S237      
  17.898   1.252   1.479   0.706   0.004   0.008   0.006   0.006  50  18  19  19  57  26  29  24  0.008  58.37146234512   0.16208970494 L95-S249      
  20.678  79.321   2.764   1.518   0.015  10.000   0.017   0.018  24   0  24  10  25   0  25  13  0.019  58.34981513818   0.11420439932 L95-S524      
  15.351   0.849   0.979   0.472   0.004   0.005   0.012   0.012  24  12   9   9  31  20  15  15  0.019  58.05696577231  -0.00066672809 L95-S474      
  17.898   1.182   1.495  83.596   0.006   0.011   0.010  10.000  21  19  13   0  21  19  13   0  0.022  58.69206819534   0.64149280707 L95-S96       
  18.482  81.517   1.507   0.716   0.011  10.000   0.016   0.017   9   0   5   5   9   0   5   5  0.012  58.94550402959   0.12472690476 L95-S567      
  13.279   0.779   0.884   0.433   0.002   0.003   0.004   0.007  39  14   9   7  51  28  22  10  0.009  58.28689056635  -0.14164312257 L95-S168      
  18.173   1.236   1.537  83.363   0.005   0.010   0.008  10.000  25  22  16   0  25  22  16   0  0.015  58.59074585438   0.57143764549 L95-S114      
  19.170  80.829   2.128   1.033   0.007  10.000   0.012   0.012  35   0  11  11  42   0  21  16  0.041  58.52906954487  -0.09570429484 L95-S300      
  16.646   1.001   1.160   0.566   0.003   0.005   0.004   0.005  52  22  17  16  60  30  25  19  0.006  58.35757650534   0.13514274346 L95-S245      
  16.481   1.171 -83.518 -84.243   0.007   0.009  10.000  10.000  15   5   0   0  20  11   0   0  0.020  58.02941575050   0.21960955593 L95-S470      
  17.926   1.292   1.454   0.683   0.005   0.018   0.009   0.011  31  11  10  10  31  11  10  10  0.021  58.80492728949  -0.03935977088 L95-S451      
  17.798   1.477   1.848   0.874   0.005   0.011   0.010   0.011  18  11   9   8  24  16  14  11  0.013  58.26069581409  -0.23175279087 L95-S515      
  18.371   0.967   1.121   0.523   0.006   0.012   0.011   0.012  25   8   9   9  31  14  15  15  0.008  58.10639906724   0.00036921147 L95-S486      
  19.447  80.552   2.431   1.311   0.008  10.000   0.011   0.013  34   0  10  10  34   0  16  13 -0.015  58.54929756323  -0.07103408840 L95-S308      
  19.829   0.757   1.007   0.500   0.006   0.012   0.010   0.012  54  25  35  17  64  33  50  22  0.002  58.35493528048  -0.02542391141 L95-S243      
  17.894   1.112   1.344   0.661   0.004   0.006   0.005   0.007  80  40  50  24  94  56  74  27  0.013  58.45250933965  -0.04463808590 L95-S76       
  15.690   1.427   1.654   0.773   0.003   0.004   0.005   0.006  69  54  42  26  82  72  64  29  0.017  58.43067331314   0.07436859396 L95-S194      
  19.422  80.577   2.211  82.788   0.008  10.000   0.011  10.000  24   0  16   0  24   0  16   0 -0.002  58.65199562709   0.55808961709 L95-S152      
  15.894   1.067   1.255  85.360   0.006   0.008   0.007  10.000  25  24  16   0  25  24  16   0  0.018  58.51808572412   0.62153548876 L95-S133      
  17.681   0.913   1.105   0.567   0.003   0.011   0.006   0.007  54  17  20  14  65  27  33  17  0.019  58.50570099801   0.00891513083 L95-S206      
  19.061   1.485   1.791   0.848   0.005   0.018   0.008   0.010  38   5  11  11  43   8  17  14 -0.001  58.36769051552  -0.16340000470 L95-S247      
  13.385   0.838   1.050   0.516   0.004   0.009   0.009   0.009  10   5   5   5  10   5   5   5  0.006  58.95327450434  -0.00359153324 L95-S569      
  16.839   1.544   2.456   1.373   0.003   0.008   0.006   0.012  44  12  12  10  52  18  19  13  0.021  58.37898106575  -0.17298055808 L95-S253      
  15.710   0.922   1.099   0.556   0.002   0.006   0.006   0.007  42  15  11  11  48  22  16  16  0.014  58.50934679012   0.25628357940 L95-S293      
  17.727   1.149   1.331   0.654   0.003   0.009   0.007   0.007  54  16  20  16  65  25  33  20  0.012  58.48908513387  -0.02971703317 L95-S200      
  18.401   0.018  -0.063  81.535   0.005   0.008   0.015  10.000  27  25  16   0  27  25  16   0  0.009  58.56097893715   0.49046068880 L95-S146      
  14.886   1.307   1.536  86.649   0.003   0.006   0.005  10.000  27  25  17   0  27  25  17   0  0.012  58.54958885908   0.47273306423 L95-S124      
  16.826   1.469   1.777  84.950   0.006   0.010   0.008  10.000  28  25  18   0  28  25  18   0  0.023  58.58241460323   0.49180541091 L95-S118      
  18.976   1.489   1.779   0.848   0.007   0.017   0.010   0.011  46  19  32  17  55  25  50  20  0.034  58.45367879868  -0.11088252068 L95-S268      
  18.045   1.069   1.387  83.341   0.004   0.008   0.007  10.000  25  24  16   0  25  24  16   0  0.012  58.62681309382   0.61680662221 L95-S107      
  14.121   1.078 -85.878 -86.488   0.006   0.007  10.000  10.000   8   5   0   0  11   8   0   0  0.005  58.19154326121   0.31868737777 L95-S504      
  17.343   1.079   1.227   0.619   0.005   0.009   0.007   0.007  43  19  13  13  49  24  22  18  0.014  58.45907848676   0.24011268881 L95-S274      
  19.270  80.729   1.271   0.647   0.009  10.000   0.013   0.013  35   0  13  10  38   0  23  15  0.030  58.30684711536   0.15669593652 L95-S228      
  15.734   0.835   1.030   0.524   0.002   0.005   0.005   0.007  43  12  12  10  54  24  22  13  0.010  58.35240523815  -0.15818889936 L95-S175      
  17.803   1.396   1.612  83.808   0.005   0.010   0.010  10.000  31  26  22   0  31  26  22   0  0.049  58.72289557457   0.44691243172 L95-S94       
  19.136  80.863   1.671   0.790   0.008  10.000   0.014   0.015  30   0  12  12  35   0  21  15  0.043  58.46775217056   0.16422767957 L95-S280      
  17.544   1.029   1.205   0.607   0.005   0.010   0.008   0.008  27  12  11  11  28  13  12  11  0.008  58.77475693822   0.26584412257 L95-S439      
  14.910   0.589   0.751   0.377   0.002   0.004   0.006   0.008  31  11   9   8  37  18  14  11  0.011  58.16309521993  -0.16804743939 L95-S497      
  19.200   0.670   0.837   0.413   0.005   0.012   0.009   0.012  44  25  24  10  48  33  37  13  0.021  58.23998573621   0.05825183180 L95-S218      
  14.354   0.866   1.023   0.515   0.002   0.005   0.003   0.004  36  13  11  11  37  14  16  11  0.005  58.66058327357   0.16829828925 L95-S379      
  19.420  80.579   1.345   0.662   0.006  10.000   0.013   0.014  40   0  18  17  42   0  29  22  0.018  58.41471668879   0.16704193847 L95-S260      
  17.271   1.044   1.223   0.615   0.003   0.007   0.005   0.006  53  20  18  15  60  28  28  20  0.008  58.41795481046   0.21685276859 L95-S192      
  18.375  81.624   2.256   1.169   0.007  10.000   0.012   0.014  16   0   5   5  16   0   5   5  0.007  58.90184758504  -0.11404222912 L95-S559      
  17.041   1.095   1.309   0.654   0.005   0.007   0.007   0.007  46  21  14  14  53  29  24  21  0.016  58.45723576546   0.17180992762 L95-S272      
  18.868   0.908   1.167  82.298   0.009   0.017   0.013  10.000  18  16  16   0  18  16  16   0  0.020  58.50898766518   0.46725150784 L95-S143      
  18.593   0.919   1.115   0.577   0.004   0.015   0.009   0.010  37  10  13  13  42  15  22  18  0.011  58.49865436554   0.19005978054 L95-S291      
  14.750   0.826   1.054   0.531   0.004   0.015   0.006   0.008  29   7   8   7  36  15  14  10  0.028  58.52738498847  -0.17853894446 L95-S298      
  16.149   1.161   1.346   0.657   0.003   0.009   0.007   0.009  41  12   9   9  42  13  14  10  0.016  58.60292778810   0.24593285455 L95-S342      
  18.341   0.939   1.121   0.551   0.004   0.009   0.009   0.010  34  13   9   9  43  24  20  12  0.010  58.32879359722  -0.14114474932 L95-S234      
  16.789   0.953   1.190   0.595   0.003   0.011   0.008   0.010  24   8   9   8  27  11  11   8  0.015  58.58417259057  -0.19607786285 L95-S330      
  16.052   1.245   1.550  85.497   0.002   0.005   0.006  10.000  25  24  16   0  25  24  16   0  0.010  58.60778733095   0.59075593154 L95-S111      
  14.526   0.917   1.130   0.557   0.004   0.009   0.009   0.008  10   5   5   5  10   5   5   5  0.005  58.94061708450   0.00615626918 L95-S565      
  18.235   0.901 -81.764   0.000   0.004   0.017  10.000  14.142  31   5   0   0  31   5   0   0  0.006  58.66360313098  -0.13225373268 L95-S383      
  14.674   0.967   1.094   0.512   0.004   0.009   0.009   0.010  19  12  10   8  27  21  17  11  0.022  58.24899481138  -0.20570004516 L95-S513      
  16.487   0.968   1.154   0.576   0.002   0.006   0.004   0.004  51  23  18  18  58  33  26  24  0.010  58.40143718719   0.21508722093 L95-S188      
  18.641   1.614   2.003   0.953   0.005   0.014   0.006   0.008  62  24  40  17  77  35  63  22  0.027  58.38822635015  -0.07771500164 L95-S65       
  17.101   1.135   1.351   0.680   0.006   0.012   0.013   0.015  21  11  10  10  21  11  10  10  0.022  58.86401465734   0.23436391307 L95-S557      
  16.171   0.927   1.191  85.019   0.004   0.008   0.006  10.000  27  25  17   0  27  25  17   0  0.015  58.51476156910   0.47807756424 L95-S135      
  13.786   0.921   1.085   0.527   0.002   0.007   0.005   0.013  42  14  11  10  54  26  22  13  0.024  58.39486689568  -0.15094361219 L95-S186      
  19.065   1.292   1.595  82.529   0.008   0.019   0.016  10.000  20  16  13   0  20  16  13   0  0.023  58.73716150920   0.47090251684 L95-S157      
  19.596   1.178   1.361   0.652   0.007   0.016   0.012   0.017  45  17  32  19  51  24  49  22  0.032  58.45404076576   0.01515551461 L95-S270      
  16.737   1.294   1.519   0.729   0.003   0.006   0.004   0.005  46  16  14  14  53  24  24  19  0.008  58.48240098953   0.12422542519 L95-S284      
  18.802   1.540   1.922   0.921   0.003   0.014   0.005   0.006  68  29  50  26  82  37  72  30  0.027  58.37555329005   0.04810054673 L95-S59       
  18.962  81.037   1.238   0.597   0.006  10.000   0.016   0.018  34   0  11  10  35   0  16  10  0.021  58.64948410988   0.14705014229 L95-S371      
  18.416   1.714   2.084  83.667   0.010   0.021   0.014  10.000  13  12  10   0  13  12  10   0  0.005  58.74065152804   0.63255841891 L95-S90       
  15.837   1.389   1.679   0.800   0.003   0.008   0.005   0.006  35  14   9   9  41  21  18  17  0.014  58.51966484984   0.27969489098 L95-S295      
  15.595   1.289   1.525   0.750   0.003   0.005   0.005   0.009  31  16  15  11  39  25  22  14  0.014  58.34966549079  -0.18120278676 L95-S241      
  17.383   1.011   1.196   0.596   0.003   0.007   0.005   0.006  52  20  17  17  57  27  26  22  0.004  58.41026280721   0.21661666234 L95-S190      
  14.932   0.873   1.044   0.511   0.002   0.003   0.003   0.004  64  46  36  16  77  64  57  19  0.009  58.31828559240  -0.10207810389 L95-S172      
  15.126   0.826   0.998   0.508   0.003   0.008   0.006   0.007  42  12  12  12  45  15  14  12  0.013  58.56043669780   0.25617072688 L95-S317      
  18.561   1.199   1.422   0.709   0.005   0.014   0.009   0.011  38  11  13  13  43  18  23  18  0.014  58.42040545146   0.27763609780 L95-S262      
  19.089   1.160   1.470  82.380   0.006   0.013   0.011  10.000  29  22  19   0  29  22  19   0  0.005  58.68363248507   0.46958762142 L95-S154      
  16.098   1.155   1.423  85.324   0.004   0.008   0.008  10.000  22  20  13   0  22  20  13   0  0.015  58.73253213565   0.54116362254 L95-S92       
  12.651   0.958   1.126   0.559   0.003   0.005   0.005   0.005  38  20  13  13  46  29  24  20  0.012  58.46881119410   0.11155880080 L95-S198      
  15.733   1.215   1.422   0.683   0.002   0.008   0.003   0.006  42  10  10  10  48  19  18  15  0.014  58.23599476814   0.17585415310 L95-S161      
  16.848   1.040   1.275   0.630   0.005   0.013   0.008   0.007  16  13   7   7  20  19  12  12  0.017  58.39928383827   0.32238361041 L95-S257      
  17.395   1.116   1.257   0.603   0.003   0.005   0.004   0.006  76  50  48  26  86  62  67  28  0.011  58.43950106303   0.03537914263 L95-S73       
  18.389   1.332   1.590  83.200   0.006   0.010   0.008  10.000  27  24  17   0  27  24  17   0  0.009  58.55768075784   0.48899545246 L95-S122      
  16.567   1.535   2.192   1.186   0.004   0.010   0.005   0.007  50  13  14  12  54  17  22  12  0.016  58.56206896702  -0.01887086047 L95-S319      
  16.189   1.494   2.387   1.338   0.005   0.011   0.006   0.011  21  21  19  15  27  27  27  20  0.030  58.32479737600   0.30208679001 L95-S78       
  15.240   0.990   1.256  86.015   0.002   0.004   0.005  10.000  27  24  18   0  27  24  18   0  0.006  58.68605445226   0.52786066055 L95-S98       
  18.362   1.364   1.628   0.758   0.004   0.019   0.009   0.011  39  11  12  12  40  12  17  12  0.016  58.63267682393   0.02844757716 L95-S364      
  16.476   1.275   1.575  85.098   0.004   0.008   0.006  10.000  24  23  16   0  24  23  16   0  0.017  58.66805438995   0.56142093023 L95-S101      
  15.086   0.969   1.138   0.572   0.003   0.007   0.004   0.006  41  12   9   9  42  13  14  10  0.010  58.62888744672   0.24573979696 L95-S359      
  15.897   1.176   1.396   0.671   0.005   0.007   0.007   0.006  21  11  10  10  21  11  10  10  0.009  58.82836308479   0.21561125225 L95-S554      
  16.929   1.360   1.602  84.672   0.003   0.006   0.005  10.000  25  24  16   0  25  24  16   0 -0.000  58.64632387161   0.58832186116 L95-S105      
  16.938   0.878   1.028   0.502   0.003   0.007   0.006   0.008  24  11   9   9  30  18  14  14  0.008  58.08817370733   0.06328709920 L95-S484      
  18.698   0.829   1.000   0.493   0.005   0.018   0.012   0.016  36  11  11  11  36  11  15  11  0.017  58.60813556512  -0.08598590798 L95-S349      
  20.031  79.968   2.294   1.153   0.009  10.000   0.010   0.010  48   0  47  22  56   0  56  26  0.019  58.37699914773  -0.04291361703 L95-S61       
  19.877  80.122   3.034  83.156   0.011  10.000   0.012  10.000  22   0  10   0  24   0  19   0  0.039  58.17215051651   0.04492118624 L95-S500      
  14.051   0.764   0.901   0.453   0.002   0.004   0.003   0.004  63  45  35  16  72  62  53  19  0.010  58.22864681880  -0.05429444843 L95-S159      
  17.783   0.990   1.247  83.463   0.004   0.007   0.006  10.000  27  25  17   0  27  25  17   0  0.006  58.54688735008   0.45221700509 L95-S126      
  17.650   0.805   1.038   0.531   0.004   0.012   0.009   0.009  42  14  13  13  48  20  22  19  0.022  58.52381806374   0.18222632938 L95-S533      
  17.679   1.708   2.226   1.134   0.003   0.014   0.007   0.010  44  14  12  12  45  15  17  12  0.014  58.63139443398  -0.03255169233 L95-S362      
  14.973   0.892   1.035   0.500   0.003   0.005   0.006   0.007  42  14  12  12  43  15  17  12  0.011  58.61416231791   0.11362610287 L95-S351      
  19.664  80.335   3.040  83.375   0.009  10.000   0.018  10.000  26   0  17   0  26   0  17   0  0.028  58.54210041761   0.46113621182 L95-S128      
  19.275  80.724   2.271   1.139   0.006  10.000   0.012   0.021  34   0  11  11  34   0  16  12  0.031  58.60167251428  -0.08084284147 L95-S340      
  14.811   0.838   1.009   0.516   0.002   0.005   0.003   0.005  53  22  18  16  65  34  33  19  0.012  58.49753746986   0.04976846589 L95-S204      
  16.716   1.163   1.298   0.604   0.003   0.008   0.007   0.007  43  12  11  10  44  13  16  10  0.012  58.66224966049  -0.04916874250 L95-S381      
  17.128   1.068   1.323   0.653   0.004   0.011   0.007   0.009  33  13  11  11  34  14  12  11  0.010  58.69924562772   0.25030884839 L95-S402      
  19.254  80.745   1.441   0.711   0.006  10.000   0.011   0.013  48   0  29  16  55   0  43  19  0.028  58.46492961248  -0.03760254648 L95-S278      
  14.284   0.812   1.009   0.522   0.002   0.003   0.003   0.004  51  23  19  19  58  33  29  24  0.006  58.39308881760   0.18163472070 L95-S184      
  18.764  81.235   1.749   0.808   0.004  10.000   0.009   0.011  38   0  11  11  39   0  16  11  0.005  58.62515862783  -0.01736503422 L95-S355      
  18.995   1.570   1.853   0.876   0.007   0.019   0.010   0.009  51  25  40  23  60  31  59  26  0.042  58.43588527044   0.07750136587 L95-S71       
  20.666  79.333   1.762   0.806   0.012  10.000   0.015   0.015  28   0  28  12  33   0  33  16  0.015  58.30641587178  -0.01436482324 L95-S521      
  18.001   1.078   1.264   0.617   0.005   0.014   0.010   0.010  28  10  10  10  28  10  10  10  0.008  58.80503019889   0.11366644859 L95-S552      
  15.952   0.798   0.967   0.486   0.002   0.005   0.004   0.005  39  13  11  10  39  13  15  10  0.004  58.61793119113  -0.12783389515 L95-S353      
  17.577   1.061   1.205   0.578   0.003   0.006   0.005   0.007  65  41  40  18  76  56  60  21  0.016  58.37018581231  -0.11747167309 L95-S57       
  17.101   0.774   0.954   0.485   0.003   0.008   0.007   0.008  45  14  12  12  46  15  17  12  0.013  58.62710165183  -0.03624471691 L95-S357      
  18.781   0.927   1.224   0.627   0.006   0.012   0.010   0.013  56  28  35   9  63  37  52   9  0.030  58.40909105937  -0.11229611291 L95-S67       
  14.662   0.898   1.005   0.475   0.003   0.007   0.006   0.007  47  19  15  15  52  24  23  17  0.018  58.55814793905   0.09391178661 L95-S313      
  17.829   1.578   2.248   1.206   0.004   0.010   0.005   0.005  69  41  44  26  81  52  61  29  0.024  58.41596886317   0.08371527212 L95-S69       
  18.255   0.877   1.229  82.973   0.006   0.010   0.009  10.000  31  27  20   0  31  27  20   0  0.017  58.62391026815   0.51273111343 L95-S82       
  19.185  80.814 -80.814 -81.600   0.013  10.000  10.000  10.000  12   0   0   0  12   0   0   0  0.024  58.91601265272   0.22856191741 L95-S561      
  15.278   0.868   1.029   0.502   0.002   0.003   0.003   0.004  84  59  51  24 101  79  75  30  0.006  58.36113888423  -0.04094612704 L95-S179      
  16.905   0.899   1.104   0.553   0.002   0.007   0.004   0.005  52  19  22  16  58  27  31  21  0.010  58.32106099129   0.23982957151 L95-S80       
  17.179   0.932   1.110   0.558   0.002   0.007   0.004   0.006  64  33  29  19  71  41  39  22  0.015  58.35813876788   0.11257885721 L95-S177      
  18.275   1.091   1.396  83.120   0.007   0.010   0.010  10.000  28  24  18   0  28  24  18   0  0.014  58.65353803635   0.53570854743 L95-S103      
  14.908   1.123   1.340   0.652   0.003   0.003   0.003   0.003  70  56  46  24  83  72  64  27  0.010  58.38657021523   0.07903249635 L95-S182      
  16.395   0.793   1.015   0.531   0.004   0.012   0.005   0.006  56  26  17  17  64  34  28  21  0.031  58.44942394892   0.12130189684 L95-S196      
  15.953   0.907   1.090   0.540   0.003   0.005   0.004   0.007  46  16  15  13  54  26  25  18  0.013  58.29546339512   0.17111504979 L95-S170      
  14.787   1.089   1.380  86.592   0.003   0.005   0.004  10.000  34  32  23   0  37  36  27   0  0.035  58.65105298360   0.45906273312 L95-S88       
  19.342   0.537   0.699   0.349   0.005   0.009   0.009   0.012  54  27  36  11  63  35  51  14 -0.001  58.27986997962   0.03474785288 L95-S166      
  18.660   1.487   1.830  83.169   0.005   0.012   0.008  10.000  31  23  20   0  31  23  20   0  0.004  58.62515690327   0.45437513166 L95-S108      
  18.236   0.871   1.086   0.569   0.004   0.015   0.010   0.015  35  11  11  11  36  12  12  11  0.017  58.76355066597  -0.04144220299 L95-S432      
  16.561   0.745   0.924   0.477   0.002   0.007   0.006   0.008  34  11  10  10  34  11  10  10  0.004  58.76699432929  -0.01804266718 L95-S434      
  18.510   1.282   1.532   0.717   0.004   0.013   0.006   0.009  52  18  24  12  59  22  35  15  0.019  58.28241027991   0.11384919590 L95-S167      
  18.064   1.377   1.635   0.767   0.004   0.009   0.005   0.009  61  29  34  15  67  36  49  15  0.014  58.26621482372  -0.04102490584 L95-S29       
  17.214   0.903   1.111   0.574   0.003   0.005   0.004   0.005  53  22  19  19  58  29  28  24  0.005  58.37587704659   0.19494082027 L95-S250      
  16.899   1.316   1.582  84.682   0.004   0.008   0.006  10.000  28  25  18   0  28  25  18   0  0.015  58.58599436283   0.51443726540 L95-S115      
  18.764  81.235   2.345   1.219   0.005  10.000   0.007   0.009  52   0  32  15  58   0  43  18  0.038  58.23386921883   0.08774259382 L95-S160      
  16.134   1.116   1.326   0.637   0.003   0.009   0.007   0.008  27   5   5   5  27   5   5   5  0.003  58.76164922218  -0.14092958026 L95-S428      
  19.009  80.990   1.769   0.855   0.009  10.000   0.017   0.018  13   0   9   8  17   0  14  11  0.040  58.11804850101  -0.21389456855 L95-S490      
  17.866   1.640   2.106   1.063   0.003   0.012   0.006   0.007  37  10   9   9  43  15  18  15  0.011  58.20296154022  -0.10146778040 L95-S506      
  14.565   0.733   0.856   0.419   0.002   0.004   0.004   0.006  20  14   9   9  26  21  14  14  0.007  58.08782130877  -0.12094199763 L95-S483      
  17.889   0.832   0.977   0.469   0.004   0.010   0.010   0.011  31  11   8   7  37  16  13  10  0.013  58.17365937233  -0.17177241060 L95-S501      
  15.492   0.937   1.152   0.567   0.002   0.003   0.003   0.003  93  61  60  25 114  85  89  30  0.008  58.41713244120  -0.01980250465 L95-112       
  14.460   0.987   1.277  86.816   0.002   0.004   0.004  10.000  23  22  14   0  23  22  14   0 -0.000  58.63950490952   0.63721574704 L95-S106      
  14.387   0.975   1.164   0.580   0.002   0.004   0.003   0.004  56  24  20  19  65  36  32  24  0.010  58.41673224767   0.15810277038 L95-S191      
  16.912  83.087   2.732  85.819   0.006  10.000   0.007  10.000  37   0   7   0  43   0  16   0  0.047  58.20401776632   0.24508655230 L95-S209      
  17.318   1.632   1.949   0.900   0.003   0.008   0.006   0.009  44  13  10  10  51  19  16  13  0.012  58.37897301515  -0.16233055856 L95-S252      
  14.559   0.981   1.168   0.591   0.003   0.004   0.004   0.004  46  23  16  16  54  32  27  21  0.008  58.45576877594   0.15535576714 L95-S271      
  17.269   1.360   1.601   0.743   0.004   0.010   0.006   0.006  44  13  11  11  45  14  16  11  0.008  58.66096135775  -0.02535854128 L95-S380      
  14.616   1.208   1.411   0.770   0.002   0.004   0.004   0.008  38  37  29  13  38  37  29  13  0.006  58.59958051840   0.61866573917 L95-329       
  11.749   0.621   0.729   0.371   0.004   0.005   0.007   0.006  58  44  33  19  68  60  51  22  0.020  58.45427745183   0.04284301016 L95-S197      
  18.314   1.684   2.096   1.024   0.004   0.014   0.005   0.005  66  31  47  25  77  39  67  27  0.032  58.41190884908   0.07195416292 L95-S68       
  18.275   1.062   1.300   0.635   0.004   0.010   0.008   0.009  45  12  17  10  49  19  25  15  0.010  58.35990370909   0.27834273550 L95-S246      
  15.727   1.169   1.362   0.644   0.003   0.007   0.005   0.005  34  13  11  11  35  14  12  11  0.010  58.68344529470   0.16669553444 L95-S396      
  16.489   0.937   1.105   0.540   0.008   0.017   0.012   0.010  10   5   5   5  10   5   5   5  0.018  58.93076237043   0.11273042997 L95-S562      
  13.553   1.340   1.444   0.693   0.002   0.004   0.003   0.003  55  34  33  33  56  35  34  33  0.005  58.75162706027  -0.04831290457 L95-62        
  19.544  80.455   2.539   1.409   0.009  10.000   0.011   0.010  33   0  33  11  36   0  36  14  0.022  58.21893207232  -0.01496510188 L95-S1        
  16.048   0.882   1.040   0.511   0.002   0.004   0.003   0.005  78  48  43  17  98  69  69  22  0.010  58.37184193134  -0.07307556311 L95-S181      
  15.087   0.980   1.156   0.585   0.002   0.003   0.004   0.004  53  20  19  15  60  30  29  20  0.007  58.42090617816   0.19214943303 L95-S193      
  18.755   1.028   1.215   0.607   0.005   0.021   0.014   0.017  39  11  12  11  41  11  18  11  0.023  58.60150651137   0.07753544066 L95-S339      
  11.139   0.531   0.609   0.277   0.007   0.011   0.011   0.017  22  12   9   7  30  21  16  10  0.031  58.27936821183  -0.19352226045 L95-S519      
  18.645   0.965   1.185   0.571   0.004   0.009   0.006   0.011  55  32  40  16  67  45  62  19  0.021  58.33689418634  -0.08108864466 L95-S51       
  14.510   1.408   1.771   0.857   0.004   0.006   0.010   0.012  27  10   9   9  28  11  10   9  0.017  58.76545033952   0.05745266491 L95-137       
  16.274   1.106   1.405  85.130   0.002   0.004   0.005  10.000  31  29  21   0  34  32  25   0  0.015  58.62396775881   0.45652097861 L95-S83       
  14.459   0.814   1.080  86.620   0.005   0.007   0.006  10.000  27  25  17   0  27  25  17   0  0.014  58.51590650876   0.44820479817 L95-S134      
  13.380   0.731   0.892   0.426   0.004   0.006   0.008   0.014  22  14  10   9  29  22  16  12  0.023  58.30509625276  -0.20495279630 L95-S227      
  14.772   0.943   1.168   0.595   0.002   0.004   0.004   0.006  41  14  11  11  42  15  16  11  0.007  58.66282374064   0.20323619684 L95-S382      
  17.810   1.062 -82.189 -82.830   0.010   0.021  10.000  10.000  14  10   0   0  16  11   0   0  0.034  58.38247407277  -0.26591388914 L95-S527      
  18.488   0.729   0.887   0.437   0.005   0.009   0.007   0.012  53  24  31   7  62  35  49  10  0.017  58.27613814871  -0.07600124147 L95-S31       
  16.525   0.878   1.040   0.522   0.003   0.010   0.005   0.007  49  16  15  15  52  19  21  15  0.019  58.56928288142   0.22911624802 L95-S320      
  15.394   1.520   2.328   1.317   0.005   0.009   0.010   0.009  37  11   8   8  38  12  13   9  0.021  58.66725745201   0.24354071829 L95-S386      
  15.097   0.859   1.024   0.500   0.004   0.013   0.009   0.009  21   6   6   6  27  13  11  11  0.025  58.04942035675   0.11553192986 L95-S473      
  16.013   1.002   1.247   0.644   0.004   0.010   0.008   0.010  29  13  11  11  30  14  12  11  0.020  58.71700614293   0.28060702854 L95-S412      
  12.090   0.708   0.765   0.374   0.003   0.004   0.004   0.004  65  45  31  31  66  46  32  31  0.013  58.70810043017   0.16907799535 L95-218       
  13.128   0.813   0.973   0.483   0.004   0.008   0.004   0.004  17   7   8   5  21  13  11   7  0.012  58.41510545413   0.32013554732 L95-S261      
  18.192   0.748 -81.807 -82.265   0.006   0.021  10.000  10.000  18   7   0   0  21  11   0   0  0.028  58.00445475082  -0.01175295300 L95-S463      
  17.892   1.677   2.069   1.013   0.004   0.015   0.005   0.006  52  15  18  18  55  19  25  20  0.017  58.40810139974   0.19821416431 L95-S259      
  13.676   1.285   1.459   0.720   0.004   0.006   0.005   0.005  27  21  20  19  30  24  26  19  0.009  58.56788773537   0.31455974685 L95-271       
  19.554   1.007   1.332   0.684   0.007   0.018   0.013   0.016  43  11  21   9  47  14  28  12  0.014  58.35162485441   0.11949690183 L95-S242      
  19.004  80.995   2.175   1.062   0.006  10.000   0.007   0.008  37   0  16  15  42   0  26  18  0.008  58.35591065884   0.14041635142 L95-S244      
  14.282   1.419   1.543   0.742   0.002   0.006   0.007   0.013  39  10  10  10  43  14  13  10  0.019  58.58845608234  -0.17150568909 L95-S333      
  18.766   1.384   2.229   1.182   0.008   0.018   0.009   0.011  63  25  47  15  69  33  64  18  0.039  58.25400659268   0.05371551328 L95-S20       
  14.777   0.637   0.803   0.410   0.002   0.004   0.003   0.004  58  40  34  13  67  57  52  16  0.011  58.22127849261  -0.06436779022 L95-S158      
  16.383   0.740   0.912   0.471   0.003   0.007   0.004   0.008  40  10  10  10  46  19  19  15  0.015  58.22583422661   0.20014543202 L95-S215      
  14.171   0.827 -85.828   0.000   0.004   0.007  10.000  14.142  12   6   0   0  12   6   0   0 -0.003  57.94400765101  -0.09321186913 L95-S457      
  11.221   1.286   1.316   0.619   0.001   0.002   0.002   0.002  82  80  55  47  85  83  56  47  0.010  58.17153511047   0.52268631458 L95-301       
  17.548   0.962   1.131   0.558   0.012   0.014   0.018   0.017  13  10   9   8  19  15  14  11  0.032  58.11056505044  -0.22524174902 L95-S487      
  18.524   1.733   2.173   1.079   0.006   0.015   0.007   0.009  57  27  37  11  67  35  55  14  0.032  58.40175356865  -0.10973111259 L95-S66       
  17.062   0.972   1.148   0.568   0.004   0.008   0.009   0.011  41  14  12  11  42  15  17  11  0.019  58.61523087025   0.06119538625 L95-S352      
  19.564  80.435   2.265   1.159   0.009  10.000   0.018   0.024  14   0   8   8  17   0  13  12  0.038  58.09446005026   0.02909343190 L95-S485      
  19.164  80.835   1.408   0.637   0.007  10.000   0.018   0.022  33   0  11  11  33   0  15  11  0.031  58.60776586533  -0.10062226315 L95-S348      
  18.833  81.166   1.348   0.619   0.005  10.000   0.012   0.014  34   0  11  10  35   0  12  10  0.029  58.72235569954  -0.04927242491 L95-S416      
  12.303   0.715 -87.696   0.000   0.005   0.007  10.000  14.142  30  20   0   0  34  24   0   0  0.027  58.87946448326  -0.17496748130 L95-73        
  14.024   1.062   1.312  87.287   0.002   0.004   0.004  10.000  25  24  16   0  25  24  16   0  0.005  58.53979860942   0.55853030417 L95-S129      
  16.333   0.794   0.951   0.469   0.002   0.004   0.003   0.006  70  50  44  18  85  70  66  21  0.009  58.31988921165  -0.06135005951 L95-S47       
  17.905   1.446   1.710   0.777   0.004   0.010   0.006   0.006  46  12  17  16  53  18  27  19  0.007  58.34297204018   0.12501910634 L95-S240      
  18.156   1.487   1.793   0.863   0.005   0.012   0.006   0.006  55  27  34  16  64  38  50  19  0.026  58.25814038962  -0.04502714687 L95-S23       
  17.376   1.129   1.297   0.619   0.004   0.018   0.010   0.012  27   5   5   5  27   5   5   5  0.016  58.75598895599  -0.14248871591 L95-S426      
  14.328   1.225   1.353   0.611   0.002   0.005   0.004   0.004  67  44  41  37  73  53  50  42  0.015  58.33573957284   0.27630461481 L95-193       
  19.410   0.726   1.008   0.511   0.005   0.009   0.009   0.010  60  31  44  24  77  45  68  29  0.016  58.38347913424  -0.03937417030 L95-S64       
  12.785   0.937   1.132  88.346   0.002   0.005   0.004  10.000  27  25  17   0  27  25  17   0  0.008  58.57474885782   0.52141713407 L95-S147      
  16.798   0.477   0.644   0.330   0.005   0.016   0.010   0.011  21   5   6   6  27  12  11  11  0.025  58.06952839692   0.14160564688 L95-S477      
