#Star             Xc        Yc      Mag      Merr  Airmass UT             V       B-V     V-I      R-I   nV nBV nVI nRI 
  L101-281       1481.667  3996.290  12.350   0.002 1.76400    5.519958  11.577   0.797   0.865   0.406 102 102  79  76
  L101-262       1914.959   799.265  14.986   0.023 1.76400    5.519958  14.298   0.740   0.830   0.383  26  26  26  32
  L101-268       1438.879  1309.563  15.662   0.043 1.76400    5.519958  14.373   1.533   2.215   1.198  52  52  40  40
  L101-270        577.197  1847.582  14.210   0.012 1.76400    5.519958  13.717   0.509   0.643   0.299  19  19  19  22
  L101-S151      1951.253   618.884  18.123   0.433 1.76400    5.519958  17.585   0.523   0.707   0.353  23  23  23  24
  L101-S159      1719.871   904.593  17.140   0.175 1.76400    5.519958  16.918   0.552   0.703   0.339  22  22  22  26
  L101-S166      1857.487  1112.790  16.810   0.126 1.76400    5.519958  16.179   0.830   0.950   0.433  23  23  23  26
  L101-S169      1858.447  1161.502   0.000   0.000 1.76400    5.519958  18.447   1.208   1.446   0.651  22  22  22  22
  L101-S174      2041.809  1250.631   0.000   0.000 1.76400    5.519958  17.489   0.469   0.652   0.333  25  25  25  29
  L101-S182      1893.734  1355.484  21.343   7.676 1.76400    5.519958  18.988   1.077   1.307   0.577  39  33  27  27
  L101-S224      1915.920  1950.460  17.785   0.302 1.76400    5.519958  18.643   1.231   1.500   0.688  44  42  44  46
  L101-S234      2033.166  2119.194   0.000   0.000 1.76400    5.519958  18.845   1.554   2.531   1.488  45  38  45  53
  L101-S282      1272.610  2200.906  16.097   0.065 1.76400    5.519958  15.458   0.680   0.769   0.367  46  46  46  51
  L101-S286      1908.226  2492.897  17.959   0.351 1.76400    5.519958  17.780   0.707   0.865   0.434  51  51  47  47
  L101-S288       782.149  2495.296  17.466   0.238 1.76400    5.519958  16.655   0.930   1.076   0.476  44  44  44  47
  L101-S289       823.934  2564.941  13.891   0.009 1.76400    5.519958  13.179   0.731   0.820   0.380  44  44  44  47
  L101-S292       794.751  2865.605  15.985   0.061 1.76400    5.519958  15.463   0.573   0.728   0.348  47  47  47  51
  L101-S293      2060.148  2895.554   0.000   0.000 1.76400    5.519958  17.729   1.540   2.167   1.168  53  51  50  50
  L101-S297      1340.405  2929.622  16.615   0.101 1.76400    5.519958  16.348   0.545   0.715   0.353  47  47  47  50
b L101-S299      1184.852  3241.354  16.949   0.145 1.76400    5.519958  16.366   0.730   0.860   0.416  46  46  44  44
  L101-S305      1955.030  3408.652  16.477   0.093 1.76400    5.519958  15.516   0.971   1.158   0.521  60  60  50  50
  L101-S308      1307.569  3699.780  13.802   0.008 1.76400    5.519958  13.195   0.621   0.741   0.363  47  47  47  52
  L101-S309      1980.202  4020.411  19.253   1.194 1.76400    5.519958  18.165   1.533   2.019   1.042  57  53  57  51
  L101-S408      1443.350  2535.211  19.205   1.104 1.76400    5.519958  18.612   1.667   2.487   1.442  42  37  42  47
  L101-S410      1284.180  3187.935  19.433   1.427 1.76400    5.519958  18.856   1.618   2.459   1.429  36  36  36  44
  L101-S412       684.497  3955.089  18.648   0.696 1.76400    5.519958  17.877   0.295   0.462   0.214  43  43  43  46
  L101-S457       124.973     7.448   0.000   0.000 1.76400    5.519958  16.246   1.271   1.534   0.683  13  13  13  22
  L101-S459        -3.005   138.591   0.000   0.000 1.76400    5.519958  14.321   0.911   1.108   0.498  13  13  13  19
  L101-S462      1591.279   306.585  18.040   0.397 1.76400    5.519958  17.207   1.222   1.481   0.659  22  22  22  26
  L101-S463       327.758   318.933  18.390   0.564 1.76400    5.519958  18.571   0.705   0.893   0.430  16  16  15  15
  L101-S464      1061.921   355.569  19.448   1.413 1.76400    5.519958  18.609   1.414   1.846   0.910  22  22  22  25
  L101-S467      1294.729   979.776  17.538   0.248 1.76400    5.519958  17.659   0.667   0.805   0.380  21  21  21  24
  L101-S468      1298.659  1137.043  17.955   0.351 1.76400    5.519958  16.753   0.804   0.946   0.440  21  21  21  24
  L101-S470       378.055  1205.650  14.320   0.013 1.76400    5.519958  13.553   0.802   0.932   0.415  15  15  15  20
  L101-S471       612.846  1280.854  13.158   0.005 1.76400    5.519958  12.431   0.757   0.832   0.364  18  18  18  18
  L101-S473       553.749  1567.974  17.678   0.287 1.76400    5.519958  18.492   1.016   1.378   0.651  19  19  19  19
  L101-S474       551.110  1660.642  16.346   0.085 1.76400    5.519958  15.850   0.567   0.721   0.348  17  17  17  22
  L101-S475      1198.538  1772.309  19.469   1.508 1.76400    5.519958  18.718   1.496   1.882   0.924  39  37  39  45
  L101-S476       164.828  1877.844  15.095   0.027 1.76400    5.519958  14.507   0.630   0.753   0.347  14  14  14  22
  L101-S478        16.867  2187.944   0.000   0.000 1.76400    5.519958  17.704   1.341   1.730   0.821  15  15  15  19
  L101-S479       654.052  2581.564  18.174   0.456 1.76400    5.519958  18.536   0.388   0.595   0.284  32  32  32  33
  L101-S483        63.821  3179.725  17.635   0.283 1.76400    5.519958  17.593   0.468   0.672   0.321  19  19  19  18
  L101-S488       123.192  3511.382  17.355   0.214 1.76400    5.519958  18.320   0.504   0.670   0.320  21  21  21  21
  L101-S490       917.236  3603.960  19.264   1.191 1.76400    5.519958  17.951   1.250   1.559   0.719  45  45  45  51
  L101-S491       527.473  3851.858  18.008   0.374 1.76400    5.519958  17.135   1.293   1.573   0.703  22  22  22  26
  L101-S492       781.411  3864.911  15.490   0.039 1.76400    5.519958  14.976   0.508   0.681   0.311  44  44  44  47
  L101-S693      1932.536   132.049  18.465   0.590 1.76400    5.519958  18.964   0.691   0.817   0.370  15  15   7   7
  L101-S697       527.231   234.070  17.933   0.356 1.76400    5.519958  17.200   0.925   1.027   0.438  13  13   5   5
  L101-S704      1564.474   598.500  19.092   1.012 1.76400    5.519958  20.031   0.522   0.644   0.300  15  15   6   6
  L101-S732       672.054  2349.133   0.000   0.000 1.76400    5.519958  19.453   1.077   1.396   0.621  13  13   5   5
  L101-S744      1616.640  2886.885  18.978   0.910 1.76400    5.519958  17.908   0.825   0.945   0.436  16  16   8   8
  L101-S748      1110.793  3019.208  19.341   1.310 1.76400    5.519958  20.098   0.488 -79.901 -80.243  17  17   0   0
  L101-S751      1658.335  3089.510  18.842   0.819 1.76400    5.519958  19.470   1.166   1.395   0.599  18  16   8   8
  L101-S760      1164.853  3737.273  19.981   2.262 1.76400    5.519958  20.492   0.029 -79.507   0.000  15  14   0   0
e L104-S36       1485.191  3795.808  13.796   0.008 1.67900    1.852031  13.219   0.604   0.726   0.363  74  59  73  44
  L104-S23        928.835  3244.487  15.429   0.036 1.15300    5.290725  15.004   0.568   0.678   0.333  49  35  42  35
  L104-S34       1577.872  3697.976  15.357   0.033 1.15300    5.290725  14.802   0.731   0.835   0.416  78  60  76  48
e L104-S36       1331.033  3801.979  13.691   0.008 1.15300    5.290725  13.219   0.604   0.726   0.363  74  59  73  44
  L104-S434      1564.942  1242.852  15.249   0.030 1.15300    5.290725  14.888   0.550   0.672   0.334  52  42  52  38
  L107-347        323.688   913.335  10.495   0.001 1.36700    5.754827   9.435   1.277   1.387   0.651  33  31  29  27
  L107-351       1211.639  1501.034  12.758   0.003 1.36700    5.754827  12.335   0.563   0.707   0.357  88  84  77  67
  L107-359        402.699  2801.960  13.252   0.004 1.36700    5.754827  12.791   0.592   0.765   0.397  36  36  36  35
  L107-365       1779.875  3904.461  12.541   0.002 1.36700    5.754827  11.589   1.103   1.206   0.589  81  68  61  45
  L107-S369      1892.913   384.382  13.294   0.005 1.36700    5.754827  12.733   0.709   0.805   0.399  34  26  34  26
  L107-S411       721.891  1194.723  13.545   0.006 1.36700    5.754827  12.975   0.725   0.809   0.406  39  37  39  35
  L107-S429       873.880  1610.347  15.163   0.023 1.36700    5.754827  14.605   0.717   0.841   0.425  42  40  42  36
  L107-S436       362.034  1754.192  14.753   0.016 1.36700    5.754827  14.262   0.662   0.802   0.408  32  30  32  34
  L107-S477       351.756  2674.098  15.372   0.029 1.36700    5.754827  14.690   0.870   0.975   0.469  33  28  33  33
  L107-S527       757.595  3760.016  15.959   0.047 1.36700    5.754827  15.393   0.677   0.812   0.421  42  39  41  34
  L107-S930       505.141  1329.233  15.114   0.023 1.36700    5.754827  14.117   1.174   1.237   0.597  32  27  32  25
  L107-S977       395.594  2430.635  15.349   0.028 1.36700    5.754827  14.815   0.676   0.830   0.418  32  32  32  33
  L107-351       1099.986  1514.085  12.715   0.002 1.18300    8.795230  12.335   0.563   0.707   0.357  88  84  77  67
  L107-359        290.883  2815.924  13.193   0.003 1.18300    8.795230  12.791   0.592   0.765   0.397  36  36  36  35
  L107-365       1670.003  3919.129  12.506   0.002 1.18300    8.795230  11.589   1.103   1.206   0.589  81  68  61  45
  L107-S369      1781.603   397.272  13.256   0.004 1.18300    8.795230  12.733   0.709   0.805   0.399  34  26  34  26
  L107-S411       609.812  1207.158  13.506   0.004 1.18300    8.795230  12.975   0.725   0.809   0.406  39  37  39  35
  L107-S429       762.316  1623.431  15.150   0.019 1.18300    8.795230  14.605   0.717   0.841   0.425  42  40  42  36
  L107-S436       249.707  1767.081  14.719   0.013 1.18300    8.795230  14.262   0.662   0.802   0.408  32  30  32  34
  L107-S477       239.825  2687.985  15.334   0.023 1.18300    8.795230  14.690   0.870   0.975   0.469  33  28  33  33
  L107-S524       797.135  3726.573  16.278   0.050 1.18300    8.795230  15.800   0.739   0.896   0.458  40  38  39  32
b L107-S527       646.074  3774.560  15.829   0.034 1.18300    8.795230  15.393   0.677   0.812   0.421  42  39  41  34
  L107-S528      1042.570  3781.950  16.157   0.046 1.18300    8.795230  15.355   1.179   1.338   0.601  43  40  42  35
  L107-S930       392.657  1341.993  15.049   0.017 1.18300    8.795230  14.117   1.174   1.237   0.597  32  27  32  25
  L107-S977       283.892  2444.280  15.266   0.021 1.18300    8.795230  14.815   0.676   0.830   0.418  32  32  32  33
  L110-229       1773.623    30.121  15.257   0.030 1.32800    9.014287  13.630   1.932   2.348   1.149 102  90 102  38
  L110-230       1902.410   368.831  15.156   0.025 1.32800    9.014287  14.277   1.083   1.203   0.580  98  87  98  33
  L110-232       1793.665   414.695  13.056   0.004 1.32800    9.014287  12.508   0.732   0.894   0.454 106  96 106  41
e L110-233       1552.675   431.204  13.814   0.008 1.32800    9.014287  12.762   1.302   1.603   0.828 100  90 100  34
  L111-S112      1906.076  1766.743  15.148   0.028 1.51700    9.223706  13.934   1.381   1.500   0.720   7   7   7   7
  L98-S1247      1685.754  2436.700  14.893   0.020 1.21400    0.393961  14.475   0.604   0.771   0.393  22  22  22  19
  L98-S1271      1609.561  3841.729  14.233   0.012 1.21400    0.393961  13.727   0.679   0.789   0.381  27  27  26  22
  L98-S1642      1295.353  2139.874  14.293   0.012 1.21400    0.393961  13.888   0.575   0.682   0.331  23  21  18  13
  L98-S1748       110.968  3577.119  14.792   0.019 1.21400    0.393961  14.374   0.648   0.806   0.391  17  17  12  12
  L98-S1761       962.695  3800.536  14.816   0.019 1.21400    0.393961  14.448   0.542   0.683   0.378  22  22  15  13
