#Star             Xc        Yc      Mag      Merr  Airmass UT             V       B-V     V-I      R-I   nV nBV nVI nRI 
  L101-L4        1555.713    17.744   0.000   0.000 1.76400    5.519958  16.237   0.778   0.890   0.417  57  57  57  57
  L101-L5        1720.226   155.120  16.481   0.035 1.76400    5.519958  15.897   0.627   0.761   0.379  56  56  56  58
  L101-S94       1995.957   127.981  13.819   0.004 1.76400    5.519958  13.205   0.622   0.729   0.352  67  67  60  56
  L101-S315      1345.912   271.619  15.793   0.019 1.76400    5.519958  15.091   0.712   0.806   0.384  55  55  55  56
  L101-S317      1833.663   431.299  18.338   0.183 1.76400    5.519958  17.833   0.585   0.806   0.412  49  49  49  49
  L101-S319      1560.828   507.694  18.090   0.140 1.76400    5.519958  18.054   1.134   1.352   0.603  49  49  49  48
b L101-S320      1935.482   656.720  14.404   0.006 1.76400    5.519958  13.723   0.756   0.891   0.440  56  56  55  48
  L101-S321      1350.834   736.799  15.088   0.010 1.76400    5.519958  14.574   0.563   0.707   0.352  49  49  49  50
  L101-S323       675.186  1006.117  15.397   0.013 1.76400    5.519958  14.689   0.780   0.919   0.432  42  42  39  39
  L101-S327      1608.991  1082.325  16.657   0.039 1.76400    5.519958  16.110   0.701   0.807   0.399  53  53  39  39
  L101-S331      1119.721  1512.757  15.671   0.016 1.76400    5.519958  14.933   0.747   0.888   0.444  35  35  33  33
  L101-S334      1803.088  1788.100  17.505   0.083 1.76400    5.519958  16.820   0.996   1.168   0.542  49  49  31  31
  L101-S340      2044.898  2535.107   0.000   0.000 1.76400    5.519958  17.692   1.091   1.303   0.580  30  30  30  26
  L101-S341      1375.934  2550.013  15.203   0.010 1.76400    5.519958  14.628   0.606   0.720   0.354  31  31  30  26
  L101-S355      2058.340  3047.138   0.000   0.000 1.76400    5.519958  14.345   0.879   0.950   0.422  39  36  30  25
  L101-S357      1230.593  3078.789  17.345   0.070 1.76400    5.519958  16.460   0.827   0.939   0.407  31  31  30  25
  L101-S369      1974.056  3415.208  14.576   0.006 1.76400    5.519958  13.614   1.012   1.135   0.496  39  36  30  25
  L101-S373      1915.289  3684.917  18.296   0.169 1.76400    5.519958  17.933   0.415   0.606   0.301  39  35  30  25
  L101-S377       762.214  3839.123  19.195   0.402 1.76400    5.519958  17.742   1.260   1.461   0.610  27  27  26  25
  L101-S380       837.940  3973.345  17.972   0.127 1.76400    5.519958  17.035   1.031   1.248   0.519  27  27  26  24
  L101-S382      1307.573  4062.483  18.876   0.291 1.76400    5.519958  18.246   1.086   1.315   0.564  31  27  30  25
  L101-S413       924.801   548.961  19.402   0.484 1.76400    5.519958  18.875   1.639   2.530   1.478  39  35  39  46
  L101-S501       671.607   565.103  18.008   0.134 1.76400    5.519958  17.523   0.845   1.024   0.465  43  43  43  47
  L101-S504      1709.561   881.875  17.280   0.070 1.76400    5.519958  17.069   0.518   0.595   0.306  43  43  31  27
  L101-S508      1772.615  1236.169  18.678   0.246 1.76400    5.519958  19.278   1.706   2.548   1.462  54  24  37  37
  L101-S509       541.719  1265.537  18.390   0.187 1.76400    5.519958  17.773   0.468   0.650   0.326  17  17  11  11
  L101-S511       282.774  1396.978  16.987   0.053 1.76400    5.519958  16.671   0.511   0.710   0.330  13  13  11  11
  L101-S513      1019.129  1758.941  18.791   0.271 1.76400    5.519958  18.016   1.014   1.177   0.539  29  29  27  27
  L101-S514      1504.129  1804.915  18.627   0.213 1.76400    5.519958  18.260   0.926   1.054   0.508  33  33  31  31
  L101-S517       517.341  2073.872  18.485   0.214 1.76400    5.519958  17.623   1.095   1.290   0.571   7   7   5   5
  L101-S520       897.792  2946.725  19.337   0.442 1.76400    5.519958  18.759   0.569   0.750   0.338  25  25  24  24
  L101-S522      1606.495  3061.615  17.256   0.063 1.76400    5.519958  17.121   0.499   0.672   0.310  39  36  30  25
  L101-S528       653.160  4108.974   0.000   0.000 1.76400    5.519958  18.509   0.783   0.858   0.349  27  24  26  25
  L104-239       1563.645   361.573  15.167   0.010 1.67900    1.852031  13.933   1.365   1.662   0.783  89  68  85  56
  L104-S49        460.599   712.640  14.281   0.005 1.67900    1.852031  13.619   0.696   0.747   0.361  24  13  15  15
  L104-S54        964.240   935.112  15.984   0.021 1.67900    1.852031  15.305   0.724   0.817   0.400  44  33  37  28
  L104-S59       2020.473  1589.953  15.672   0.017 1.67900    1.852031  15.135   0.571   0.674   0.346  86  65  85  46
  L104-S60        727.054  1688.835  15.894   0.020 1.67900    1.852031  15.211   0.739   0.843   0.418  46  33  38  32
  L104-S64        429.298  1884.559  15.244   0.012 1.67900    1.852031  14.746   0.557   0.651   0.332  42  31  34  31
  L104-S65       1965.893  1893.989  16.327   0.029 1.67900    1.852031  15.781   0.718   0.828   0.412  77  56  75  44
  L104-S660       735.594  3006.667  15.121   0.010 1.67900    1.852031  14.123   1.129   1.250   0.545  38  27  31  25
  L104-S771      1684.653  2258.662  11.588   0.001 1.67900    1.852031  11.042   0.576   0.636   0.328  66  49  65  43
  L104-237        342.596    25.923  16.186   0.031 1.15300    5.290725  15.363   1.009   1.211   0.573  44  31  34  31
  L104-239       1409.350   368.495  15.083   0.010 1.15300    5.290725  13.933   1.365   1.662   0.783  89  68  85  56
  L104-244       1588.561  1003.438  16.419   0.031 1.15300    5.290725  16.064   0.561   0.710   0.369  81  60  78  48
  L104-S49        304.729   719.875  14.141   0.005 1.15300    5.290725  13.619   0.696   0.747   0.361  24  13  15  15
  L104-S52        413.002   818.878  16.336   0.029 1.15300    5.290725  15.603   0.899   1.037   0.481  44  31  34  31
  L104-S54        809.456   942.383  15.763   0.017 1.15300    5.290725  15.305   0.724   0.817   0.400  44  33  37  28
  L104-S59       1867.211  1597.698  15.527   0.015 1.15300    5.290725  15.135   0.571   0.674   0.346  86  65  85  46
  L104-S60        571.756  1696.615  15.709   0.018 1.15300    5.290725  15.211   0.739   0.843   0.418  46  33  38  32
  L104-S64        273.038  1893.064  15.162   0.010 1.15300    5.290725  14.746   0.557   0.651   0.332  42  31  34  31
  L104-S65       1812.222  1901.888  16.312   0.028 1.15300    5.290725  15.781   0.718   0.828   0.412  77  56  75  44
  L104-S507       971.042  1613.971  16.359   0.031 1.15300    5.290725  15.748   0.826   0.943   0.459  55  37  47  36
  L104-S510       475.683  1862.057  16.791   0.044 1.15300    5.290725  15.982   1.034   1.107   0.487  45  32  34  31
  L104-S660       579.004  3015.894  15.017   0.009 1.15300    5.290725  14.123   1.129   1.250   0.545  38  27  31  25
  L104-S771      1530.158  2266.881  11.465   0.001 1.15300    5.290725  11.042   0.576   0.636   0.328  66  49  65  43
  L107-S228      1712.851   435.142  16.292   0.021 1.36700    5.754827  15.987   0.449   0.612   0.342  52  46  52  45
  L107-S230      1435.039   459.170  16.616   0.029 1.36700    5.754827  16.077   0.716   0.855   0.436  53  47  53  43
  L107-S269      1200.927   928.870  16.428   0.024 1.36700    5.754827  15.628   0.885   0.982   0.476  47  42  47  40
  L107-S290      1750.266  1152.802  17.220   0.049 1.36700    5.754827  16.801   0.555   0.748   0.398  62  51  62  47
  L107-S312      1185.944  1409.489  16.997   0.040 1.36700    5.754827  16.375   0.885   1.039   0.525  43  42  43  38
b L107-S551      1924.979   142.967  15.692   0.014 1.36700    5.754827  15.165   0.668   0.802   0.411  57  45  57  45
  L107-S568       346.390   686.841  15.756   0.014 1.36700    5.754827  15.355   0.510   0.692   0.371  31  30  31  34
  L107-S574       796.814   814.242  15.305   0.009 1.36700    5.754827  14.517   0.948   0.999   0.468  41  40  41  35
  L107-S590        95.953  1276.751  16.252   0.021 1.36700    5.754827  15.798   0.652   0.817   0.424  31  30  31  33
  L107-S597       247.298  1486.948  16.481   0.027 1.36700    5.754827  15.904   0.796   0.953   0.479  31  30  31  33
  L107-S607       275.183  1703.970  14.658   0.006 1.36700    5.754827  13.818   1.001   1.139   0.572  31  30  31  33
  L107-S612       341.610  1795.176  16.057   0.018 1.36700    5.754827  15.957   0.219   0.355   0.224  31  30  31  33
  L107-S669      1421.823  2464.822  14.387   0.005 1.36700    5.754827  13.852   0.685   0.793   0.396  39  30  39  27
  L107-S684      1757.496  2586.635  16.875   0.033 1.36700    5.754827  16.280   0.749   0.879   0.454  39  30  39  27
  L107-S696      1367.790  2741.815  14.318   0.004 1.36700    5.754827  13.358   1.158   1.422   0.655  32  27  32  27
  L107-S1175     1998.216  2091.888  16.948   0.037 1.36700    5.754827  16.485   0.730   0.860   0.434  46  38  46  37
  L107-S1227     1509.193  2929.635  17.285   0.048 1.36700    5.754827  16.965   0.698   0.877   0.464  32  26  30  23
  L107-S1238      548.230  3015.149  15.180   0.009 1.36700    5.754827  14.615   0.701   0.836   0.423  25  21  24  22
  L107-S1251     1647.043  3145.213  15.302   0.009 1.36700    5.754827  14.569   0.880   1.031   0.511  32  26  30  23
  L107-S1306      444.094  3710.902  16.684   0.030 1.36700    5.754827  16.185   0.697   0.837   0.419  25  21  24  22
  L107-S1307      587.125  3739.143  15.464   0.010 1.36700    5.754827  14.843   0.761   0.880   0.434  25  21  24  22
  L107-S1804      752.883  3933.204  16.928   0.039 1.36700    5.754827  15.692   1.486   1.814   0.848  23  17  18  18
  L107-S228      1602.997   450.234  16.265   0.021 1.18300    8.795230  15.987   0.449   0.612   0.342  52  46  52  45
  L107-S230      1324.803   474.310  16.663   0.029 1.18300    8.795230  16.077   0.716   0.855   0.436  53  47  53  43
  L107-S269      1090.094   944.053  16.295   0.022 1.18300    8.795230  15.628   0.885   0.982   0.476  47  42  47  40
  L107-S290      1640.142  1167.987  17.192   0.048 1.18300    8.795230  16.801   0.555   0.748   0.398  62  51  62  47
  L107-S294      1986.571  1242.159  14.293   0.004 1.18300    8.795230  13.802   0.666   0.779   0.397  64  53  64  50
  L107-S312      1074.842  1425.055  17.084   0.043 1.18300    8.795230  16.375   0.885   1.039   0.525  43  42  43  38
  L107-S551      1815.368   157.915  15.673   0.013 1.18300    8.795230  15.165   0.668   0.802   0.411  57  45  57  45
  L107-S568       234.414   701.959  15.682   0.014 1.18300    8.795230  15.355   0.510   0.692   0.371  31  30  31  34
  L107-S574       685.657   829.543  15.277   0.009 1.18300    8.795230  14.517   0.948   0.999   0.468  41  40  41  35
  L107-S597       134.739  1502.866  16.471   0.026 1.18300    8.795230  15.904   0.796   0.953   0.479  31  30  31  33
  L107-S607       162.838  1719.967  14.614   0.006 1.18300    8.795230  13.818   1.001   1.139   0.572  31  30  31  33
  L107-S669      1310.949  2480.978  14.336   0.004 1.18300    8.795230  13.852   0.685   0.793   0.396  39  30  39  27
  L107-S679      1981.975  2568.555  15.007   0.007 1.18300    8.795230  14.478   0.706   0.802   0.409  42  33  42  30
  L107-S684      1646.977  2602.795  16.816   0.031 1.18300    8.795230  16.280   0.749   0.879   0.454  39  30  39  27
  L107-S696      1256.666  2758.135  14.279   0.004 1.18300    8.795230  13.358   1.158   1.422   0.655  32  27  32  27
  L107-S1175     1887.860  2107.273  16.985   0.038 1.18300    8.795230  16.485   0.730   0.860   0.434  46  38  46  37
  L107-S1238      435.436  3032.038  15.145   0.008 1.18300    8.795230  14.615   0.701   0.836   0.423  25  21  24  22
  L107-S1251     1535.996  3161.568  15.234   0.009 1.18300    8.795230  14.569   0.880   1.031   0.511  32  26  30  23
b L107-S1260     1942.953  3228.789  15.780   0.014 1.18300    8.795230  15.165   0.826   0.958   0.486  32  28  31  25
  L107-S1264      449.989  3292.168  17.158   0.047 1.18300    8.795230  17.110   0.426   0.583   0.311  25  21  24  22
  L107-S1306      330.596  3728.722  16.628   0.028 1.18300    8.795230  16.185   0.697   0.837   0.419  25  21  24  22
  L107-S1307      473.902  3756.825  15.376   0.010 1.18300    8.795230  14.843   0.761   0.880   0.434  25  21  24  22
  L107-S1804      639.733  3950.975  16.852   0.035 1.18300    8.795230  15.692   1.486   1.814   0.848  23  17  18  18
  L110-144        242.701  1757.011  12.502   0.002 1.32800    9.014287  11.938   0.719   0.759   0.358  37  37  12  10
  L110-249        540.447   444.022  12.926   0.002 1.32800    9.014287  12.350   0.711   0.813   0.403  48  40  14   9
  L110-S513      1553.550  3028.968  11.256   0.001 1.32800    9.014287  10.839   0.528   0.611   0.289  89  63  54  33
  L110-S540      1440.852  3658.820  14.815   0.007 1.32800    9.014287  13.928   1.084   1.232   0.587  96  77  51  33
  L98-S1283      1676.023   564.354  14.975   0.009 1.21400    0.393961  14.488   0.680   0.855   0.442  25  24  25  21
  L98-S1293      1790.064   905.124  15.276   0.012 1.21400    0.393961  14.599   0.835   0.975   0.492  24  23  24  20
  L98-S1312      1915.178  1570.783  15.476   0.014 1.21400    0.393961  14.793   0.875   1.068   0.553  26  26  25  22
  L98-S1316      1488.810  1817.023  15.519   0.015 1.21400    0.393961  14.665   1.033   1.223   0.616  26  21  22  17
  L98-S1318      1853.815  1901.866  15.287   0.012 1.21400    0.393961  13.922   1.667   1.854   0.913  29  28  28  23
  L98-S1320      1745.578  2025.342  14.568   0.006 1.21400    0.393961  14.185   0.535   0.670   0.345  29  26  26  23
  L98-S1322      1361.420  2055.520  14.520   0.006 1.21400    0.393961  13.977   0.703   0.867   0.439  28  26  20  18
  L98-S1347      1734.695  3011.831  15.022   0.009 1.21400    0.393961  14.574   0.614   0.714   0.362  26  24  24  20
  L98-S1351      1331.802  3094.726  15.336   0.012 1.21400    0.393961  14.768   0.743   0.869   0.438  26  24  18  15
  L98-S1354      1578.002  3311.813  14.901   0.008 1.21400    0.393961  14.600   0.469   0.604   0.308  21  20  20  17
  L98-S1817      1264.951   626.441  13.476   0.003 1.21400    0.393961  12.855   0.775   0.950   0.473  24  24  19  16
  L98-S1838      1619.012  1113.043  14.876   0.008 1.21400    0.393961  13.653   1.476   1.575   0.754  24  23  24  21
  L98-S1858      1600.265  1435.293  14.687   0.007 1.21400    0.393961  14.245   0.586   0.721   0.354  24  24  24  21
  L98-S1864      1824.907  1499.830  15.372   0.013 1.21400    0.393961  14.920   0.665   0.825   0.441  25  24  23  20
  L98-S1910      1741.330  2241.800  15.396   0.012 1.21400    0.393961  14.949   0.628   0.724   0.401  27  25  25  21
  L98-S1926      1843.012  2568.336  13.860   0.004 1.21400    0.393961  13.160   0.897   1.014   0.506  28  27  25  21
c L98-S1944      1341.311  2829.025  15.964   0.021 1.21400    0.393961  15.581   0.688   0.850   0.432  26  24  18  15
  L98-S1953       863.429  2985.643  12.482   0.002 1.21400    0.393961  11.782   0.866   0.974   0.469  22  22  15  14
