#Star             Xc        Yc      Mag      Merr  Airmass UT             V       B-V     V-I      R-I   nV nBV nVI nRI 
  L101-338       1779.284   587.060  14.428   0.008 1.76400    5.519958  13.806   0.614   0.720   0.346  66  66  66  57
  L101-339        882.517   617.332  15.229   0.016 1.76400    5.519958  14.518   0.809   0.901   0.414  63  63  62  56
e L101-341       1576.796  1259.570  14.915   0.012 1.76400    5.519958  14.374   0.567   0.643   0.305  92  86  53  51
  L101-342       1586.930  1337.029  16.136   0.034 1.76400    5.519958  15.592   0.537   0.668   0.325  91  85  53  50
  L101-343       1347.323  1340.035  16.142   0.036 1.76400    5.519958  15.510   0.648   0.757   0.360  59  59  52  50
  L101-S13       1241.220    82.062  16.975   0.081 1.76400    5.519958  16.011   0.933   1.100   0.500  61  61  61  64
  L101-S14       1510.361   100.957  19.167   0.578 1.76400    5.519958  18.801   0.892   1.061   0.489  64  60  58  58
  L101-S15       1632.593   112.397  15.813   0.027 1.76400    5.519958  15.127   0.642   0.743   0.361  68  68  65  64
  L101-S16        725.863   224.016  18.083   0.224 1.76400    5.519958  17.315   0.589   0.714   0.353  55  55  55  56
  L101-S18        608.402   279.949  18.457   0.314 1.76400    5.519958  17.940   0.841   1.008   0.484  54  54  54  56
  L101-S19        281.433   300.045  18.778   0.410 1.76400    5.519958  17.550   0.867   1.013   0.475  52  52  52  58
  L101-S21       1346.332   397.561  17.654   0.155 1.76400    5.519958  17.749   0.569   0.706   0.346  60  60  60  60
  L101-S22       1794.182   447.754  20.054   1.317 1.76400    5.519958  18.807   1.473   1.793   0.853  57  51  57  61
  L101-S23        890.768   471.701  19.395   0.701 1.76400    5.519958  17.934   0.978   1.170   0.525  58  58  58  61
  L101-S25        472.827   540.358  17.286   0.103 1.76400    5.519958  16.509   0.920   1.067   0.489  55  55  55  51
  L101-S30        392.453   678.985  19.097   0.566 1.76400    5.519958  18.748   0.580   0.754   0.384  57  51  52  52
  L101-S31        860.089   690.626  17.639   0.146 1.76400    5.519958  17.175   0.760   0.837   0.394  59  59  59  52
  L101-S33        497.184   723.422  18.699   0.388 1.76400    5.519958  18.267   1.455   1.904   0.963  59  48  58  54
  L101-S36       1988.953   779.449  19.592   0.852 1.76400    5.519958  17.888   1.472   1.901   0.956  98  77  72  63
  L101-S37        900.990   792.494  20.413   1.685 1.76400    5.519958  18.022   0.460   0.638   0.319  74  71  54  54
  L101-S38       1918.836   812.990  19.990   1.260 1.76400    5.519958  19.460   1.478   1.959   0.979  80  37  62  57
  L101-S39        918.295   836.605  17.528   0.135 1.76400    5.519958  17.065   0.578   0.733   0.355  71  68  49  49
  L101-S40       1933.928   868.238  18.661   0.356 1.76400    5.519958  19.011   1.472   2.097   1.115  78  47  55  47
  L101-S42        621.683   905.071  19.292   0.663 1.76400    5.519958  18.317   1.460   1.815   0.874  48  38  36  34
  L101-S44        273.947  1120.997  18.251   0.244 1.76400    5.519958  18.025   1.494   1.853   0.908  63  54  44  44
  L101-S46        879.931  1168.246  18.936   0.471 1.76400    5.519958  18.066   1.470   2.095   1.112  69  57  44  44
  L101-S47       1539.493  1174.026  18.373   0.286 1.76400    5.519958  18.231   0.621   0.792   0.382  85  73  51  51
  L101-S48       1998.579  1179.032  14.957   0.013 1.76400    5.519958  14.184   0.788   0.892   0.407  96  90  57  51
  L101-S49        644.637  1181.928  18.415   0.297 1.76400    5.519958  17.943   0.831   0.951   0.452  65  61  44  44
  L101-S50       1178.785  1190.834  17.048   0.084 1.76400    5.519958  16.274   0.720   0.791   0.369  61  61  53  51
  L101-S51       1792.322  1220.579  19.825   1.043 1.76400    5.519958  18.558   1.208   1.456   0.649  88  63  53  50
  L101-S53        287.659  1274.493  20.425   1.853 1.76400    5.519958  18.269   1.290   1.513   0.687  62  52  42  42
  L101-S56       1421.640  1346.101  17.535   0.131 1.76400    5.519958  16.898   0.631   0.814   0.399  59  59  52  50
  L101-S57        447.594  1356.719  18.630   0.367 1.76400    5.519958  18.960   1.431   1.765   0.844  59  42  43  42
  L101-S59        643.041  1381.648  17.472   0.122 1.76400    5.519958  17.205   0.747   0.800   0.384  62  62  43  41
  L101-S60       1551.959  1399.725  17.297   0.102 1.76400    5.519958  16.447   1.024   1.110   0.486  90  81  52  49
  L101-S61        981.564  1438.502  17.599   0.139 1.76400    5.519958  17.212   0.582   0.716   0.358  66  66  48  44
  L101-S62       1462.681  1461.067  17.347   0.107 1.76400    5.519958  16.827   0.516   0.659   0.323  75  75  52  47
  L101-S63        769.161  1510.814  18.957   0.480 1.76400    5.519958  18.045   0.940   1.105   0.517  60  56  43  40
  L101-S64        418.036  1531.660  18.389   0.289 1.76400    5.519958  19.155   1.582   2.364   1.319  56  33  43  40
  L101-S65       1920.667  1547.774  13.412   0.003 1.76400    5.519958  12.749   0.658   0.783   0.368  91  88  56  47
  L101-S67       2027.029  1662.874  15.804   0.028 1.76400    5.519958  15.191   0.647   0.812   0.399  85  81  49  47
  L101-S70       1091.297  1910.342  15.224   0.016 1.76400    5.519958  14.517   0.742   0.813   0.376  59  59  47  47
  L101-S71        292.295  1926.565  19.099   0.508 1.76400    5.519958  18.851   1.434   1.830   0.916  53  38  39  39
  L101-S72       1381.615  1988.484  18.527   0.318 1.76400    5.519958  19.696   1.611   2.118   1.087  39  20  39  45
  L101-S73       1566.007  2060.118  14.163   0.006 1.76400    5.519958  13.449   0.737   0.809   0.371  82  72  47  46
  L101-S74        829.691  2091.928  18.224   0.235 1.76400    5.519958  18.612   1.094   1.320   0.592  56  43  40  39
  L101-S75       1084.744  2145.852  18.635   0.352 1.76400    5.519958  18.497   1.576   1.981   0.989  55  43  43  43
  L101-S76       1813.689  2183.685  20.372   1.698 1.76400    5.519958  19.245   1.328   1.587   0.711  73  44  42  42
  L101-S79        932.511  2245.136  12.846   0.002 1.76400    5.519958  12.145   0.725   0.769   0.346  59  53  39  36
  L101-S80       1999.557  2254.173  21.662   5.359 1.76400    5.519958  19.610   1.527   1.960   0.974  65  30  42  42
  L101-S81       1812.864  2279.737  18.749   0.390 1.76400    5.519958  18.512   0.770   0.944   0.459  71  63  42  42
  L101-S82       1228.797  2318.091  15.035   0.013 1.76400    5.519958  14.390   0.649   0.738   0.348  48  48  42  42
  L101-S83        450.584  2325.821   0.000   0.000 1.76400    5.519958  19.652   1.619   2.555   1.450  47  15  39  39
  L101-S84       1480.064  2344.169  19.220   0.569 1.76400    5.519958  18.871   0.473   0.647   0.328  60  58  39  39
  L101-S85       1845.620  2349.925  17.870   0.169 1.76400    5.519958  16.886   1.413   1.717   0.799  69  69  42  42
  L101-S86       2031.106  2356.038   0.000   0.000 1.76400    5.519958  18.078   0.018  -0.175  -0.090  67  66  40  40
  L101-S87       1209.086  2425.802  15.521   0.020 1.76400    5.519958  14.765   0.806   0.906   0.435  48  48  42  42
  L101-S89        923.446  2499.373  17.783   0.159 1.76400    5.519958  17.268   1.458   1.834   0.893  40  40  39  33
  L101-S91       1878.014  2538.547   0.000   0.000 1.76400    5.519958  19.332   1.553   2.260   1.229  36  22  36  36
  L101-S272      1344.012  2704.071  18.761   0.384 1.76400    5.519958  18.441   1.474   1.821   0.890  43  31  39  33
  L101-S275      1100.758  2782.792  21.114   3.444 1.76400    5.519958  18.493   1.518   2.124   1.129  23  20  16  13
  L101-S277      1724.886  2838.894  15.414   0.017 1.76400    5.519958  14.772   0.628   0.739   0.365  29  29  25  20
  L101-S346       314.103  2899.695  18.100   0.211 1.76400    5.519958  17.236   1.270   1.598   0.731  31  31  30  26
  L101-S347      1505.393  2902.853  17.506   0.124 1.76400    5.519958  16.664   0.783   0.971   0.474  44  43  33  30
e L101-S349      1248.024  2945.013  14.336   0.007 1.76400    5.519958  13.431   0.995   1.070   0.506  35  35  31  30
  L101-S354       243.591  3014.141  16.593   0.053 1.76400    5.519958  16.100   0.628   0.741   0.350  38  34  30  25
  L101-S362       981.636  3196.631  14.125   0.006 1.76400    5.519958  13.453   0.710   0.810   0.394  33  33  30  27
  L101-S363      1341.028  3201.675  14.350   0.007 1.76400    5.519958  13.751   0.623   0.747   0.367  36  36  33  30
e L101-S365      1183.812  3254.709  15.059   0.014 1.76400    5.519958  14.459   0.656   0.759   0.377  36  36  33  30
  L101-S368      1380.918  3321.718  18.672   0.357 1.76400    5.519958  18.298   1.456   1.826   0.896  36  29  33  30
  L101-S375       441.078  3795.486  17.555   0.124 1.76400    5.519958  17.255   0.621   0.775   0.394  39  36  30  25
  L101-S378       850.398  3826.497  18.592   0.329 1.76400    5.519958  18.338   1.324   1.645   0.765  40  31  30  27
  L101-S386      1610.520  4108.129   0.000   0.000 1.76400    5.519958  16.659   1.206   1.387   0.618  52  45  33  30
  L101-S521       346.572  3024.397  20.165   1.404 1.76400    5.519958  18.311   0.756   0.929   0.430  39  30  30  25
  L101-S524      1666.281  3176.589  15.893   0.027 1.76400    5.519958  15.271   0.656   0.770   0.387  52  45  33  29
  L101-S786        40.247   983.366  22.041   8.297 1.76400    5.519958  20.088   0.620 -79.911 -80.276  16  13   0   0
  L104-334        840.675   230.582  13.985   0.006 1.67900    1.852031  13.486   0.523   0.646   0.328 122  98 115  71
e L104-336        951.046   464.974  15.186   0.015 1.67900    1.852031  14.409   0.822   0.867   0.409 117  90 109  64
  L104-S515       829.074  2863.047  14.788   0.010 1.67900    1.852031  14.071   0.788   0.969   0.496  78  61  78  41
  L104-S523       364.477  3145.972  14.260   0.007 1.67900    1.852031  13.354   0.981   1.034   0.507  67  52  67  37
  L104-S535      1900.947  3724.509  15.774   0.025 1.67900    1.852031  14.970   0.863   0.975   0.457  56  41  56  34
  L104-S797       293.870  3584.009  12.856   0.002 1.67900    1.852031  12.342   0.542   0.638   0.328  52  40  52  32
  L104-334        688.696   237.031  13.870   0.005 1.15300    5.290725  13.486   0.523   0.646   0.328 122  98 115  71
e L104-336        799.025   471.771  15.094   0.014 1.15300    5.290725  14.409   0.822   0.867   0.409 117  90 109  64
  L104-339        417.112   953.108  16.116   0.037 1.15300    5.290725  15.474   0.836   0.947   0.452  96  77  95  47
  L104-S239      1971.778  1106.692  25.251   0.000 1.15300    5.290725  20.768   0.688 -79.231 -79.681  17  11   0   0
  L104-S362      1583.118  1778.930  16.107   0.034 1.15300    5.290725  15.632   0.640   0.740   0.373 101  77  98  56
  L104-S515       676.345  2871.016  14.673   0.009 1.15300    5.290725  14.071   0.788   0.969   0.496  78  61  78  41
  L104-S518      1917.286  2945.070  16.314   0.040 1.15300    5.290725  15.934   0.564   0.725   0.376  79  61  79  43
  L104-S523       210.888  3154.497  14.148   0.006 1.15300    5.290725  13.354   0.981   1.034   0.507  67  52  67  37
  L104-S535      1748.459  3732.067  15.606   0.022 1.15300    5.290725  14.970   0.863   0.975   0.457  56  41  56  34
  L104-S673       640.707  3994.030  15.962   0.029 1.15300    5.290725  15.443   0.713   0.797   0.398  42  25  33  18
  L104-S797       139.955  3592.746  12.727   0.002 1.15300    5.290725  12.342   0.542   0.638   0.328  52  40  52  32
  L107-469        347.362   332.404  12.640   0.002 1.36700    5.754827  12.159   0.582   0.695   0.353  58  49  54  39
  L107-473       1864.030  1118.790  11.147   0.001 1.36700    5.754827  10.186   1.079   1.141   0.543  79  60  71  48
  L107-484       1527.648  2483.334  12.379   0.001 1.36700    5.754827  11.310   1.228   1.248   0.579  90  75  69  45
  L107-S8        1242.444  1993.652  16.372   0.033 1.36700    5.754827  15.807   0.726   0.845   0.420  66  44  61  46
  L107-S9        1736.027  2018.667  16.590   0.040 1.36700    5.754827  15.911   0.735   0.883   0.454  70  51  66  46
  L107-S12       1768.553  2197.146  14.890   0.009 1.36700    5.754827  14.068   0.958   1.069   0.503  62  46  57  38
  L107-S14       1417.636  2285.602  16.173   0.027 1.36700    5.754827  15.596   0.659   0.810   0.413  49  42  49  38
e L107-S16       2017.429  2353.088  14.993   0.009 1.36700    5.754827  14.295   0.880   0.998   0.477  57  41  57  39
e L107-S28       1177.322  2791.266  15.274   0.012 1.36700    5.754827  14.530   0.923   1.097   0.561  46  33  40  32
  L107-S219       265.352   373.291  16.156   0.029 1.36700    5.754827  15.607   0.726   0.871   0.439  48  40  48  40
  L107-S280       109.265  1049.069  16.205   0.029 1.36700    5.754827  16.083   0.166   0.164   0.121  66  57  66  49
e L107-S303      1796.350  1334.616  14.857   0.009 1.36700    5.754827  14.131   0.807   0.910   0.438  76  60  73  51
  L107-S602      1072.977  1566.667  16.243   0.030 1.36700    5.754827  15.531   0.988   1.137   0.525  76  58  71  51
  L107-S660       135.535  2364.896  16.469   0.035 1.36700    5.754827  15.622   1.018   1.197   0.543  49  39  49  37
  L107-S673       993.720  2500.687  16.510   0.036 1.36700    5.754827  16.025   0.634   0.832   0.434  46  37  46  33
e L107-S688       549.915  2654.943  15.425   0.014 1.36700    5.754827  14.822   0.770   0.856   0.440  45  36  45  32
  L107-S695        93.689  2738.726  16.604   0.041 1.36700    5.754827  15.859   0.911   1.086   0.538  41  33  40  31
  L107-S705       321.772  2843.739  15.704   0.018 1.36700    5.754827  15.323   0.598   0.765   0.427  40  34  40  32
e L107-S721      1174.857  3048.635  15.417   0.014 1.36700    5.754827  14.601   1.020   1.114   0.554  43  32  35  28
e L107-S737       703.811  3282.523  15.167   0.011 1.36700    5.754827  14.490   0.809   0.912   0.472  36  32  35  28
  L107-S746      1679.525  3382.174  16.621   0.039 1.36700    5.754827  15.934   0.802   0.955   0.486  41  33  35  28
  L107-S748       548.146  3401.268  16.337   0.030 1.36700    5.754827  15.821   0.610   0.787   0.434  36  32  35  28
  L107-S749       383.902  3415.027  14.943   0.009 1.36700    5.754827  14.242   0.840   0.963   0.493  36  32  35  28
  L107-S750       353.863  3444.121  14.833   0.009 1.36700    5.754827  14.221   0.742   0.845   0.438  36  32  35  28
e L107-S756      1176.356  3541.701  15.107   0.011 1.36700    5.754827  15.192  -0.021   0.022   0.032  41  32  35  28
e L107-S762       895.799  3578.933  15.581   0.016 1.36700    5.754827  14.861   0.871   0.934   0.449  36  32  35  28
  L107-S771       915.183  3658.994  14.373   0.006 1.36700    5.754827  13.881   0.627   0.776   0.400  35  32  35  28
  L107-S1156      476.990  1758.245  16.490   0.036 1.36700    5.754827  15.452   1.436   1.735   0.801  67  56  67  51
  L107-S1324     1742.389  4012.351  16.760   0.046 1.36700    5.754827  16.108   0.850   0.980   0.450  32  22  25  18
  L107-469        237.997   347.451  12.594   0.002 1.18300    8.795230  12.159   0.582   0.695   0.353  58  49  54  39
  L107-473       1755.433  1133.881  11.103   0.001 1.18300    8.795230  10.186   1.079   1.141   0.543  79  60  71  48
  L107-484       1418.483  2498.930  12.336   0.001 1.18300    8.795230  11.310   1.228   1.248   0.579  90  75  69  45
  L107-S8        1133.447  2008.932  16.367   0.032 1.18300    8.795230  15.807   0.726   0.845   0.420  66  44  61  46
  L107-S9        1627.034  2033.990  16.522   0.037 1.18300    8.795230  15.911   0.735   0.883   0.454  70  51  66  46
  L107-S12       1659.724  2212.692  14.828   0.009 1.18300    8.795230  14.068   0.958   1.069   0.503  62  46  57  38
  L107-S14       1308.917  2301.052  16.100   0.025 1.18300    8.795230  15.596   0.659   0.810   0.413  49  42  49  38
e L107-S16       1908.606  2368.645  15.000   0.009 1.18300    8.795230  14.295   0.880   0.998   0.477  57  41  57  39
e L107-S28       1068.021  2807.090  15.252   0.013 1.18300    8.795230  14.530   0.923   1.097   0.561  46  33  40  32
  L107-S219       155.916   388.175  16.277   0.032 1.18300    8.795230  15.607   0.726   0.871   0.439  48  40  48  40
  L107-S275      1489.112  1007.800  16.689   0.045 1.18300    8.795230  16.061   0.817   0.983   0.493  79  56  72  47
  L107-S300      1990.854  1310.138  16.243   0.029 1.18300    8.795230  14.980   1.560   2.335   1.320  72  58  70  51
e L107-S303      1687.586  1349.803  14.821   0.008 1.18300    8.795230  14.131   0.807   0.910   0.438  76  60  73  51
  L107-S602       964.011  1582.026  16.280   0.030 1.18300    8.795230  15.531   0.988   1.137   0.525  76  58  71  51
  L107-S660        25.481  2380.883  16.308   0.033 1.18300    8.795230  15.622   1.018   1.197   0.543  49  39  49  37
  L107-S673       884.135  2516.261  16.378   0.033 1.18300    8.795230  16.025   0.634   0.832   0.434  46  37  46  33
e L107-S688       440.425  2670.884  15.455   0.014 1.18300    8.795230  14.822   0.770   0.856   0.440  45  36  45  32
  L107-S705       211.928  2859.893  15.717   0.018 1.18300    8.795230  15.323   0.598   0.765   0.427  40  34  40  32
e L107-S721      1065.493  3064.681  15.371   0.013 1.18300    8.795230  14.601   1.020   1.114   0.554  43  32  35  28
e L107-S737       593.969  3298.769  15.063   0.010 1.18300    8.795230  14.490   0.809   0.912   0.472  36  32  35  28
  L107-S746      1570.300  3398.132  16.562   0.039 1.18300    8.795230  15.934   0.802   0.955   0.486  41  33  35  28
  L107-S748       438.042  3417.388  16.108   0.025 1.18300    8.795230  15.821   0.610   0.787   0.434  36  32  35  28
  L107-S749       273.501  3431.362  14.899   0.009 1.18300    8.795230  14.242   0.840   0.963   0.493  36  32  35  28
  L107-S750       243.524  3460.496  14.789   0.008 1.18300    8.795230  14.221   0.742   0.845   0.438  36  32  35  28
e L107-S756      1067.032  3557.973  15.043   0.010 1.18300    8.795230  15.192  -0.021   0.022   0.032  41  32  35  28
e L107-S762       786.202  3595.053  15.469   0.014 1.18300    8.795230  14.861   0.871   0.934   0.449  36  32  35  28
  L107-S771       805.737  3675.187  14.335   0.006 1.18300    8.795230  13.881   0.627   0.776   0.400  35  32  35  28
  L107-S773      1940.011  3686.977  15.037   0.010 1.18300    8.795230  14.422   0.794   0.852   0.412  41  32  35  28
  L107-S1156      367.332  1773.870  16.561   0.038 1.18300    8.795230  15.452   1.436   1.735   0.801  67  56  67  51
  L107-S1324     1632.965  4028.623  16.784   0.047 1.18300    8.795230  16.108   0.850   0.980   0.450  32  22  25  18
  L110-266        389.375  2828.818  12.784   0.002 1.32800    9.014287  12.013   0.901   1.120   0.584 156 116  90  62
  L110-352       1755.487  1057.770  11.811   0.001 1.32800    9.014287  11.331   0.580   0.670   0.343  93  84  64  41
e L110-355       1141.142  1153.969  12.859   0.002 1.32800    9.014287  11.939   1.046   1.402   0.759 119  93  79  54
  L110-360       1305.602  2360.147  15.692   0.024 1.32800    9.014287  14.643   1.203   1.424   0.711 106 105  86  61
  L110-361       1057.806  2614.988  12.930   0.002 1.32800    9.014287  12.419   0.634   0.711   0.352 189 152 120  86
  L110-364       1016.780  3054.514  14.581   0.009 1.32800    9.014287  13.615   1.125   1.263   0.567 173 132 104  71
  L110-S60        625.797  2346.656  13.571   0.004 1.32800    9.014287  12.663   1.074   1.250   0.625 145 110  78  55
  L110-S384       644.504   503.487  15.212   0.017 1.32800    9.014287  13.913   1.528   1.905   0.969  95  71  49  39
  L110-S410      1056.681   973.209  15.290   0.017 1.32800    9.014287  14.354   1.187   1.495   0.769 104  78  60  40
  L110-S468        25.415  2073.857  15.035   0.015 1.32800    9.014287  13.991   1.234   1.454   0.726 101  87  64  43
  L98-211        1749.951  2196.600  12.220   0.001 1.21400    0.393961  12.023   0.309   0.394   0.221 155 143 132  83
  L98-S91        1948.872   179.677  13.609   0.004 1.21400    0.393961  13.185   0.548   0.643   0.312 135 135 122  77
  L98-S200       2014.909   879.182  14.825   0.011 1.21400    0.393961  14.162   0.789   0.848   0.404 142 142 129  82
c L98-S221       1941.892   974.713  15.762   0.026 1.21400    0.393961  15.250   0.717   0.908   0.475 140 138 126  80
c L98-S226       1955.059   994.057  15.654   0.023 1.21400    0.393961  14.608   1.384   1.584   0.782 140 139 128  80
  L98-S447       1977.865  2382.447  15.602   0.020 1.21400    0.393961  15.098   0.630   0.784   0.399 158 154 138  82
  L98-S617        987.990  4068.177  14.131   0.006 1.21400    0.393961  13.730   0.538   0.671   0.337  98  90  91  63
  L98-S972       1880.141   429.943  14.801   0.011 1.21400    0.393961  14.415   0.518   0.641   0.332 131 128 115  72
  L98-S1003      1458.418   957.770  15.313   0.017 1.21400    0.393961  14.870   0.625   0.742   0.366 127 121 112  75
  L98-S1005      1771.424   971.310  12.510   0.002 1.21400    0.393961  11.933   0.700   0.781   0.372 137 130 121  78
  L98-S1007      1649.891  1001.438  13.701   0.004 1.21400    0.393961  13.349   0.471   0.568   0.282 134 129 116  79
  L98-S1012      1690.651  1107.120  15.275   0.017 1.21400    0.393961  14.758   0.690   0.835   0.423 132 129 112  78
  L98-S1024      1609.751  1376.248  14.837   0.011 1.21400    0.393961  14.450   0.540   0.673   0.345 138 130 119  82
  L98-S1046      1728.143  1672.936  15.536   0.020 1.21400    0.393961  14.984   0.714   0.865   0.435 151 139 128  81
  L98-S1052      1364.310  1721.874  13.577   0.004 1.21400    0.393961  13.168   0.527   0.657   0.324 128 128 111  73
  L98-S1065      1750.787  2019.452  15.523   0.021 1.21400    0.393961  15.085   0.620   0.786   0.411 157 145 133  86
  L98-S1069      1471.979  2058.591  14.104   0.006 1.21400    0.393961  13.035   1.254   1.410   0.685 143 132 121  79
  L98-S1072      1727.044  2069.767  14.247   0.007 1.21400    0.393961  13.872   0.516   0.628   0.315 157 142 131  86
  L98-S1086      1470.764  2243.729  15.426   0.018 1.21400    0.393961  14.891   0.694   0.854   0.432 138 129 118  77
  L98-S1096      1408.744  2504.772  13.719   0.004 1.21400    0.393961  13.441   0.398   0.474   0.254 136 126 116  77
  L98-S1099      1436.931  2520.823  14.546   0.009 1.21400    0.393961  13.651   1.091   1.220   0.592 134 123 113  74
  L98-S1103      1761.828  2572.022  15.776   0.025 1.21400    0.393961  15.308   0.639   0.800   0.419 145 135 121  77
  L98-S1106      1831.816  2692.901  15.436   0.018 1.21400    0.393961  14.909   0.685   0.846   0.438 139 132 120  75
  L98-S1285       524.577   650.161  15.346   0.018 1.21400    0.393961  14.721   0.780   0.953   0.481  93  93  85  48
  L98-S1298       100.058  1055.968  15.330   0.018 1.21400    0.393961  14.902   0.649   0.795   0.415  39  36  35  26
  L98-S1299       485.292  1100.297  13.942   0.005 1.21400    0.393961  13.662   0.420   0.604   0.346  82  82  72  44
  L98-S1302       473.835  1224.017  14.412   0.008 1.21400    0.393961  14.170   0.379   0.532   0.305  83  83  68  37
  L98-S1303       118.060  1239.225  15.084   0.014 1.21400    0.393961  14.651   0.605   0.754   0.405  41  40  30  24
e L98-S1323       373.445  2113.151  15.167   0.015 1.21400    0.393961  14.734   0.637   0.808   0.433  84  82  69  38
e L98-S1327       225.936  2242.185  15.112   0.014 1.21400    0.393961  14.697   0.608   0.775   0.402  52  52  42  33
  L98-S1328       594.041  2251.687  15.492   0.019 1.21400    0.393961  14.398   1.318   1.488   0.728 102  99  93  59
  L98-S1343       132.274  2712.394  14.223   0.007 1.21400    0.393961  13.751   0.635   0.764   0.391  44  42  38  29
  L98-S1345       488.986  2787.807  14.284   0.007 1.21400    0.393961  13.275   1.210   1.400   0.694  89  87  80  46
  L98-S1346       507.378  2994.741  14.339   0.008 1.21400    0.393961  14.086   0.367   0.514   0.293  88  84  77  47
  L98-S1803       641.489   451.843  15.510   0.021 1.21400    0.393961  14.979   0.666   0.846   0.431  94  94  91  56
  L98-S1898       972.734  2097.024  15.899   0.029 1.21400    0.393961  15.309   0.796   1.016   0.517 120 113 109  73
  L98-S1914       980.205  2338.013  14.840   0.011 1.21400    0.393961  14.338   0.678   0.816   0.406 112 105 103  64
  L98-S1978       392.848  3345.554  14.241   0.007 1.21400    0.393961  13.904   0.469   0.656   0.384  76  72  60  33
  L98-S2000      1105.013  3814.684  15.274   0.016 1.21400    0.393961  14.956   0.453   0.574   0.328 101  92  95  66
  L98-S2002        96.950  3831.505  14.688   0.010 1.21400    0.393961  14.382   0.454   0.565   0.325  38  35  35  25
