#Star             Xc        Yc      Mag      Merr  Airmass UT             V       B-V     V-I      R-I   nV nBV nVI nRI 
  L101-421        504.155   496.882  13.718   0.003 1.76400    5.519958  13.184   0.514   0.618   0.303  61  61  61  63
  L101-424        697.104   729.613  15.815   0.015 1.76400    5.519958  15.081   0.745   0.805   0.381  69  69  60  59
  L101-427        505.598  1070.857  15.737   0.014 1.76400    5.519958  14.996   0.779   0.881   0.421  92  84  53  53
  L101-429        289.152  1364.733  14.443   0.005 1.76400    5.519958  13.499   0.978   1.144   0.515 114 108  75  72
  L101-431        367.732  1679.017  14.855   0.007 1.76400    5.519958  13.686   1.242   1.516   0.709 105 101  68  68
  L101-L6         365.341  1802.354  17.134   0.044 1.76400    5.519958  16.530   0.715   0.830   0.405  83  79  47  47
  L101-S17        -14.700   224.988   0.000   0.000 1.76400    5.519958  17.588   0.880   1.064   0.489  60  60  60  63
  L101-S20        633.299   326.883  18.588   0.179 1.76400    5.519958  18.655   0.714   0.868   0.439  60  58  57  57
  L101-S26        405.738   538.524  19.365   0.354 1.76400    5.519958  19.167   1.382   1.702   0.807  61  47  58  58
  L101-S29        143.950   657.014  17.500   0.062 1.76400    5.519958  16.800   0.621   0.739   0.361  71  70  60  56
  L101-S32        426.837   708.982  17.404   0.059 1.76400    5.519958  16.747   0.715   0.824   0.396  70  70  63  56
  L101-S35        863.842   750.243  16.448   0.025 1.76400    5.519958  15.539   0.924   1.044   0.484  83  81  65  62
  L101-S41        672.199   885.573  18.027   0.103 1.76400    5.519958  17.096   0.839   0.958   0.456  73  72  41  38
  L101-S45        452.615  1115.531  18.603   0.165 1.76400    5.519958  17.856   0.718   0.823   0.396  91  81  52  52
  L101-S66        684.438  1638.969  19.872   0.550 1.76400    5.519958  18.503   0.997   1.163   0.538  76  59  39  39
  L101-S77        181.244  2195.464  19.222   0.307 1.76400    5.519958  19.491   1.541   2.127   1.115  67  31  42  42
  L101-S78         37.279  2208.873  15.754   0.013 1.76400    5.519958  14.767   1.036   1.242   0.551  73  72  42  42
  L101-S88        122.765  2453.644  15.977   0.016 1.76400    5.519958  15.466   0.531   0.657   0.329  47  47  32  27
  L101-S90        865.150  2529.676  19.480   0.360 1.76400    5.519958  18.571   1.533   2.045   1.071  43  35  40  35
  L101-S92        359.914  2562.193  16.809   0.034 1.76400    5.519958  16.189   0.655   0.740   0.367  39  39  39  32
  L101-S93        766.252  2590.191  14.628   0.005 1.76400    5.519958  14.080   0.580   0.701   0.357  39  39  39  31
  L101-S260       949.782    23.298  18.852   0.236 1.76400    5.519958  17.621   1.215   1.468   0.663  69  69  65  64
  L101-S261      1041.348   556.663  16.823   0.035 1.76400    5.519958  15.991   0.833   0.956   0.448  54  54  54  57
  L101-S262      1349.588   780.641  17.966   0.098 1.76400    5.519958  16.794   1.338   1.630   0.740  61  61  50  50
  L101-S263      1192.155   919.768  19.588   0.418 1.76400    5.519958  18.336   1.628   2.518   1.456  31  31  30  30
  L101-S264      1193.098  1080.401  19.981   0.635 1.76400    5.519958  18.170   0.447   0.615   0.315  48  48  36  36
  L101-S265      1340.064  1123.088  18.707   0.190 1.76400    5.519958  17.539   1.561   2.281   1.267  57  55  34  34
  L101-S266      1172.211  1155.983  20.537   1.025 1.76400    5.519958  18.635   1.597   2.470   1.408  50  40  38  38
  L101-S267      1010.139  1183.406   0.000   0.000 1.76400    5.519958  19.101   1.585   2.217   1.209  47  33  43  43
  L101-S268      1335.592  1421.851  18.877   0.221 1.76400    5.519958  18.658   1.238   1.544   0.703  55  49  34  34
  L101-S269      1102.304  1551.417  15.000   0.007 1.76400    5.519958  14.356   0.664   0.739   0.364  48  47  42  38
  L101-S270      1231.699  1818.355  24.115  26.840 1.76400    5.519958  18.966   1.771   2.679   1.551  35  32  34  34
  L101-S271       610.116  2704.933  18.390   0.142 1.76400    5.519958  17.541   1.231   1.446   0.651  44  44  39  33
  L101-S274       550.694  2749.408  19.272   0.305 1.76400    5.519958  18.129   1.095   1.367   0.653  35  33  27  25
  L101-S276      1173.103  2839.764  19.372   0.337 1.76400    5.519958  18.611   1.583   2.240   1.212  19  19  19  20
  L101-S311      1762.121    67.524  17.937   0.104 1.76400    5.519958  17.170   1.165   1.385   0.604  57  57  52  52
  L101-S312      1799.925   168.889  14.949   0.007 1.76400    5.519958  14.453   0.525   0.637   0.308  57  57  52  52
  L101-S313      1878.800   190.319  16.324   0.024 1.76400    5.519958  15.514   0.533   0.674   0.333  57  57  52  52
  L101-S314      1897.254   273.192  16.636   0.033 1.76400    5.519958  16.017   0.588   0.710   0.348  50  50  50  52
  L101-S318      1955.984   515.792  15.668   0.013 1.76400    5.519958  15.033   0.622   0.741   0.357  49  49  48  48
  L101-S338      1538.116  2059.371  14.076   0.004 1.76400    5.519958  12.946   1.195   1.249   0.582  55  55  34  34
  L101-S345       702.030  2893.826  18.074   0.105 1.76400    5.519958  17.457   0.898   1.040   0.477  42  41  31  31
  L101-S348      1354.456  2955.857  17.081   0.040 1.76400    5.519958  16.358   0.818   0.933   0.435  44  42  33  30
  L101-S350       641.943  2954.401  18.247   0.119 1.76400    5.519958  17.590   0.459   0.614   0.316  42  42  31  30
  L101-S352       779.866  2990.715  15.659   0.012 1.76400    5.519958  15.062   0.656   0.798   0.395  44  41  33  30
  L101-S356      1052.470  3053.463  14.314   0.004 1.76400    5.519958  13.498   0.879   1.007   0.455  36  36  33  30
  L101-S358      1037.014  3102.015  14.819   0.006 1.76400    5.519958  14.233   0.617   0.701   0.347  36  36  33  30
  L101-S360      1674.523  3201.044  19.773   0.488 1.76400    5.519958  18.198   1.530   2.065   1.084  44  34  33  30
  L101-S364      1405.403  3257.937  14.801   0.006 1.76400    5.519958  14.216   0.629   0.705   0.341  44  41  33  30
  L101-S366       537.651  3266.776  15.285   0.009 1.76400    5.519958  14.784   0.528   0.654   0.336  52  45  33  30
  L101-S376       -11.627  3826.810   0.000   0.000 1.76400    5.519958  15.508   0.733   0.857   0.427  52  45  33  30
  L101-S381      1786.769  4019.866  18.755   0.191 1.76400    5.519958  17.871   1.482   1.998   1.020  44  36  33  30
  L101-S384       518.736  4076.688  18.339   0.149 1.76400    5.519958  17.521   1.293   1.531   0.688  52  42  33  30
  L101-S506      1413.020  1143.195  16.074   0.018 1.76400    5.519958  15.518   0.577   0.705   0.344  60  60  34  34
  L101-S512      1838.992  1721.700  18.426   0.139 1.76400    5.519958  17.835   0.890   1.046   0.476  55  54  33  33
  L101-S523       372.694  3165.119  21.691   2.878 1.76400    5.519958  19.227   1.624   2.535   1.467  45  22  33  30
  L101-S525        76.149  3281.154  18.526   0.154 1.76400    5.519958  17.906   0.601   0.783   0.391  29  24  13  10
  L101-S527      1233.169  3921.846  19.273   0.302 1.76400    5.519958  18.260   1.508   1.909   0.948  36  29  33  29
  L101-S777       940.219   499.151   0.000   0.000 1.76400    5.519958  20.220   0.760   0.942   0.406  23  12  12  12
  L101-S783      1274.109   865.779  19.948   0.611 1.76400    5.519958  19.339   1.075 -80.660 -81.322  13  13   0   0
  L101-S790       717.194  1267.352  21.728   3.022 1.76400    5.519958  19.715   1.551   2.201   1.173  32  11  11  11
  L101-S829      1895.860  3560.513  19.033   0.242 1.76400    5.519958  18.884   0.776 -81.115   0.000   7   6   0   0
  L104-335        374.238   259.906  12.282   0.001 1.67900    1.852031  11.684   0.614   0.690   0.331 140 116  97  50
  L104-337        132.896   575.022  11.938   0.001 1.67900    1.852031  11.202   0.766   0.840   0.392 128 104  89  45
  L104-350        314.445  3245.732  14.273   0.004 1.67900    1.852031  13.641   0.658   0.733   0.359  98  77  98  57
  L104-444        522.919   212.372  13.935   0.004 1.67900    1.852031  13.270   0.678   0.744   0.356 110  85  83  42
  L104-454       2003.373  1989.896  12.627   0.002 1.67900    1.852031  11.927   0.743   0.834   0.405 100  81  68  41
  L104-456        616.437  2078.801  12.971   0.002 1.67900    1.852031  12.368   0.623   0.686   0.333  89  68  87  50
  L104-460       1441.910  2608.859  14.060   0.004 1.67900    1.852031  12.896   1.275   1.504   0.679  84  71  84  53
  L104-470       1089.919  3712.174  14.961   0.007 1.67900    1.852031  14.366   0.631   0.713   0.352  72  52  69  42
  L104-S5         533.913   793.974  14.326   0.005 1.67900    1.852031  13.551   0.820   0.862   0.409  90  70  77  43
  L104-S9        1059.464  3633.490  15.266   0.009 1.67900    1.852031  14.618   0.679   0.779   0.386  71  51  71  39
  L104-S68       1187.651  2191.104  15.600   0.013 1.67900    1.852031  14.808   0.854   1.021   0.475  85  66  84  44
  L104-S308       200.921  2522.608  26.132   0.000 1.67900    1.852031  20.379   1.447   2.086   1.090  20   6  20  28
  L104-S490      1802.042   256.350  15.936   0.018 1.67900    1.852031  15.414   0.563   0.705   0.360  83  63  80  41
  L104-S499      1388.642   979.473  15.484   0.012 1.67900    1.852031  14.801   0.709   0.758   0.368  82  63  82  41
  L104-335        222.803   266.733  12.167   0.001 1.15300    5.290725  11.684   0.614   0.690   0.331 140 116  97  50
  L104-350        162.270  3253.100  14.160   0.004 1.15300    5.290725  13.641   0.658   0.733   0.359  98  77  98  57
  L104-443       1958.842   215.562  16.399   0.026 1.15300    5.290725  15.387   1.296   1.605   0.751  81  63  81  43
  L104-444        371.102   219.169  13.807   0.003 1.15300    5.290725  13.270   0.678   0.744   0.356 110  85  83  42
  L104-453       1908.356  1633.864  12.833   0.002 1.15300    5.290725  12.232   0.757   0.892   0.439  98  82  78  44
  L104-454       1850.918  1996.410  12.511   0.001 1.15300    5.290725  11.927   0.743   0.834   0.405 100  81  68  41
  L104-456        464.889  2085.807  12.858   0.002 1.15300    5.290725  12.368   0.623   0.686   0.333  89  68  87  50
  L104-457       1179.588  2131.574  16.683   0.030 1.15300    5.290725  16.044   0.795   0.908   0.428  92  74  91  52
  L104-460       1289.966  2615.748  13.964   0.003 1.15300    5.290725  12.896   1.275   1.504   0.679  84  71  84  53
  L104-470        938.012  3720.003  14.844   0.006 1.15300    5.290725  14.366   0.631   0.713   0.352  72  52  69  42
  L104-S5         382.148   800.974  14.214   0.004 1.15300    5.290725  13.551   0.820   0.862   0.409  90  70  77  43
  L104-S9         907.882  3641.370  15.152   0.008 1.15300    5.290725  14.618   0.679   0.779   0.386  71  51  71  39
  L104-S68       1036.006  2197.924  15.518   0.011 1.15300    5.290725  14.808   0.854   1.021   0.475  85  66  84  44
  L104-S69        557.931  2616.876  17.112   0.043 1.15300    5.290725  16.028   1.335   1.647   0.754  63  43  63  29
  L104-S368       200.333  2425.387  15.989   0.016 1.15300    5.290725  16.283   0.893   1.001   0.468  93  68  90  52
  L104-S379      1867.644  2819.646  17.073   0.041 1.15300    5.290725  16.137   1.077   1.175   0.501  84  65  84  46
  L104-S490      1650.013   263.783  15.818   0.015 1.15300    5.290725  15.414   0.563   0.705   0.360  83  63  80  41
  L104-S494      1377.609   403.090  16.750   0.032 1.15300    5.290725  16.004   1.089   1.289   0.563  79  61  79  41
  L104-S499      1236.819   986.396  15.370   0.010 1.15300    5.290725  14.801   0.709   0.758   0.368  82  63  82  41
  L104-S525      1413.665  3239.062  16.520   0.026 1.15300    5.290725  16.097   0.622   0.759   0.378  81  62  81  42
  L104-S533      1567.870  3658.948  16.857   0.034 1.15300    5.290725  16.467   0.543   0.699   0.357  67  50  67  37
  L104-S540       994.382  3892.828  16.646   0.028 1.15300    5.290725  15.825   1.004   1.150   0.509  50  32  44  29
  L107-611       1369.318   155.019  15.050   0.007 1.36700    5.754827  14.287   0.870   0.997   0.469  87  64  87  62
  L107-612        805.119   172.069  15.051   0.007 1.36700    5.754827  14.267   0.914   1.089   0.544  83  61  83  58
  L107-614       1236.570   492.263  14.467   0.004 1.36700    5.754827  13.939   0.611   0.742   0.380  85  65  81  61
  L107-619        144.788  1027.948  12.657   0.001 1.36700    5.754827  12.121   0.625   0.766   0.386  92  70  68  48
  L107-626        272.795  1838.729  14.388   0.004 1.36700    5.754827  13.484   0.994   1.127   0.519 102  85 100  79
  L107-627        295.601  1956.922  14.019   0.003 1.36700    5.754827  13.351   0.781   0.916   0.457  92  76  87  75
  L107-636        848.636  3827.981  15.511   0.009 1.36700    5.754827  14.882   0.742   0.882   0.448  39  32  32  25
  L107-639        334.529  4068.957  14.697   0.005 1.36700    5.754827  14.185   0.657   0.805   0.381  44  36  36  30
  L107-S20        361.411  2458.272  16.683   0.023 1.36700    5.754827  15.985   0.803   0.916   0.446  62  47  60  40
  L107-S57        267.676  1670.774  17.477   0.047 1.36700    5.754827  17.517   0.138   0.229   0.165  81  65  75  56
  L107-S197      1046.276    93.444  14.222   0.004 1.36700    5.754827  13.329   1.022   1.169   0.521  84  55  84  56
  L107-S205      1299.670   152.652  17.463   0.050 1.36700    5.754827  16.890   0.814   0.959   0.478  85  60  85  58
  L107-S222       279.337   389.569  16.729   0.027 1.36700    5.754827  15.938   0.951   1.092   0.536  62  49  62  52
  L107-S250       511.430   677.148  17.111   0.036 1.36700    5.754827  16.355   0.893   1.097   0.545  82  61  77  56
  L107-S266       422.407   879.346  15.462   0.009 1.36700    5.754827  14.801   0.774   0.870   0.427  80  60  76  56
  L107-S267        93.962   898.472  16.762   0.025 1.36700    5.754827  16.101   0.735   0.863   0.431  74  56  70  51
  L107-S298       929.615  1285.247  17.050   0.034 1.36700    5.754827  16.398   0.779   0.880   0.431  76  58  74  51
  L107-S313      1314.071  1420.028  16.644   0.022 1.36700    5.754827  15.868   0.901   0.989   0.463  79  63  74  57
  L107-S319      1776.047  1510.853  17.305   0.044 1.36700    5.754827  16.638   0.931   1.151   0.541  67  51  62  44
  L107-S327      1267.265  1672.037  16.075   0.015 1.36700    5.754827  15.950   0.150   0.256   0.175  79  62  74  57
  L107-S550      1801.151    99.328  16.958   0.032 1.36700    5.754827  16.276   0.813   0.964   0.483  79  51  77  53
  L107-S563      1955.524   560.977  15.369   0.009 1.36700    5.754827  14.505   0.988   1.105   0.541  76  56  71  49
  L107-S579      1143.770   996.881  13.882   0.003 1.36700    5.754827  13.008   0.990   1.150   0.529  82  61  76  51
  L107-S589      1840.395  1284.605  16.667   0.025 1.36700    5.754827  16.245   0.517   0.659   0.340  69  56  66  48
  L107-S609      1709.474  1769.815  16.491   0.020 1.36700    5.754827  15.901   0.693   0.843   0.426  67  53  62  47
  L107-S639       742.693  2102.848  15.701   0.011 1.36700    5.754827  15.109   0.734   0.862   0.431  61  50  58  45
c L107-S682      1343.166  2571.673  16.809   0.026 1.36700    5.754827  16.280   0.710   0.890   0.436  54  41  50  37
  L107-S755      1198.391  3543.953  15.178   0.007 1.36700    5.754827  14.496   0.811   0.870   0.412  44  36  38  32
  L107-S779       400.158  3733.989  16.833   0.027 1.36700    5.754827  16.404   0.534   0.705   0.371  44  35  38  31
  L107-S782       973.352  3776.354  16.423   0.018 1.36700    5.754827  15.885   0.660   0.803   0.411  43  35  36  31
  L107-S785      1345.550  3871.169  17.280   0.039 1.36700    5.754827  16.813   0.676   0.797   0.392  38  28  30  24
  L107-S788      1173.540  3910.649  17.320   0.040 1.36700    5.754827  16.782   0.711   0.809   0.393  37  27  28  23
  L107-S789      1259.090  3967.904  16.645   0.023 1.36700    5.754827  15.994   0.832   0.966   0.463  37  26  28  23
  L107-S790       981.940  3965.915  15.218   0.007 1.36700    5.754827  14.673   0.713   0.805   0.377  37  27  28  23
  L107-S1317     1759.127  3951.112  17.065   0.034 1.36700    5.754827  16.079   1.252   1.584   0.738  35  26  28  21
  L107-611       1260.795   170.583  15.023   0.006 1.18300    8.795230  14.287   0.870   0.997   0.469  87  64  87  62
  L107-612        696.679   187.588  15.028   0.006 1.18300    8.795230  14.267   0.914   1.089   0.544  83  61  83  58
  L107-614       1128.368   507.839  14.412   0.004 1.18300    8.795230  13.939   0.611   0.742   0.380  85  65  81  61
  L107-619         36.453  1043.106  12.618   0.001 1.18300    8.795230  12.121   0.625   0.766   0.386  92  70  68  48
  L107-626        164.436  1854.001  14.341   0.004 1.18300    8.795230  13.484   0.994   1.127   0.519 102  85 100  79
  L107-627        187.251  1972.121  13.978   0.003 1.18300    8.795230  13.351   0.781   0.916   0.457  92  76  87  75
  L107-636        740.103  3843.880  15.456   0.009 1.18300    8.795230  14.882   0.742   0.882   0.448  39  32  32  25
  L107-S20        252.936  2473.971  16.643   0.022 1.18300    8.795230  15.985   0.803   0.916   0.446  62  47  60  40
  L107-S197       937.955   108.938  14.180   0.004 1.18300    8.795230  13.329   1.022   1.169   0.521  84  55  84  56
  L107-S205      1191.216   168.098  17.480   0.048 1.18300    8.795230  16.890   0.814   0.959   0.478  85  60  85  58
  L107-S222       170.912   405.097  16.741   0.026 1.18300    8.795230  15.938   0.951   1.092   0.536  62  49  62  52
  L107-S250       402.955   692.684  17.093   0.034 1.18300    8.795230  16.355   0.893   1.097   0.545  82  61  77  56
  L107-S266       313.955   894.705  15.449   0.009 1.18300    8.795230  14.801   0.774   0.870   0.427  80  60  76  56
  L107-S298       820.908  1300.700  16.969   0.030 1.18300    8.795230  16.398   0.779   0.880   0.431  76  58  74  51
  L107-S313      1205.768  1435.192  16.618   0.022 1.18300    8.795230  15.868   0.901   0.989   0.463  79  63  74  57
  L107-S319      1667.268  1526.003  17.435   0.045 1.18300    8.795230  16.638   0.931   1.151   0.541  67  51  62  44
  L107-S327      1158.987  1687.168  16.011   0.014 1.18300    8.795230  15.950   0.150   0.256   0.175  79  62  74  57
  L107-S550      1692.962   114.933  16.919   0.031 1.18300    8.795230  16.276   0.813   0.964   0.483  79  51  77  53
  L107-S563      1846.927   576.310  15.335   0.008 1.18300    8.795230  14.505   0.988   1.105   0.541  76  56  71  49
  L107-S579      1035.522  1012.126  13.840   0.003 1.18300    8.795230  13.008   0.990   1.150   0.529  82  61  76  51
  L107-S589      1731.930  1299.977  16.563   0.021 1.18300    8.795230  16.245   0.517   0.659   0.340  69  56  66  48
  L107-S596      1938.929  1481.383  15.967   0.013 1.18300    8.795230  15.332   0.777   0.877   0.426  71  56  66  48
  L107-S609      1601.007  1784.937  16.426   0.019 1.18300    8.795230  15.901   0.693   0.843   0.426  67  53  62  47
  L107-S630      1932.469  2062.016  16.876   0.028 1.18300    8.795230  16.364   0.706   0.844   0.417  62  47  57  46
  L107-S639       634.265  2118.148  15.620   0.010 1.18300    8.795230  15.109   0.734   0.862   0.431  61  50  58  45
  L107-S682      1234.245  2586.973  16.752   0.025 1.18300    8.795230  16.280   0.710   0.890   0.436  54  41  50  37
  L107-S755      1089.331  3559.961  15.140   0.007 1.18300    8.795230  14.496   0.811   0.870   0.412  44  36  38  32
  L107-S779       291.862  3749.907  16.717   0.024 1.18300    8.795230  16.404   0.534   0.705   0.371  44  35  38  31
  L107-S782       864.561  3792.162  16.377   0.018 1.18300    8.795230  15.885   0.660   0.803   0.411  43  35  36  31
  L107-S785      1236.708  3887.035  17.307   0.039 1.18300    8.795230  16.813   0.676   0.797   0.392  38  28  30  24
  L107-S788      1064.327  3926.505  17.284   0.039 1.18300    8.795230  16.782   0.711   0.809   0.393  37  27  28  23
  L107-S789      1150.181  3983.885  16.643   0.022 1.18300    8.795230  15.994   0.832   0.966   0.463  37  26  28  23
  L107-S790       873.069  3981.758  15.194   0.007 1.18300    8.795230  14.673   0.713   0.805   0.377  37  27  28  23
  L107-S1162     1147.273  1912.137  17.486   0.047 1.18300    8.795230  16.782   0.877   1.004   0.468  69  54  66  49
  L107-S1317     1650.093  3967.164  17.110   0.033 1.18300    8.795230  16.079   1.252   1.584   0.738  35  26  28  21
  L110-358        514.490  2081.909  15.342   0.010 1.32800    9.014287  14.417   1.079   1.282   0.639  79  70  50  31
  L110-S409       156.098   970.746  16.434   0.025 1.32800    9.014287  14.756   1.965   2.433   1.197  92  69  60  41
  L110-S417        77.720  1094.104  16.027   0.018 1.32800    9.014287  14.905   1.300   1.521   0.759  99  82  67  41
  L110-S463      1884.081  1993.359  12.998   0.002 1.32800    9.014287  12.288   0.861   1.016   0.556  57  57  42  24
  L110-S505       539.849  2911.682  14.379   0.005 1.32800    9.014287  13.638   0.884   0.986   0.474 104  86  61  40
  L110-S555      1724.335  3945.850  16.259   0.021 1.32800    9.014287  15.349   1.204   1.397   0.647  55  55  39  14
  L111-S303      1551.115    80.015  14.232   0.004 1.51700    9.223706  13.498   0.859   0.974  87.475   6   6   6   0
  L111-S309      1748.279   202.386  15.608   0.013 1.51700    9.223706  14.683   1.017   1.133  86.449   6   6   6   0
  L111-S315      1365.174   250.709  14.296   0.005 1.51700    9.223706  13.011   1.451   1.566  88.554   6   6   6   0
  L111-S318       760.563   406.979  16.000   0.017 1.51700    9.223706  15.243   0.868   1.063  85.819   6   6   6   0
  L111-S332      1208.630   844.125  14.729   0.006 1.51700    9.223706  13.143   1.779   1.934  88.790   6   6   6   0
  L111-S336      1103.082   932.547  14.927   0.007 1.51700    9.223706  13.712   1.389   1.484  87.771   6   6   6   0
  L111-S344      1584.392  1224.559  14.794   0.006 1.51700    9.223706  13.321   1.661   1.862  88.540   6   6   6   0
  L111-S352      1246.159  1496.347  15.618   0.012 1.51700    9.223706  14.845   0.930   1.122  86.276   6   6   6   0
  L98-562        1969.413    33.876  12.571   0.002 1.21400    0.393961  12.172   0.514   0.603   0.291 148 145 138  76
  L98-563         307.942    71.698  14.481   0.005 1.21400    0.393961  14.155   0.463   0.625   0.346 165 156 158  86
  L98-580         244.671   528.024  15.012   0.007 1.21400    0.393961  14.703   0.413   0.514   0.291 175 168 162  95
  L98-581         467.340   537.547  14.819   0.007 1.21400    0.393961  14.610   0.313   0.389   0.228 181 173 168  98
  L98-590        1220.022   713.796  15.785   0.014 1.21400    0.393961  14.671   1.354   1.522   0.745 175 171 158  97
  L98-600         495.991   785.682  11.534   0.001 1.21400    0.393961  11.087   0.573   0.652   0.312 155 155 144  88
s L98-607         298.898   943.781  11.216   0.001 1.21400    0.393961  11.149   0.157   0.215   0.122 153 152 139  88
  L98-613         287.799   996.012  11.900   0.001 1.21400    0.393961  11.814   0.180   0.246   0.145 162 161 145  90
  L98-614        1614.369  1032.514  16.377   0.024 1.21400    0.393961  15.441   1.041   1.210   0.572 185 170 169  97
  L98-618        1453.622  1083.631  14.601   0.006 1.21400    0.393961  12.755   2.200   2.419   1.136 201 187 180 109
  L98-624        1675.232  1209.699  14.393   0.005 1.21400    0.393961  13.775   0.778   0.834   0.386 197 180 176  94
  L98-626        1573.913  1241.889  15.950   0.016 1.21400    0.393961  14.771   1.446   1.598   0.777 196 182 173  92
  L98-632         398.251  1377.867  11.604   0.001 1.21400    0.393961  11.535   0.167   0.238   0.141 180 179 160  99
  L98-634        1529.139  1428.743  15.161   0.008 1.21400    0.393961  14.640   0.649   0.749   0.358 202 185 175  99
  L98-642        1392.002  1610.900  15.709   0.013 1.21400    0.393961  15.315   0.544   0.694   0.382 236 216 193 106
  L98-646        1449.959  1794.008  16.444   0.025 1.21400    0.393961  15.737   0.933   1.040   0.489 230 219 188 104
  L98-650        1814.658  1923.740  12.317   0.001 1.21400    0.393961  12.274   0.153   0.168   0.094 276 268 221 156
  L98-652        1301.887  1934.455  15.205   0.009 1.21400    0.393961  14.820   0.531   0.664   0.338 234 222 199 120
  L98-666         941.666  2219.066  12.781   0.002 1.21400    0.393961  12.730   0.163   0.210   0.125 251 240 212 129
  L98-670        1896.003  2317.012  13.058   0.002 1.21400    0.393961  11.939   1.348   1.386   0.653 303 275 239 162
  L98-675        1806.071  2418.879  15.029   0.007 1.21400    0.393961  13.415   1.904   2.101   1.002 304 288 245 180
  L98-676        1881.963  2441.753  14.030   0.004 1.21400    0.393961  13.087   1.169   1.376   0.677 277 248 229 153
  L98-682        1803.879  2597.223  14.229   0.004 1.21400    0.393961  13.760   0.628   0.709   0.336 268 251 208 148
  L98-685        1659.379  2706.461  12.275   0.001 1.21400    0.393961  11.959   0.464   0.573   0.283 271 250 226 152
  L98-688         936.778  2721.732  12.924   0.002 1.21400    0.393961  12.762   0.290   0.355   0.198 236 225 199 122
  L98-712        1671.445  3358.323  11.615   0.001 1.21400    0.393961  11.578   0.165   0.232   0.130 165 148 127  94
  L98-724        1882.843  3776.715  11.999   0.001 1.21400    0.393961  11.112   1.096   1.111   0.524 157 131 124  77
  L98-S74        1920.106    29.114  16.139   0.021 1.21400    0.393961  16.117   0.830   1.064   0.562 144 139 141  77
  L98-S80        1286.132   120.308  15.587   0.013 1.21400    0.393961  15.079   0.660   0.806   0.408 161 153 149  83
  L98-S83        1339.922   142.914  16.586   0.030 1.21400    0.393961  16.261   0.690   0.857   0.464 163 155 146  83
  L98-S97         813.589   282.809  16.157   0.020 1.21400    0.393961  15.591   0.688   0.839   0.424 173 158 161  84
  L98-S104       1194.074   348.045  16.597   0.029 1.21400    0.393961  15.982   0.755   0.905   0.453 165 163 152  92
  L98-S113       1385.299   394.842  16.116   0.019 1.21400    0.393961  15.207   1.273   1.460   0.715 162 160 148  87
  L98-S114       1459.120   396.593  15.773   0.014 1.21400    0.393961  15.166   0.710   0.871   0.417 160 160 146  84
  L98-S115        557.593   397.900  14.700   0.006 1.21400    0.393961  13.647   1.226   1.388   0.679 163 155 152  83
  L98-S117        385.701   400.379  16.157   0.020 1.21400    0.393961  15.457   0.910   1.073   0.528 158 153 148  82
  L98-S118        121.734   420.740  16.259   0.021 1.21400    0.393961  15.628   0.740   0.905   0.455 157 155 150  84
  L98-S125        833.926   486.402  14.214   0.004 1.21400    0.393961  13.034   1.373   1.476   0.703 178 167 166  93
  L98-S126        600.658   485.280  16.124   0.019 1.21400    0.393961  15.483   0.792   0.932   0.461 171 163 159  89
  L98-S131       1193.437   503.904  13.714   0.003 1.21400    0.393961  13.470   0.382   0.517   0.299 173 169 155  93
  L98-S132       1712.702   521.522  15.853   0.016 1.21400    0.393961  15.322   0.690   0.829   0.410 172 169 158  93
  L98-S134       1963.977   530.005  16.421   0.026 1.21400    0.393961  15.861   0.704   0.864   0.435 169 165 151  91
  L98-S145       1699.882   581.022  12.689   0.002 1.21400    0.393961  12.470   0.324   0.512   0.267 173 168 159  95
  L98-S152        721.387   632.429  15.872   0.016 1.21400    0.393961  15.344   0.679   0.862   0.443 177 169 163  93
  L98-S158       1002.824   644.978  16.099   0.018 1.21400    0.393961  15.699   0.549   0.689   0.386 173 169 152  90
  L98-S159       1984.500   658.054  16.294   0.023 1.21400    0.393961  15.832   0.733   0.894   0.451 174 173 156  91
  L98-S173       1711.038   719.665  15.341   0.010 1.21400    0.393961  14.849   0.641   0.806   0.410 170 167 156  93
  L98-S176        609.917   727.321  16.093   0.019 1.21400    0.393961  15.684   0.512   0.635   0.361 161 160 144  89
  L98-S180        384.450   744.899  14.357   0.005 1.21400    0.393961  13.918   0.565   0.689   0.349 157 157 144  91
  L98-S181       1576.975   783.776  15.925   0.016 1.21400    0.393961  15.299   0.747   0.876   0.425 168 164 157  92
  L98-S182       1062.679   778.971  14.230   0.004 1.21400    0.393961  13.832   0.542   0.654   0.328 171 165 159  94
  L98-S184       1290.909   785.201  15.012   0.008 1.21400    0.393961  14.503   0.674   0.808   0.403 171 164 157  93
  L98-S185        884.349   782.651  15.900   0.017 1.21400    0.393961  15.396   0.600   0.751   0.389 169 164 155  91
  L98-S188        718.504   789.867  15.596   0.013 1.21400    0.393961  15.146   0.466   0.565   0.312 163 163 151  90
  L98-S194       1515.808   855.029  16.538   0.027 1.21400    0.393961  15.927   0.776   0.985   0.511 174 166 164  94
  L98-S196       1360.805   863.167  16.640   0.030 1.21400    0.393961  16.116   0.619   0.808   0.450 181 165 168  94
  L98-S209       1702.178   923.734  16.564   0.028 1.21400    0.393961  15.243   1.525   2.181   1.173 188 171 173  96
  L98-S212       1081.838   927.776  15.927   0.016 1.21400    0.393961  15.316   0.775   0.984   0.507 182 172 165  95
  L98-S216       1747.976   952.206  12.522   0.001 1.21400    0.393961  12.283   0.374   0.458   0.234 186 167 170  98
  L98-S222       1269.867   988.987  16.005   0.017 1.21400    0.393961  15.250   0.907   1.013   0.488 188 172 170  97
  L98-S223       1507.792  1001.058  13.215   0.002 1.21400    0.393961  12.863   0.479   0.582   0.288 186 172 170  97
  L98-S225       1231.011   999.548  14.562   0.005 1.21400    0.393961  14.116   0.616   0.776   0.409 189 175 170  97
  L98-S228        777.361  1006.523  14.322   0.004 1.21400    0.393961  13.896   0.568   0.727   0.384 175 172 159  96
  L98-S232       1545.555  1055.996  15.871   0.015 1.21400    0.393961  15.427   0.605   0.763   0.429 185 169 171  97
  L98-S237        273.472  1065.355  16.042   0.018 1.21400    0.393961  15.582   0.674   0.837   0.429 162 162 147  93
  L98-S240        496.930  1089.770  14.342   0.004 1.21400    0.393961  13.872   0.598   0.712   0.356 168 165 149  93
  L98-S250        253.586  1134.457  14.272   0.004 1.21400    0.393961  13.873   0.521   0.630   0.316 154 154 140  93
  L98-S254        302.742  1175.093  15.821   0.014 1.21400    0.393961  14.760   1.293   1.475   0.728 161 156 142  90
  L98-S272        219.852  1289.108  16.507   0.028 1.21400    0.393961  16.079   0.588   0.734   0.401 175 174 155  92
  L98-S300       1241.346  1464.526  16.464   0.026 1.21400    0.393961  15.910   0.712   0.872   0.435 210 189 179  99
  L98-S307       1108.266  1512.670  14.876   0.007 1.21400    0.393961  14.603   0.399   0.485   0.273 209 192 173  97
  L98-S309       1151.258  1524.430  15.947   0.016 1.21400    0.393961  15.450   0.667   0.830   0.420 212 192 179  97
  L98-S314        150.681  1537.096  16.640   0.030 1.21400    0.393961  15.886   0.906   1.031   0.480 170 168 156  94
  L98-S316       1716.914  1559.711  16.346   0.023 1.21400    0.393961  15.151   1.419   1.656   0.814 217 197 186 100
c L98-S320       1188.808  1586.229  12.674   0.002 1.21400    0.393961  12.550   0.243   0.342   0.186 218 201 181  96
s L98-S328       1184.827  1633.302  11.238   0.001 1.21400    0.393961  10.942   0.422   0.520   0.250 228 206 188 103
  L98-S335        121.422  1672.772  14.324   0.004 1.21400    0.393961  14.168   0.390   0.494   0.282 203 203 165 104
  L98-S339        183.286  1728.704  15.119   0.008 1.21400    0.393961  14.608   0.644   0.818   0.424 202 202 161  99
  L98-S349        795.950  1772.010  16.200   0.021 1.21400    0.393961  15.526   0.797   0.895   0.428 200 200 166  97
c L98-S352        152.451  1794.275  16.208   0.021 1.21400    0.393961  15.654   0.746   0.957   0.493 184 184 163  91
  L98-S369        897.982  1899.548  16.677   0.029 1.21400    0.393961  16.105   0.683   0.872   0.457 207 201 177 103
  L98-S374       1005.600  1918.988  16.291   0.022 1.21400    0.393961  15.720   0.792   0.897   0.440 218 206 179 103
  L98-S380       1437.850  1967.913  15.980   0.016 1.21400    0.393961  15.447   0.700   0.839   0.413 234 227 197 118
  L98-S381        856.740  1964.642  14.715   0.006 1.21400    0.393961  14.412   0.439   0.564   0.319 203 203 175 103
  L98-S384        638.829  1974.076  16.316   0.021 1.21400    0.393961  15.612   0.832   1.010   0.505 193 193 174 103
  L98-S385       1061.792  2000.625  14.929   0.007 1.21400    0.393961  14.467   0.594   0.706   0.345 226 221 191 111
  L98-S400        240.530  2100.070  16.564   0.026 1.21400    0.393961  15.884   0.846   1.083   0.557 189 189 168 105
  L98-S403       1907.869  2141.851  16.652   0.030 1.21400    0.393961  15.936   0.911   1.038   0.488 259 236 210 131
  L98-S404        136.521  2126.059  16.265   0.020 1.21400    0.393961  15.679   0.735   0.933   0.474 181 181 167 104
  L98-S414        430.480  2183.009  16.323   0.022 1.21400    0.393961  15.915   0.650   0.841   0.450 196 190 171 100
  L98-S415       1271.226  2196.984  16.500   0.026 1.21400    0.393961  15.906   0.755   0.954   0.516 250 227 201 118
c L98-S423       1498.820  2257.351  15.698   0.013 1.21400    0.393961  15.090   0.885   0.996   0.479 257 237 211 135
  L98-S427       1429.929  2262.008  16.666   0.030 1.21400    0.393961  15.494   1.386   1.554   0.744 254 234 206 126
  L98-S432       1805.237  2299.507  15.943   0.016 1.21400    0.393961  15.475   0.667   0.828   0.413 255 237 196 131
  L98-S442       1173.283  2361.246  15.284   0.009 1.21400    0.393961  14.465   1.030   1.162   0.560 235 217 194 107
  L98-S443       1246.388  2363.969  14.075   0.004 1.21400    0.393961  13.825   0.392   0.486   0.261 241 221 197 113
  L98-S444       1541.951  2373.810  16.312   0.022 1.21400    0.393961  15.774   0.730   0.902   0.479 254 229 209 134
  L98-S446         35.914  2374.605  16.355   0.023 1.21400    0.393961  15.727   0.821   1.030   0.523 169 169 151  90
  L98-S454       1583.710  2440.694  15.179   0.008 1.21400    0.393961  14.609   0.752   0.963   0.511 262 244 212 136
  L98-S464        326.782  2504.893  15.276   0.009 1.21400    0.393961  14.735   0.699   0.826   0.410 178 170 155  90
  L98-S465       1186.233  2526.687  14.142   0.004 1.21400    0.393961  13.679   0.615   0.706   0.341 240 220 193 113
  L98-S470       1543.153  2571.709  15.049   0.008 1.21400    0.393961  14.146   1.094   1.213   0.582 256 232 207 133
  L98-S471       1019.142  2577.626  15.984   0.016 1.21400    0.393961  15.537   0.602   0.749   0.418 228 212 183 104
  L98-S478        227.348  2609.033  14.914   0.007 1.21400    0.393961  14.426   0.627   0.729   0.355 172 166 148  91
  L98-S485        581.177  2690.314  16.112   0.018 1.21400    0.393961  15.613   0.715   0.912   0.495 181 174 157  90
  L98-S489       1460.614  2727.935  15.253   0.009 1.21400    0.393961  14.796   0.625   0.794   0.429 250 227 203 129
  L98-S493        420.352  2748.540  16.635   0.028 1.21400    0.393961  16.052   0.686   0.842   0.427 174 165 151  91
  L98-S495       1175.255  2763.943  16.482   0.024 1.21400    0.393961  15.958   0.688   0.878   0.476 228 210 186 107
  L98-S497       1232.503  2766.886  16.290   0.021 1.21400    0.393961  15.783   0.809   1.019   0.533 235 212 189 113
  L98-S503        486.917  2785.812  16.626   0.028 1.21400    0.393961  15.419   1.427   1.646   0.821 180 167 148  91
  L98-S504       1821.965  2806.966  15.168   0.008 1.21400    0.393961  14.678   0.656   0.789   0.389 236 218 176 128
  L98-S505        286.666  2801.609  14.636   0.006 1.21400    0.393961  14.262   0.513   0.633   0.318 168 153 139  87
  L98-S511        236.677  2851.873  11.871   0.001 1.21400    0.393961  10.950   1.096   1.107   0.512 162 154 129  86
  L98-S519       1094.625  2897.099  15.782   0.013 1.21400    0.393961  15.187   0.775   0.987   0.505 207 193 170 102
  L98-S520       1893.516  2926.202  15.386   0.010 1.21400    0.393961  14.850   0.713   0.825   0.395 225 201 180 119
  L98-S526       1255.931  2978.693  16.192   0.019 1.21400    0.393961  15.675   0.728   0.895   0.445 201 180 158 106
  L98-S540        693.880  3098.098  15.601   0.011 1.21400    0.393961  15.090   0.690   0.823   0.410 158 148 133  93
  L98-S541        454.801  3095.292  14.502   0.005 1.21400    0.393961  14.210   0.454   0.590   0.344 154 143 127  88
  L98-S553        657.618  3157.530  14.441   0.005 1.21400    0.393961  13.499   1.126   1.190   0.563 156 148 128  88
  L98-S557        765.751  3183.800  16.523   0.025 1.21400    0.393961  15.892   0.801   0.944   0.465 166 154 136  87
  L98-S558       1429.785  3213.862  16.335   0.022 1.21400    0.393961  15.771   0.787   0.956   0.470 183 164 141  95
  L98-S564        271.347  3259.917  13.993   0.003 1.21400    0.393961  13.719   0.412   0.487   0.259 150 141 123  87
  L98-S573       2026.667  3339.928  16.228   0.024 1.21400    0.393961  15.687   0.774   0.975   0.502 163 143 126  89
  L98-S581       1808.904  3416.013  16.662   0.029 1.21400    0.393961  16.113   0.804   0.975   0.482 155 140 122  98
  L98-S586       1989.209  3445.555  15.953   0.016 1.21400    0.393961  15.396   0.733   0.927   0.481 156 138 123  87
  L98-S593       1959.402  3508.343  16.712   0.030 1.21400    0.393961  16.024   0.823   1.022   0.513 148 136 116  85
  L98-S595        312.930  3500.679  16.069   0.017 1.21400    0.393961  15.517   0.733   0.891   0.443 139 127 106  80
  L98-S598         71.829  3515.953  16.016   0.017 1.21400    0.393961  15.639   0.572   0.736   0.421 132 126 105  84
  L98-S599       1555.202  3541.936  16.723   0.030 1.21400    0.393961  16.001   0.908   1.153   0.584 156 140 127  92
  L98-S601        447.776  3528.765  14.930   0.007 1.21400    0.393961  14.469   0.683   0.913   0.511 146 134 117  83
  L98-S1129       735.143  3764.544  15.648   0.012 1.21400    0.393961  14.916   0.981   1.139   0.511 139 118 111  61
  L98-S1130      1000.172  3777.941  16.356   0.022 1.21400    0.393961  15.766   0.773   1.006   0.546 140 115 106  59
