#Star             Xc        Yc      Mag      Merr  Airmass UT             V       B-V     V-I      R-I   nV nBV nVI nRI 
  L101-262       1919.009   802.666  13.467   0.006 1.71700    5.428327  14.298   0.740   0.830   0.383  26  26  26  32
  L101-268       1442.858  1312.897  12.145   0.002 1.71700    5.428327  14.373   1.533   2.215   1.198  52  52  40  40
e L101-270        581.273  1850.956  13.052   0.004 1.71700    5.428327  13.717   0.509   0.643   0.299  19  19  19  22
  L101-S151      1955.486   622.076  16.572   0.101 1.71700    5.428327  17.585   0.523   0.707   0.353  23  23  23  24
  L101-S159      1723.777   908.056  16.223   0.075 1.71700    5.428327  16.918   0.552   0.703   0.339  22  22  22  26
  L101-S166      1861.597  1115.935  15.213   0.030 1.71700    5.428327  16.179   0.830   0.950   0.433  23  23  23  26
  L101-S169      1862.613  1164.390  16.715   0.117 1.71700    5.428327  18.447   1.208   1.446   0.651  22  22  22  22
  L101-S174      2045.683  1253.781   0.000   0.000 1.71700    5.428327  17.489   0.469   0.652   0.333  25  25  25  29
  L101-S182      1896.488  1358.328  17.161   0.181 1.71700    5.428327  18.988   1.077   1.307   0.577  39  33  27  27
  L101-S224      1918.501  1952.541  17.088   0.160 1.71700    5.428327  18.643   1.231   1.500   0.688  44  42  44  46
  L101-S234      2035.878  2122.669   0.000   0.000 1.71700    5.428327  18.845   1.554   2.531   1.488  45  38  45  53
  L101-S282      1276.832  2203.823  14.633   0.017 1.71700    5.428327  15.458   0.680   0.769   0.367  46  46  46  51
  L101-S286      1911.500  2496.131  17.061   0.162 1.71700    5.428327  17.780   0.707   0.865   0.434  51  51  47  47
  L101-S288       785.848  2498.672  15.404   0.035 1.71700    5.428327  16.655   0.930   1.076   0.476  44  44  44  47
  L101-S289       827.735  2568.289  12.376   0.002 1.71700    5.428327  13.179   0.731   0.820   0.380  44  44  44  47
  L101-S292       798.011  2869.218  14.756   0.020 1.71700    5.428327  15.463   0.573   0.728   0.348  47  47  47  51
  L101-S293      2060.148  2895.554   0.000   0.000 1.71700    5.428327  17.729   1.540   2.167   1.168  53  51  50  50
  L101-S297      1344.119  2932.777  15.688   0.044 1.71700    5.428327  16.348   0.545   0.715   0.353  47  47  47  50
b L101-S299      1188.539  3244.970  15.320   0.033 1.71700    5.428327  16.366   0.730   0.860   0.416  46  46  44  44
  L101-S305      1958.994  3411.942  14.376   0.013 1.71700    5.428327  15.516   0.971   1.158   0.521  60  60  50  50
  L101-S308      1310.962  3703.506  12.493   0.003 1.71700    5.428327  13.195   0.621   0.741   0.363  47  47  47  52
  L101-S309      1984.069  4024.104  16.081   0.066 1.71700    5.428327  18.165   1.533   2.019   1.042  57  53  57  51
  L101-S408      1448.747  2537.820  16.094   0.065 1.71700    5.428327  18.612   1.667   2.487   1.442  42  37  42  47
  L101-S410      1288.292  3191.405  16.434   0.089 1.71700    5.428327  18.856   1.618   2.459   1.429  36  36  36  44
  L101-S412       687.356  3958.755  17.337   0.205 1.71700    5.428327  17.877   0.295   0.462   0.214  43  43  43  46
  L101-S457       130.611    11.336   0.000   0.000 1.71700    5.428327  16.246   1.271   1.534   0.683  13  13  13  22
  L101-S459        -3.005   138.591   0.000   0.000 1.71700    5.428327  14.321   0.911   1.108   0.498  13  13  13  19
  L101-S462      1595.655   310.293  15.685   0.047 1.71700    5.428327  17.207   1.222   1.481   0.659  22  22  22  26
  L101-S463       333.298   322.927  17.081   0.178 1.71700    5.428327  18.571   0.705   0.893   0.430  16  16  15  15
  L101-S464      1066.118   359.443  16.763   0.124 1.71700    5.428327  18.609   1.414   1.846   0.910  22  22  22  25
  L101-S467      1299.063   983.177  16.842   0.135 1.71700    5.428327  17.659   0.667   0.805   0.380  21  21  21  24
  L101-S468      1302.777  1140.500  15.747   0.048 1.71700    5.428327  16.753   0.804   0.946   0.440  21  21  21  24
  L101-S470       382.760  1209.283  12.629   0.003 1.71700    5.428327  13.553   0.802   0.932   0.415  15  15  15  20
  L101-S471       617.266  1284.209  11.589   0.001 1.71700    5.428327  12.431   0.757   0.832   0.364  18  18  18  18
  L101-S473       558.300  1571.490  17.017   0.157 1.71700    5.428327  18.492   1.016   1.378   0.651  19  19  19  19
  L101-S474       555.312  1664.011  15.076   0.027 1.71700    5.428327  15.850   0.567   0.721   0.348  17  17  17  22
  L101-S475      1200.603  1775.928  16.806   0.125 1.71700    5.428327  18.718   1.496   1.882   0.924  39  37  39  45
e L101-S476       169.176  1881.417  13.724   0.008 1.71700    5.428327  14.507   0.630   0.753   0.347  14  14  14  22
  L101-S478        19.734  2191.733  15.831   0.062 1.71700    5.428327  17.704   1.341   1.730   0.821  15  15  15  19
  L101-S479       657.492  2584.476  17.325   0.215 1.71700    5.428327  18.536   0.388   0.595   0.284  32  32  32  33
  L101-S483        68.080  3183.290  16.767   0.128 1.71700    5.428327  17.593   0.468   0.672   0.321  19  19  19  18
  L101-S488       127.344  3515.501  18.078   0.427 1.71700    5.428327  18.320   0.504   0.670   0.320  21  21  21  21
  L101-S490       920.348  3608.232  16.478   0.096 1.71700    5.428327  17.951   1.250   1.559   0.719  45  45  45  51
  L101-S491       531.935  3855.607  15.591   0.043 1.71700    5.428327  17.135   1.293   1.573   0.703  22  22  22  26
  L101-S492       784.505  3868.788  14.317   0.013 1.71700    5.428327  14.976   0.508   0.681   0.311  44  44  44  47
  L101-S693      1936.832   136.097  17.624   0.274 1.71700    5.428327  18.964   0.691   0.817   0.370  15  15   7   7
  L101-S697       532.931   238.063  16.038   0.066 1.71700    5.428327  17.200   0.925   1.027   0.438  13  13   5   5
  L101-S704      1568.876   603.648   0.000   0.000 1.71700    5.428327  20.031   0.522   0.644   0.300  15  15   6   6
  L101-S715       201.366  1455.057   0.000   0.000 1.71700    5.428327  20.489  79.510   1.549   0.690   9   0   5   5
  L101-S722      1517.798  1821.467  18.976   0.890 1.71700    5.428327  20.078  79.921   1.751   0.863  13   0   7   7
  L101-S732       675.356  2351.962  17.363   0.213 1.71700    5.428327  19.453   1.077   1.396   0.621  13  13   5   5
  L101-S744      1620.961  2889.753  16.973   0.143 1.71700    5.428327  17.908   0.825   0.945   0.436  16  16   8   8
  L101-S751      1662.446  3093.213  18.166   0.446 1.71700    5.428327  19.470   1.166   1.395   0.599  18  16   8   8
b L104-S12       1173.345  2628.971  14.514   0.015 1.72800    1.750587  15.363   0.796   0.866   0.399  54  44  52  42
  L104-S20        657.023  3157.225  14.922   0.026 1.72800    1.750587  15.623   0.576   0.686   0.337  48  35  40  35
  L104-S21       1582.564  3172.854  14.565   0.015 1.72800    1.750587  16.456   1.462   1.915   0.963  80  64  79  50
  L104-S22       1660.007  3213.758  15.768   0.048 1.72800    1.750587  17.457   1.365   1.652   0.759  78  62  78  50
  L104-S23       1083.900  3236.183  14.355   0.013 1.72800    1.750587  15.004   0.568   0.678   0.333  49  35  42  35
  L104-S34       1731.767  3689.713  14.020   0.010 1.72800    1.750587  14.802   0.731   0.835   0.416  78  60  76  48
  L104-S36       1485.454  3793.589  12.538   0.003 1.72800    1.750587  13.219   0.604   0.726   0.363  74  59  73  44
  L104-S39       1667.965  3916.919  14.892   0.022 1.72800    1.750587  16.884   1.344   1.758   0.870  80  60  80  49
  L104-S108       839.144   923.310  17.582   0.264 1.72800    1.750587  19.538  80.461   2.032   1.047  11   0  11  16
  L104-S115       289.296  1469.057  16.603   0.113 1.72800    1.750587  19.468  80.531   2.677   1.575  21   0  21  30
  L104-S117      1243.563  1615.870  18.312   0.495 1.72800    1.750587  20.375  79.624   2.190   1.184  16   0  16  30
  L104-S128      1071.334  2339.261  18.057   0.382 1.72800    1.750587  20.323   0.193   0.644   0.265  15  12  10  10
  L104-S138       204.085  2656.110  16.202   0.075 1.72800    1.750587  18.543   1.652   2.364   1.322  36  21  30  30
  L104-S149      1588.716  3021.019  18.097   0.416 1.72800    1.750587  19.216   0.793   0.982   0.471  55  36  55  45
  L104-S166      1728.127  3479.992  17.318   0.195 1.72800    1.750587  18.939   1.153   1.412   0.643  69  38  69  46
  L104-S173      1974.157  3584.228  17.308   0.196 1.72800    1.750587  19.389   1.459   1.791   0.867  57  19  57  52
  L104-S182      1616.263  3802.570  18.157   0.435 1.72800    1.750587  19.961   1.521   2.085   1.100  35  10  35  40
  L104-S192      1108.999  4046.914  16.223   0.075 1.72800    1.750587  18.198   1.481   2.037   1.063  49  30  41  33
  L104-S342      1712.955  3605.972  15.984   0.059 1.72800    1.750587  17.271   1.124   1.336   0.592  81  61  81  52
  L104-S343      1299.448  3612.175  18.093   0.422 1.72800    1.750587  18.974   0.550   0.704   0.362  56  45  53  45
  L104-S347      1180.250  4048.384  17.535   0.251 1.72800    1.750587  19.079   0.386   0.581   0.296  51  38  36  36
  L104-S391      1130.390   214.211  17.778   0.304 1.72800    1.750587  18.875   0.823   0.976   0.438  17  12  15  12
  L104-S398       797.676   435.246  13.902   0.010 1.72800    1.750587  14.766   0.756   0.857   0.396  21  15  16  16
  L104-S404      1921.623   564.792  17.607   0.272 1.72800    1.750587  18.854   0.795   0.902   0.412  33  21  33  24
  L104-S415      1006.711   842.790  17.169   0.180 1.72800    1.750587  17.830   0.499   0.607   0.296  20  15  17  16
  L104-S420      1751.012   901.556  13.517   0.006 1.72800    1.750587  14.313   0.707   0.800   0.388  38  34  38  28
  L104-S434      1720.398  1235.784  14.224   0.012 1.72800    1.750587  14.888   0.550   0.672   0.334  52  42  52  38
  L104-S435       865.722  1224.837  16.700   0.118 1.72800    1.750587  17.376   0.703   0.810   0.378  39  29  34  33
  L104-S439       778.270  1397.296  16.045   0.065 1.72800    1.750587  17.126   0.776   0.945   0.470  39  29  33  33
  L104-S447      1903.093  1751.687  15.094   0.027 1.72800    1.750587  15.916   0.692   0.806   0.396  57  45  57  43
  L104-S448      1640.597  1817.036  16.060   0.061 1.72800    1.750587  18.108   1.525   1.967   1.000  53  43  53  37
  L104-S451      1603.918  1953.010  15.600   0.041 1.72800    1.750587  16.462   0.716   0.870   0.430  61  50  61  43
  L104-S452       993.377  1973.020  14.566   0.016 1.72800    1.750587  15.760   1.019   1.211   0.548  42  32  36  34
  L104-S457      1108.757  2065.115  16.074   0.063 1.72800    1.750587  18.113   1.342   1.734   0.847  47  34  44  37
c L104-S458      2010.495  2081.321  14.708   0.018 1.72800    1.750587  17.482   1.595   2.668   1.591  69  58  69  47
  L104-S460       246.616  2078.132  14.914   0.023 1.72800    1.750587  15.654   0.587   0.713   0.356  38  30  32  32
c L104-S461       894.633  2132.349  16.278   0.078 1.72800    1.750587  17.132   0.854   0.897   0.439  43  33  36  35
  L104-S462      1957.927  2206.914  16.947   0.143 1.72800    1.750587  18.499   1.274   1.607   0.750  56  43  56  42
  L104-S467      1261.117  2255.868  17.098   0.158 1.72800    1.750587  17.963   0.621   0.751   0.379  56  42  53  43
  L104-S471      1304.332  2537.152  14.539   0.016 1.72800    1.750587  16.147   1.357   1.656   0.766  58  51  58  44
  L104-S473       563.958  2600.353  15.506   0.038 1.72800    1.750587  16.755   1.058   1.297   0.603  41  32  34  34
  L104-S474      1066.907  2625.728  14.842   0.020 1.72800    1.750587  16.484   1.353   1.645   0.762  44  33  40  36
  L104-S475       775.100  2806.856  14.592   0.016 1.72800    1.750587  16.322   1.409   1.755   0.835  41  33  37  35
  L104-S476       407.475  2896.563  16.188   0.074 1.72800    1.750587  17.562   1.036   1.277   0.544  19  14  14  14
  L104-S481       396.079  3229.710  15.568   0.041 1.72800    1.750587  16.440   0.775   0.908   0.431  37  29  34  31
  L104-S482       376.785  3300.157  17.339   0.204 1.72800    1.750587  18.624   1.116   1.397   0.627  36  26  32  31
  L104-S483       478.150  3347.897  17.703   0.291 1.72800    1.750587  18.460   0.470   0.635   0.337  44  34  34  34
  L104-S486       880.663  4035.698  15.837   0.050 1.72800    1.750587  16.572   0.785   0.864   0.417  47  33  37  32
  L104-S487       855.732  4085.788   0.000   0.000 1.72800    1.750587  17.058   0.810   0.966   0.455  45  31  33  29
  L104-S699      1699.708  1357.430  18.002   0.372 1.72800    1.750587  19.027   0.802   0.958   0.463  53  31  53  43
  L104-S705      1528.403  1829.533  18.247   0.486 1.72800    1.750587  19.332   0.397   0.615   0.320  37  31  37  30
  L104-S709      2000.407  1981.969  19.323   1.202 1.72800    1.750587  20.267   1.120   1.485   0.741  22   6  22  27
  L104-S715      1500.709  2285.965  19.479   1.456 1.72800    1.750587  19.706   0.717   0.905   0.456  28  18  28  28
  L104-S717      2060.794  2362.937   0.000   0.000 1.72800    1.750587  20.546   0.825   0.835   0.365  20   6  17  17
  L104-S722      1434.990  2540.208  17.735   0.297 1.72800    1.750587  20.427  79.572   2.020   1.050  12   0  12  25
  L104-S12       1017.783  2633.058  14.505   0.015 1.15100    5.199145  15.363   0.796   0.866   0.399  54  44  52  42
  L104-S20        500.617  3161.825  14.939   0.023 1.15100    5.199145  15.623   0.576   0.686   0.337  48  35  40  35
  L104-S21       1427.605  3177.344  14.540   0.016 1.15100    5.199145  16.456   1.462   1.915   0.963  80  64  79  50
  L104-S22       1505.170  3218.311  15.825   0.050 1.15100    5.199145  17.457   1.365   1.652   0.759  78  62  78  50
  L104-S23        928.025  3240.981  14.330   0.013 1.15100    5.199145  15.004   0.568   0.678   0.333  49  35  42  35
  L104-S34       1576.940  3694.740  13.984   0.010 1.15100    5.199145  14.802   0.731   0.835   0.416  78  60  76  48
  L104-S36       1330.179  3798.666  12.512   0.003 1.15100    5.199145  13.219   0.604   0.726   0.363  74  59  73  44
  L104-S39       1513.129  3922.007  15.093   0.026 1.15100    5.199145  16.884   1.344   1.758   0.870  80  60  80  49
  L104-S398       639.113   437.056  13.864   0.009 1.15100    5.199145  14.766   0.756   0.857   0.396  21  15  16  16
  L104-S411      2017.052   773.250  14.569   0.017 1.15100    5.199145  15.338   0.680   0.753   0.353  43  35  43  22
  L104-S420      1595.012   905.038  13.483   0.006 1.15100    5.199145  14.313   0.707   0.800   0.388  38  34  38  28
  L104-S434      1564.572  1239.317  14.179   0.012 1.15100    5.199145  14.888   0.550   0.672   0.334  52  42  52  38
  L104-S447      1748.247  1755.732  15.085   0.026 1.15100    5.199145  15.916   0.692   0.806   0.396  57  45  57  43
  L104-S451      1448.759  1957.095  15.602   0.041 1.15100    5.199145  16.462   0.716   0.870   0.430  61  50  61  43
  L104-S452       836.808  1976.586  14.530   0.016 1.15100    5.199145  15.760   1.019   1.211   0.548  42  32  36  34
c L104-S458      1855.943  2085.826  14.751   0.019 1.15100    5.199145  17.482   1.595   2.668   1.591  69  58  69  47
  L104-S460        88.577  2081.110  14.894   0.023 1.15100    5.199145  15.654   0.587   0.713   0.356  38  30  32  32
  L104-S471      1148.801  2541.281  14.476   0.015 1.15100    5.199145  16.147   1.357   1.656   0.766  58  51  58  44
  L104-S473       407.075  2604.192  15.460   0.038 1.15100    5.199145  16.755   1.058   1.297   0.603  41  32  34  34
  L104-S474       911.094  2629.767  14.826   0.020 1.15100    5.199145  16.484   1.353   1.645   0.762  44  33  40  36
  L104-S481       239.057  3234.013  15.451   0.037 1.15100    5.199145  16.440   0.775   0.908   0.431  37  29  34  31
  L104-S486       724.705  4040.936  15.763   0.047 1.15100    5.199145  16.572   0.785   0.864   0.417  47  33  37  32
  L107-351       1210.604  1499.100  11.621   0.001 1.39000    5.658227  12.335   0.563   0.707   0.357  88  84  77  67
e L107-359        402.179  2800.424  12.027   0.002 1.39000    5.658227  12.791   0.592   0.765   0.397  36  36  36  35
  L107-S110      1912.019  2236.757  14.579   0.014 1.39000    5.658227  15.694   1.015   1.128   0.560  55  45  55  44
  L107-S146      1731.102  3181.857  15.407   0.029 1.39000    5.658227  16.440   0.897   1.040   0.509  56  45  55  45
  L107-S160      1992.944  3676.153  14.914   0.019 1.39000    5.658227  16.474   1.095   1.196   0.541  60  47  60  46
  L107-S369      1891.887   382.617  11.894   0.001 1.39000    5.658227  12.733   0.709   0.805   0.399  34  26  34  26
e L107-S374      1513.886   434.939  14.085   0.009 1.39000    5.658227  16.649   1.628   2.512   1.434  34  28  34  26
  L107-S377      1684.172   464.268  15.638   0.038 1.39000    5.658227  17.148   1.218   1.462   0.665  35  28  35  26
  L107-S411       721.467  1192.998  12.176   0.002 1.39000    5.658227  12.975   0.725   0.809   0.406  39  37  39  35
  L107-S413       158.689  1185.092  14.843   0.019 1.39000    5.658227  15.768   0.756   0.882   0.443  32  30  32  34
  L107-S421       676.845  1409.183  15.435   0.031 1.39000    5.658227  17.239   1.472   1.820   0.868  40  37  40  35
  L107-S429       873.333  1608.634  13.773   0.007 1.39000    5.658227  14.605   0.717   0.841   0.425  42  40  42  36
e L107-S436       361.719  1752.698  13.457   0.005 1.39000    5.658227  14.262   0.662   0.802   0.408  32  30  32  34
  L107-S452       873.219  2059.011  15.157   0.023 1.39000    5.658227  15.990   0.695   0.814   0.409  39  39  39  36
e L107-S477       351.481  2672.847  13.721   0.006 1.39000    5.658227  14.690   0.870   0.975   0.469  33  28  33  33
  L107-S482       771.369  2749.956  15.916   0.047 1.39000    5.658227  18.398   1.611   2.402   1.349  41  31  40  34
  L107-S524       907.001  3710.235  14.965   0.020 1.39000    5.658227  15.800   0.739   0.896   0.458  40  38  39  32
  L107-S525       180.799  3710.039  15.713   0.043 1.39000    5.658227  16.523   0.636   0.809   0.422  32  30  32  32
  L107-S527       756.268  3758.182  14.626   0.015 1.39000    5.658227  15.393   0.677   0.812   0.421  42  39  41  34
  L107-S528      1151.984  3765.664  14.051   0.009 1.39000    5.658227  15.355   1.179   1.338   0.601  43  40  42  35
  L107-S532       485.764  3869.772  15.640   0.037 1.39000    5.658227  16.833   1.112   1.236   0.561  34  33  34  34
  L107-S930       504.845  1327.975  12.890   0.003 1.39000    5.658227  14.117   1.174   1.237   0.597  32  27  32  25
e L107-S977       395.416  2429.172  13.982   0.008 1.39000    5.658227  14.815   0.676   0.830   0.418  32  32  32  33
  L107-S1020      390.840  3703.771  15.912   0.047 1.39000    5.658227  18.332   1.639   2.368   1.325  32  24  32  32
  L107-S1410     1653.467   341.922  15.504   0.033 1.39000    5.658227  16.308   0.617   0.770   0.392  33  25  33  24
  L107-S1416      684.964   478.914  15.253   0.027 1.39000    5.658227  16.075   0.705   0.827   0.407  17  17  17  15
e L107-359        288.250  2812.957  12.007   0.001 1.17700    8.703643  12.791   0.592   0.765   0.397  36  36  36  35
  L107-S77       1719.273  1347.401  16.030   0.043 1.17700    8.703643  17.411   1.120   1.369   0.625  57  40  57  37
  L107-S110      1800.717  2249.431  14.566   0.011 1.17700    8.703643  15.694   1.015   1.128   0.560  55  45  55  44
  L107-S114      1132.212  2300.917  16.191   0.048 1.17700    8.703643  17.099   0.797   0.908   0.446  47  41  47  40
  L107-S117      1336.736  2479.674  16.028   0.042 1.17700    8.703643  16.859   0.672   0.820   0.421  56  46  56  47
  L107-S143      2022.528  3157.821  14.892   0.016 1.17700    8.703643  17.133   1.522   2.204   1.204  57  48  57  50
  L107-S146      1619.344  3195.027  15.412   0.024 1.17700    8.703643  16.440   0.897   1.040   0.509  56  45  55  45
  L107-S156      1981.132  3592.366  15.892   0.036 1.17700    8.703643  16.881   0.699   0.849   0.437  61  48  61  49
  L107-S369      1779.395   394.473  11.884   0.001 1.17700    8.703643  12.733   0.709   0.805   0.399  34  26  34  26
  L107-S374      1401.025   446.513  14.077   0.007 1.17700    8.703643  16.649   1.628   2.512   1.434  34  28  34  26
  L107-S377      1571.375   476.129  15.630   0.031 1.17700    8.703643  17.148   1.218   1.462   0.665  35  28  35  26
  L107-S411       607.588  1204.408  12.163   0.002 1.17700    8.703643  12.975   0.725   0.809   0.406  39  37  39  35
  L107-S413        43.781  1196.077  14.837   0.016 1.17700    8.703643  15.768   0.756   0.882   0.443  32  30  32  34
  L107-S415       726.861  1233.396  15.964   0.040 1.17700    8.703643  16.779   0.683   0.843   0.434  41  39  41  36
  L107-S421       562.929  1420.867  15.408   0.025 1.17700    8.703643  17.239   1.472   1.820   0.868  40  37  40  35
  L107-S429       760.042  1620.441  13.751   0.006 1.17700    8.703643  14.605   0.717   0.841   0.425  42  40  42  36
e L107-S436       247.306  1764.269  13.436   0.004 1.17700    8.703643  14.262   0.662   0.802   0.408  32  30  32  34
  L107-S452       760.173  2071.176  15.180   0.019 1.17700    8.703643  15.990   0.695   0.814   0.409  39  39  39  36
e L107-S477       237.276  2685.124  13.686   0.005 1.17700    8.703643  14.690   0.870   0.975   0.469  33  28  33  33
  L107-S482       658.326  2762.448  15.867   0.045 1.17700    8.703643  18.398   1.611   2.402   1.349  41  31  40  34
  L107-S489       401.971  2921.445  16.074   0.043 1.17700    8.703643  16.990   0.733   0.867   0.441  34  34  34  35
  L107-S501       865.554  3148.882  16.093   0.046 1.17700    8.703643  17.620   1.230   1.474   0.675  41  38  40  36
  L107-S516        34.648  3498.393  16.095   0.047 1.17700    8.703643  17.021   0.776   0.890   0.441  33  30  33  33
  L107-S524       794.344  3723.617  14.916   0.016 1.17700    8.703643  15.800   0.739   0.896   0.458  40  38  39  32
  L107-S525        66.350  3723.251  15.709   0.034 1.17700    8.703643  16.523   0.636   0.809   0.422  32  30  32  32
b L107-S527       643.518  3771.521  14.671   0.013 1.17700    8.703643  15.393   0.677   0.812   0.421  42  39  41  34
  L107-S528      1040.034  3779.030  14.029   0.007 1.17700    8.703643  15.355   1.179   1.338   0.601  43  40  42  35
  L107-S532       372.050  3883.093  15.643   0.032 1.17700    8.703643  16.833   1.112   1.236   0.561  34  33  34  34
  L107-S930       390.649  1339.270  12.882   0.003 1.17700    8.703643  14.117   1.174   1.237   0.597  32  27  32  25
e L107-S977       281.340  2441.425  13.964   0.007 1.17700    8.703643  14.815   0.676   0.830   0.418  32  32  32  33
  L107-S1020      277.016  3716.927  15.991   0.043 1.17700    8.703643  18.332   1.639   2.368   1.325  32  24  32  32
  L107-S1410     1540.544   353.658  15.503   0.028 1.17700    8.703643  16.308   0.617   0.770   0.392  33  25  33  24
  L107-S1416      570.579   489.927  15.216   0.022 1.17700    8.703643  16.075   0.705   0.827   0.407  17  17  17  15
  L110-232       1793.860   412.866  11.562   0.001 1.34700    8.922780  12.508   0.732   0.894   0.454 106  96 106  41
  L110-S15       1456.949    65.866  15.359   0.032 1.34700    8.922780  18.908  81.091   3.535   1.589  45   0  45   9
  L110-S16       1875.069    75.315  15.703   0.044 1.34700    8.922780  19.139  80.860   3.356   1.534  30   0  30   9
  L110-S19       1546.983    84.793  15.379   0.033 1.34700    8.922780  18.887  81.112   3.375   1.531  52   0  52   9
  L110-S21       1310.858   135.247  15.775   0.049 1.34700    8.922780  18.053   2.007   2.329   1.085  73   6  73  10
c L110-S23       1330.274   154.847  14.642   0.017 1.34700    8.922780  17.870   2.888   3.194   1.462  75   5  75  10
  L110-S24       1439.499   202.909  15.532   0.036 1.34700    8.922780  18.361   2.457   2.819   1.321  75   5  75  10
  L110-S25       1156.599   285.185  15.800   0.048 1.34700    8.922780  18.157   1.946   2.338   1.133  48   9  45   7
  L110-S28       1718.449   349.938  14.894   0.021 1.34700    8.922780  18.836  81.163   3.497   1.563  52   0  52  11
c L110-S30       1161.236   379.360  15.308   0.032 1.34700    8.922780  18.727  81.272   3.339   1.519  47   0  47   8
  L110-S32       1675.125   474.096  14.591   0.016 1.34700    8.922780  17.116   2.047   2.478   1.184  76  60  76  12
e L110-S33       1598.281   481.531  14.459   0.014 1.34700    8.922780  18.831  81.168   4.306   1.944  54   0  54  12
  L110-S34       1369.476   519.116  15.738   0.045 1.34700    8.922780  18.126   2.009   2.338   1.124  77   7  77  14
  L110-S35       1149.994   520.149  15.443   0.036 1.34700    8.922780  17.728   1.971   2.335   1.149  44  14  42   9
  L110-S37       1819.668   594.989  15.469   0.036 1.34700    8.922780  18.272  81.727   2.653   1.250  78   0  78  15
  L110-S39       1440.907   699.957  15.639   0.042 1.34700    8.922780  17.951   2.015   2.342   1.130  79  11  79  13
  L110-S40       1351.136   707.139  14.973   0.021 1.34700    8.922780  17.251   1.817   2.178   1.057  79  64  79  14
  L110-S46       1668.126   871.906  15.660   0.041 1.34700    8.922780  18.304   2.167   2.582   1.231  76   6  76  15
  L110-S47       1264.503   897.242  15.492   0.035 1.34700    8.922780  18.357  81.642   2.794   1.340  52   0  52  15
  L110-S252       871.190   184.016  14.007   0.009 1.34700    8.922780  16.183   1.810   2.193   1.099  21   8  21   7
  L110-S254       983.067   472.425  13.663   0.007 1.34700    8.922780  16.605  83.394   2.920   1.364  22   0  20   6
c L110-S262       935.221   898.937  13.207   0.005 1.34700    8.922780  15.505   1.918   2.321   1.167  24  11  24   9
  L110-S278      1359.975  1285.061  12.670   0.003 1.34700    8.922780  16.282  83.717   3.632   1.637  30   0  29  12
c L110-S303      1416.699  1966.805  12.835   0.003 1.34700    8.922780  13.855   0.919   1.018   0.445  25  25  18   9
  L110-S312      1865.395  2335.944  12.784   0.003 1.34700    8.922780  15.411   2.214   2.645   1.246  28  28  23  11
  L110-S315      1436.608  2503.064  13.993   0.009 1.34700    8.922780  16.297   1.948   2.360   1.129  41  41  32  26
  L110-S316      1565.735  2517.469  13.372   0.005 1.34700    8.922780  15.257   1.514   1.917   0.941  42  42  38  27
  L110-S325      1664.971  2787.127  12.553   0.003 1.34700    8.922780  16.072   3.046   3.537   1.591  37  37  35  27
  L110-S328      1402.503  2846.390  13.358   0.005 1.34700    8.922780  16.452   2.711   3.128   1.441  39  39  35  27
  L110-S330      1277.435  2878.010  13.464   0.006 1.34700    8.922780  15.789   1.903   2.375   1.166  40  40  35  27
c L110-S335       703.822  3124.788  13.720   0.007 1.34700    8.922780  16.997   2.948   3.307  86.309  20  20  10   0
  L110-S340       769.983  3252.000  14.247   0.012 1.34700    8.922780  16.508   1.910   2.300  85.791  23  23  10   0
  L110-S349      1227.474  3649.150  14.849   0.020 1.34700    8.922780  16.920   1.755   2.130   1.022  50  50  37  28
  L110-S352      1884.516  3734.153  13.995   0.010 1.34700    8.922780  17.396   2.923   3.417   1.545  54  35  41  31
c L110-S356       686.181  3825.477  12.065   0.002 1.34700    8.922780  15.095   2.594   3.066   1.400  31  31  15   7
  L110-S629       611.673   395.104  14.149   0.011 1.34700    8.922780  16.002   1.504   1.821  85.818  18   6  12   0
  L110-S635       951.004   596.202  15.485   0.037 1.34700    8.922780  17.707   1.849   2.222   1.107  21   7  21   9
  L110-S639       418.830   660.504  13.377   0.006 1.34700    8.922780  15.848   2.106   2.461  86.612  16   6  12   0
  L110-S644       570.748   775.198  13.618   0.007 1.34700    8.922780  15.505   1.556   1.901  86.395  17   6  12   0
  L110-S645       601.876   780.940  14.109   0.011 1.34700    8.922780  15.766   1.404   1.643  85.876  18   6  13   0
  L110-S655       657.188   973.830  14.245   0.012 1.34700    8.922780  17.616  82.383   3.387   1.547  19   0  15   5
c L110-S656       941.174   987.162  15.162   0.027 1.34700    8.922780  18.658  81.341   3.474   1.594  24   0  24   9
  L110-S662      1019.253  1039.003  15.432   0.033 1.34700    8.922780  18.089   2.150   2.555   1.246  25   6  25   9
  L110-S676      1981.805  1191.539  14.245   0.011 1.34700    8.922780  17.825  82.174   3.573   1.626  36   0  36  19
  L110-S681       559.170  1198.802  15.192   0.028 1.34700    8.922780  18.001  81.998   2.771  84.769  18   0  13   0
  L110-S689      1059.153  1301.304  15.163   0.027 1.34700    8.922780  17.706   2.055   2.551   1.252  25   9  24   6
  L110-S702      1074.707  1453.680  14.978   0.021 1.34700    8.922780  18.598  81.401   3.540   1.610  25   0  25   6
  L110-S722      1018.014  1723.147  14.973   0.023 1.34700    8.922780  18.177  81.822   3.210   1.477  20   0  20   6
c L110-S730      1890.013  1799.345  14.263   0.011 1.34700    8.922780  17.727   2.863   3.425   1.577  27   6  22  11
  L110-S742      1312.169  1889.078  15.805   0.048 1.34700    8.922780  18.727  81.272   2.998   1.444  25   0  22  10
  L110-S744      1065.359  1892.908  15.681   0.043 1.34700    8.922780  18.603   2.358   2.938   1.431  24   5  21   6
  L110-S746      1347.061  1963.942  15.874   0.049 1.34700    8.922780  18.550   2.138   2.620   1.299  25   5  18   9
  L110-S763       808.966  2407.918  15.428   0.033 1.34700    8.922780  18.678  81.321   3.242  84.563  21   0   9   0
  L110-S767       429.127  2419.834  12.134   0.002 1.34700    8.922780  15.088   2.513   2.981  87.892  21  21  11   0
  L110-S768       389.190  2428.876  14.592   0.017 1.34700    8.922780  18.000  81.999   3.417  85.416  21   0  13   0
c L110-S770      1868.655  2484.130  14.041   0.009 1.34700    8.922780  18.250  81.749   4.202   1.802  42   0  31  26
c L110-S772      1098.002  2492.740  15.436   0.036 1.34700    8.922780  17.884   1.958   2.447   1.269  26  26  21   6
  L110-S778      1350.629  2591.690  15.636   0.039 1.34700    8.922780  18.123   2.066   2.529   1.232  39  33  36  26
  L110-S787      1683.851  2675.592  14.280   0.012 1.34700    8.922780  18.480  81.519   4.218   1.813  37   0  34  26
c L110-S795      1938.265  2743.023  15.027   0.024 1.34700    8.922780  17.100   1.766   2.157   1.107  39  39  35  27
c L110-S796       895.720  2775.388  15.065   0.024 1.34700    8.922780  17.961  82.038   2.945   1.387  19   0  18   6
  L110-S797      1716.278  2818.820  15.444   0.033 1.34700    8.922780  18.371   2.540   3.010   1.393  36  18  35  27
  L110-S807      1309.145  2941.659  13.696   0.007 1.34700    8.922780  16.276   2.208   2.612   1.242  41  41  36  27
  L110-S817       380.099  3042.602  15.781   0.047 1.34700    8.922780  18.992  81.007   3.215  84.222  18   0   9   0
  L110-S825       496.936  3158.804  15.637   0.039 1.34700    8.922780  18.957  81.042   3.365  84.407  20   0  10   0
e L110-S826      1147.295  3168.908  14.249   0.012 1.34700    8.922780  16.860   1.620   2.590   1.522  27  27  18   7
  L110-S829      1399.022  3188.115  15.685   0.041 1.34700    8.922780  17.882   1.888   2.224   1.085  41  41  36  27
  L110-S831      1930.084  3196.750  15.218   0.025 1.34700    8.922780  17.763   2.114   2.582   1.275  43  43  36  27
  L110-S838      1249.849  3257.612  14.511   0.015 1.34700    8.922780  17.734   2.796   3.279   1.493  44  23  36  26
c L110-S839      1577.528  3265.801  15.181   0.027 1.34700    8.922780  18.612   2.990   3.420   1.532  44  12  36  27
  L110-S842       311.173  3261.486  15.489   0.037 1.34700    8.922780  18.245   2.221   2.763  84.517  20  13  10   0
c L110-S843       539.615  3297.213  15.687   0.043 1.34700    8.922780  19.194  80.805   3.524  84.329  19   0  10   0
  L110-S844      1575.974  3318.771  15.188   0.026 1.34700    8.922780  18.706   3.044   3.515   1.575  44  11  36  27
  L110-S851      1635.289  3354.074  15.755   0.045 1.34700    8.922780  18.871   2.700   3.155   1.447  43  12  36  26
  L110-S856      1337.766  3441.915  15.732   0.044 1.34700    8.922780  18.478   2.360   2.765   1.280  46  17  36  27
c L110-S858       455.692  3454.838  14.906   0.021 1.34700    8.922780  17.851   2.435   2.865  85.013  25  20  10   0
  L110-S862       552.552  3518.006  15.874   0.050 1.34700    8.922780  18.789   2.344   2.838  84.048  24   5  10   0
  L110-S864       175.730  3520.044  15.729   0.046 1.34700    8.922780  18.874  81.125   3.090  84.215  18   0   8   0
  L110-S867      1367.403  3542.024  15.531   0.037 1.34700    8.922780  18.023   2.119   2.600   1.259  45  36  34  27
  L110-S868      1324.314  3544.603  15.228   0.028 1.34700    8.922780  17.602   1.954   2.406   1.168  45  45  34  27
  L110-S873       874.235  3615.143  14.919   0.021 1.34700    8.922780  17.522   2.152   2.655   1.288  30  30  21   8
c L110-S875      1520.309  3632.440  14.777   0.020 1.34700    8.922780  18.383   3.005   3.638   1.632  48  11  38  29
  L110-S881       167.876  3721.738  14.661   0.018 1.34700    8.922780  17.820  82.179   3.215   1.479  24   0  12   7
  L110-S882       947.469  3734.244  15.466   0.036 1.34700    8.922780  18.273   2.278   2.855   1.393  32  18  24  10
  L110-S883       253.115  3733.172  15.403   0.033 1.34700    8.922780  18.132  81.867   2.797   1.344  24   0  13   7
c L110-S889      1797.005  3816.825  15.596   0.040 1.34700    8.922780  18.189   2.187   2.640   1.316  52  38  41  30
b L110-S911      1186.458  4008.629  14.432   0.014 1.34700    8.922780  16.925   2.092   2.583   1.274  66  55  41  26
b L110-S919      1166.506  4041.356  14.569   0.016 1.34700    8.922780  17.032   2.021   2.466   1.204  61  46  31  18
  L110-S920      1358.917  4044.613  15.317   0.029 1.34700    8.922780  18.829  81.170   3.586   1.605  64   0  42  31
e L111-S84       1970.834   854.587  14.144   0.012 1.54900    9.131989  15.479  84.520   1.389   0.690   7   0   7   7
e L111-S112      1905.498  1764.160  12.504   0.003 1.54900    9.131989  13.934   1.381   1.500   0.720   7   7   7   7
e L111-S115      2028.945  1833.187  14.145   0.013 1.54900    9.131989  15.382   1.063   1.270   0.617   7   6   7   7
  L98-S1169      1344.887   731.128  14.070   0.010 1.20000    0.244591  14.781   0.573   0.714   0.381  11   9   6   5
  L98-S1247      1685.067  2433.306  13.709   0.007 1.20000    0.244591  14.475   0.604   0.771   0.393  22  22  22  19
  L98-S1252      1625.106  2692.375  13.936   0.009 1.20000    0.244591  14.816   0.737   0.893   0.456  24  24  24  21
  L98-S1265      1823.470  3269.415  11.678   0.001 1.20000    0.244591  14.104   2.200   2.455   1.163  25  25  25  22
  L98-S1269      1451.331  3589.706  12.556   0.003 1.20000    0.244591  14.604   1.860   2.100   1.025  26  26  19  17
  L98-S1271      1608.942  3838.254  12.958   0.004 1.20000    0.244591  13.727   0.679   0.789   0.381  27  27  26  22
  L98-S1272      1911.184  3902.575  13.908   0.009 1.20000    0.244591  14.761   0.753   0.854   0.409  30  30  28  22
  L98-S1274      1833.941  4027.500  13.976   0.009 1.20000    0.244591  14.809   0.690   0.894   0.499  28  26  25  19
  L98-S1630      1764.899  1924.447  14.388   0.014 1.20000    0.244591  15.127   0.601   0.763   0.420  18  15  18  13
  L98-S1642      1295.021  2136.514  13.193   0.005 1.20000    0.244591  13.888   0.575   0.682   0.331  23  21  18  13
  L98-S1653       972.051  2304.293  14.308   0.012 1.20000    0.244591  15.236   0.764   0.934   0.472  17  17  17  15
e L98-S1748       110.810  3573.866  13.566   0.007 1.20000    0.244591  14.374   0.648   0.806   0.391  17  17  12  12
  L98-S1751       264.109  3693.621  15.165   0.028 1.20000    0.244591  16.295   0.934   1.157   0.580  16  16  11  11
  L98-S1761       962.069  3797.139  13.818   0.008 1.20000    0.244591  14.448   0.542   0.683   0.378  22  22  15  13
e L98-S1769      1339.954  3922.940  14.497   0.015 1.20000    0.244591  15.138   0.504   0.621   0.358  27  27  20  17
