#Star             Xc        Yc      Mag      Merr  Airmass UT             V       B-V     V-I      R-I   nV nBV nVI nRI 
  L101-S1        1641.205  3507.691  15.625   0.018 1.71700    5.428327  16.665   0.918   1.148   0.516  67  67  53  53
  L101-S3         720.062  3649.716  14.661   0.008 1.71700    5.428327  15.739   0.954   1.135   0.510  50  50  48  48
  L101-S5        1711.791  3666.844  16.819   0.053 1.71700    5.428327  18.105   1.239   1.485   0.670  63  63  53  53
  L101-S9        1792.233  3979.333  16.817   0.054 1.71700    5.428327  19.411   1.648   2.582   1.472  65  32  64  60
  L101-S10       1559.631  3990.222  17.109   0.069 1.71700    5.428327  18.208   0.954   1.173   0.524  64  64  60  60
  L101-327        705.426   852.555  12.177   0.001 1.71700    5.428327  13.448   1.121   1.293   0.564  51  51  51  54
  L101-326        417.285   805.523  14.169   0.005 1.71700    5.428327  14.942   0.680   0.783   0.360  35  35  35  38
  L101-330        375.255  1511.888  13.062   0.002 1.71700    5.428327  13.730   0.556   0.687   0.331  76  76  76  76
  L101-S131      1238.449    22.238  18.391   0.236 1.71700    5.428327  18.687   0.662   0.789   0.376  22  22  20  20
  L101-S134       224.121   205.891  16.632   0.039 1.71700    5.428327  17.722   0.856   0.990   0.458  22  22  22  25
  L101-S135       241.060   279.704  14.679   0.007 1.71700    5.428327  15.850   0.965   1.159   0.518  23  23  23  26
  L101-S138      1748.145   430.242  16.103   0.025 1.71700    5.428327  18.263   1.504   2.063   1.055  26  26  26  28
  L101-S143        84.138   521.220  16.679   0.042 1.71700    5.428327  17.975   1.137   1.360   0.613  23  23  23  26
  L101-S144      2015.905   544.052  15.834   0.020 1.71700    5.428327  17.991   1.529   2.073   1.063  23  23  23  25
  L101-S149      1804.686   621.565  16.344   0.031 1.71700    5.428327  17.242   0.595   0.775   0.369  26  26  25  25
  L101-S150      1587.820   631.618  17.523   0.091 1.71700    5.428327  19.025   1.144   1.421   0.614  24  24  20  20
  L101-S153      1566.285   748.384  13.976   0.004 1.71700    5.428327  14.866   0.780   0.912   0.415  27  27  27  28
  L101-S156      1075.130   890.411  16.674   0.043 1.71700    5.428327  17.440   0.575   0.725   0.350  23  23  23  27
  L101-S157      1860.467   901.192  16.809   0.045 1.71700    5.428327  18.571   1.324   1.661   0.769  20  20  20  25
  L101-S158      1707.367   916.155  17.084   0.062 1.71700    5.428327  18.676   1.433   1.771   0.810  23  23  23  27
  L101-S161        85.041  1019.009  14.688   0.008 1.71700    5.428327  15.589   0.786   0.923   0.432  24  24  24  28
  L101-S170      1992.812  1209.823  13.496   0.003 1.71700    5.428327  14.108   0.510   0.643   0.303  26  26  25  25
b L101-S171       146.665  1210.055  17.208   0.070 1.71700    5.428327  18.883   1.329   1.669   0.798  22  21  22  24
  L101-S179      1937.818  1342.613  15.290   0.013 1.71700    5.428327  16.102   0.676   0.847   0.390  26  26  26  27
  L101-S181        25.530  1337.655  14.081   0.005 1.71700    5.428327  14.882   0.717   0.811   0.353  42  42  32  32
  L101-S184      1226.723  1404.403  16.837   0.050 1.71700    5.428327  18.577   1.393   1.766   0.800  45  39  45  47
  L101-S185      1682.539  1414.297  15.611   0.017 1.71700    5.428327  17.382   1.407   1.777   0.814  49  49  46  46
  L101-S198      1758.217  1541.289  17.772   0.119 1.71700    5.428327  19.907   1.442   2.013   1.058  31  20  31  44
  L101-S199      1498.108  1552.984  15.464   0.015 1.71700    5.428327  16.199   0.557   0.743   0.364  53  53  51  51
  L101-S210       264.890  1641.159  17.156   0.066 1.71700    5.428327  18.875   1.393   1.791   0.885  40  36  40  47
  L101-S216      1249.262  1767.312  16.977   0.058 1.71700    5.428327  19.373   1.545   2.408   1.371  38  22  38  52
c L101-S217       132.562  1780.150  14.648   0.008 1.71700    5.428327  15.980   1.026   1.283   0.615  44  44  44  50
  L101-S219      1783.179  1864.719  13.891   0.004 1.71700    5.428327  14.656   0.697   0.812   0.390  48  48  48  49
  L101-S220       868.270  1884.458  15.867   0.022 1.71700    5.428327  17.883   1.514   2.011   1.027  46  46  46  49
  L101-S221      1880.809  1941.536  16.867   0.053 1.71700    5.428327  18.367   1.258   1.593   0.738  47  46  47  49
  L101-S222       393.046  1941.660  17.436   0.086 1.71700    5.428327  18.878   1.132   1.388   0.633  44  39  41  41
  L101-S226      1701.601  1982.223  14.713   0.008 1.71700    5.428327  16.187   1.231   1.537   0.708  49  49  49  50
  L101-S227       240.168  1977.926  17.002   0.058 1.71700    5.428327  19.324   1.581   2.183   1.170  39  23  39  46
  L101-S228       367.943  1982.814  16.762   0.047 1.71700    5.428327  17.872   0.821   0.988   0.474  46  46  46  48
  L101-S230       635.982  2042.364  17.091   0.063 1.71700    5.428327  18.015   0.796   0.916   0.434  48  48  47  47
  L101-S231      1126.842  2048.975  14.362   0.006 1.71700    5.428327  15.277   0.832   0.946   0.447  52  52  52  54
  L101-S232      1439.375  2071.213  16.690   0.044 1.71700    5.428327  18.671   1.566   2.075   1.060  51  44  51  53
  L101-S235       264.328  2143.115  15.597   0.017 1.71700    5.428327  16.377   0.662   0.773   0.380  49  49  49  53
b L101-S237       174.206  2184.515  14.528   0.007 1.71700    5.428327  16.536   1.455   2.034   1.081  47  47  47  53
  L101-S238      1621.709  2276.716  16.384   0.034 1.71700    5.428327  17.840   1.245   1.527   0.697  51  51  51  54
  L101-S241      1234.913  2508.617  17.364   0.085 1.71700    5.428327  18.539   0.844   1.059   0.507  46  46  44  44
  L101-S242      1541.961  2579.975  16.822   0.053 1.71700    5.428327  18.428   1.282   1.539   0.680  47  47  47  49
  L101-S244      1752.133  2789.937  16.698   0.047 1.71700    5.428327  19.328   1.629   2.596   1.508  52  30  49  48
  L101-S246      1658.084  3056.842  12.260   0.001 1.71700    5.428327  12.803   0.491   0.606   0.278  65  65  48  48
  L101-S249      1239.529  3187.903  17.332   0.081 1.71700    5.428327  18.778   1.154   1.489   0.693  36  36  36  37
  L101-S250      1987.680  3221.941  16.990   0.061 1.71700    5.428327  17.717   0.539   0.699   0.350  62  61  44  44
  L101-S253      1460.261  3458.715  16.384   0.036 1.71700    5.428327  17.103   0.649   0.787   0.379  53  53  50  50
  L101-S254      1419.539  3463.122  16.034   0.026 1.71700    5.428327  17.676   1.389   1.703   0.784  51  51  48  48
  L101-S283       933.046  2226.671  16.062   0.026 1.71700    5.428327  17.685   1.345   1.640   0.751  49  49  49  52
  L101-S291        65.563  2815.286  14.246   0.006 1.71700    5.428327  14.945   0.584   0.714   0.345  50  50  48  48
  L101-S295       516.567  2931.881  16.475   0.039 1.71700    5.428327  17.157   0.569   0.719   0.354  51  51  44  44
  L101-S302        43.079  3345.963  14.943   0.010 1.71700    5.428327  15.774   0.769   0.881   0.417  54  54  45  45
b L101-S303      1901.264  3365.000   0.000   0.000 1.71700    5.428327  17.434   1.311   1.693   0.794  64  64  47  47
  L101-S304       572.589  3377.887  16.843   0.055 1.71700    5.428327  17.543   0.503   0.682   0.345  51  51  42  42
  L101-S456      1853.179     1.792   0.000   0.000 1.71700    5.428327  15.008   0.663   0.800   0.368  23  23  23  26
  L101-S485      1098.360  3303.341  13.773   0.004 1.71700    5.428327  14.514   0.697   0.799   0.378  57  57  42  42
  L101-S486      1030.386  3399.521  17.282   0.077 1.71700    5.428327  18.705   1.291   1.557   0.686  56  50  43  43
  L101-S489       203.453  3546.260  17.243   0.077 1.71700    5.428327  18.468   1.179   1.363   0.593  52  52  48  48
  L101-S493       643.284  3886.825  16.773   0.052 1.71700    5.428327  18.742   1.518   2.012   1.029  49  39  48  48
  L101-S695      1452.287   232.021  18.092   0.156 1.71700    5.428327  19.590   0.978   1.249   0.563  15  11   5   5
  L101-S723       997.537  1862.192  18.669   0.279 1.71700    5.428327  20.160   0.936   1.126   0.522  16  13   7   7
  L101-S726      1781.344  1917.936  17.411   0.088 1.71700    5.428327  19.762  80.237   2.362   1.282  15   0   5   5
  L101-S741       761.556  2579.346  18.449   0.233 1.71700    5.428327  19.218   0.529   0.733   0.355  16  15   5   5
  L101-S759      1595.973  3623.564  18.229   0.200 1.71700    5.428327  20.170  79.829   2.120   1.242  20   0   5   5
  L101-S767       217.928  4026.440  18.802   0.340 1.71700    5.428327  19.732   0.430   0.643   0.341  15  12   5   5
  L104-325        593.030  3337.245  14.955   0.011 1.72800    1.750587  15.645   0.631   0.722   0.363  97  75  93  49
  L104-330        793.277  3851.547  14.627   0.008 1.72800    1.750587  15.305   0.622   0.758   0.386 112  87 105  61
  L104-S11        771.014  2037.295  14.096   0.005 1.72800    1.750587  14.930   0.755   0.877   0.421  69  59  69  47
  L104-S13        853.222  2692.187  14.014   0.005 1.72800    1.750587  14.950   0.915   0.999   0.477  74  59  74  46
  L104-S14       1009.976  2749.230  15.598   0.018 1.72800    1.750587  16.344   0.631   0.798   0.408  75  60  75  47
  L104-S15        606.037  2760.813  15.202   0.014 1.72800    1.750587  16.021   0.776   0.906   0.443  75  60  75  47
  L104-S17       1446.202  2944.974  14.639   0.008 1.72800    1.750587  15.225   0.521   0.638   0.333  64  49  64  36
  L104-S28        -17.090  3478.309   0.000   0.000 1.72800    1.750587  17.257   0.639   0.738   0.370  85  71  85  47
b L104-S37        631.451  3857.776  13.882   0.005 1.72800    1.750587  14.507   0.593   0.686   0.346  99  74  91  48
  L104-S40       1042.515  3956.003  16.481   0.044 1.72800    1.750587  17.402   0.900   1.001   0.498  96  73  91  50
  L104-S41       1534.106  3989.228  14.336   0.006 1.72800    1.750587  15.167   0.858   0.915   0.423 104  79  97  53
  L104-S43         81.882  4106.406   0.000   0.000 1.72800    1.750587  17.882   0.708   0.831   0.419  84  64  81  47
  L104-S91       1739.477   189.309  17.939   0.138 1.72800    1.750587  20.528   1.594   2.214   1.174  15   9  15  11
  L104-S92       1023.980   194.134  17.376   0.084 1.72800    1.750587  19.714   1.615   2.367   1.265  15   5  15  13
  L104-S99       1638.733   490.583  16.851   0.053 1.72800    1.750587  19.872   1.790   2.986   1.765  17   5  17  26
  L104-S110       270.093  1049.902  15.296   0.015 1.72800    1.750587  17.424   1.457   2.144   1.159  49  43  49  35
  L104-S111      1498.956  1098.961  17.913   0.146 1.72800    1.750587  20.246   1.568   2.374   1.308  19   5  19  32
  L104-S112      1632.319  1144.625  18.266   0.188 1.72800    1.750587  20.717  79.282   2.303   1.308  13   0  13  26
  L104-S122      1134.855  1915.919  16.272   0.034 1.72800    1.750587  18.737   1.630   2.450   1.398  60  34  60  42
  L104-S124      1497.403  2082.914  15.245   0.013 1.72800    1.750587  16.462   1.127   1.273   0.552  73  62  73  50
  L104-S125       594.922  2101.696  18.746   0.315 1.72800    1.750587  20.601  79.398   2.319   1.260  17   0  17  28
  L104-S133      1553.042  2526.329  18.182   0.184 1.72800    1.750587  18.855   0.460   0.629   0.330  74  59  61  49
  L104-S139      1834.021  2705.344  18.598   0.277 1.72800    1.750587  20.117   1.374   1.715   0.810  28   8  28  35
  L104-S140      1792.032  2738.215  18.497   0.245 1.72800    1.750587  19.128   0.492   0.626   0.326  65  56  53  43
  L104-S142      1189.412  2796.955  17.571   0.110 1.72800    1.750587  19.898   0.457   0.619   0.302  36  29  24  24
  L104-S144      1410.993  2869.401  17.079   0.069 1.72800    1.750587  17.775   0.607   0.731   0.365  65  55  65  40
  L104-S153      1348.182  3116.778  23.254  20.150 1.72800    1.750587  20.260   0.468   0.567   0.311  26  19  15  15
  L104-S157       340.429  3209.709  19.186   0.460 1.72800    1.750587  20.077   0.917   1.095   0.512  33  14  33  33
  L104-S160       138.113  3370.103  17.422   0.100 1.72800    1.750587  19.652  80.347   2.139   1.152  43   0  43  42
  L104-S167      1113.885  3524.546  18.261   0.201 1.72800    1.750587  19.165   0.930   1.105   0.530  73  49  73  53
  L104-S168      1955.155  3532.247  17.017   0.068 1.72800    1.750587  18.797   1.375   1.732   0.835  87  52  87  55
  L104-S172      2035.593  3591.740   0.000   0.000 1.72800    1.750587  19.851   0.480   0.636   0.345  41  33  30  30
  L104-S176      1590.530  3630.072  18.292   0.221 1.72800    1.750587  19.460   0.526   0.708   0.361  66  51  50  45
  L104-S177      1562.281  3699.982  19.509   0.669 1.72800    1.750587  20.383   0.596   0.758   0.377  33  19  20  20
  L104-S178       136.495  3696.950  17.881   0.154 1.72800    1.750587  19.928   1.367   1.612   0.775  37  15  37  36
  L104-S179        29.020  3718.720  18.575   0.298 1.72800    1.750587  19.642   0.742   0.901   0.448  52  33  48  36
  L104-S187      1116.952  3921.464  18.213   0.210 1.72800    1.750587  20.181   0.460   0.628   0.323  36  25  26  26
  L104-S189       471.064  3974.334  17.463   0.105 1.72800    1.750587  18.895   1.230   1.422   0.661  83  50  83  50
  L104-S193       837.176  4064.887  18.820   0.363 1.72800    1.750587  20.030   1.047   1.266   0.604  38  16  38  35
  L104-S327      1719.973  2109.845  16.414   0.038 1.72800    1.750587  17.361   0.891   1.061   0.491  70  58  70  48
  L104-S329        95.969  2556.025  15.513   0.017 1.72800    1.750587  17.032   1.245   1.543   0.714  75  60  75  47
  L104-S330        48.224  2596.139  16.903   0.060 1.72800    1.750587  18.332   1.159   1.452   0.659  74  59  74  48
  L104-S331      1053.188  2703.479  19.542   0.673 1.72800    1.750587  18.750   0.052   0.039   0.015  70  57  46  41
  L104-S332      1013.241  2704.063  15.939   0.024 1.72800    1.750587  18.176   1.569   2.265   1.245  74  54  74  46
  L104-S334      1988.500  3133.976  18.356   0.224 1.72800    1.750587  19.230   0.519   0.701   0.374  68  55  58  48
  L104-S335      1582.267  3153.076  16.505   0.041 1.72800    1.750587  18.359   1.417   1.824   0.910  91  64  91  54
  L104-S337       468.183  3254.282  16.202   0.031 1.72800    1.750587  17.470   1.169   1.335   0.588  86  67  86  48
  L104-S338      1637.094  3291.594  16.011   0.027 1.72800    1.750587  16.756   0.623   0.817   0.422  94  73  89  48
  L104-S340      1823.508  3350.065  19.480   0.625 1.72800    1.750587  19.560   0.473   0.633   0.331  56  45  39  38
  L104-S344      1900.113  3695.959  14.273   0.006 1.72800    1.750587  14.998   0.699   0.794   0.394  99  78  96  51
  L104-S345      1697.818  3762.084  16.997   0.063 1.72800    1.750587  17.745   0.683   0.755   0.376  95  76  90  50
  L104-S346       754.737  3863.452  16.686   0.052 1.72800    1.750587  19.536   1.638   2.726   1.598  56  16  56  46
  L104-S348        97.050  4091.862   0.000   0.000 1.72800    1.750587  19.014   0.568   0.733   0.376  75  55  64  46
  L104-S392      1282.166   316.112  15.797   0.020 1.72800    1.750587  17.038   1.003   1.114   0.539  27  24  26  12
  L104-S393      1910.509   324.134  15.692   0.019 1.72800    1.750587  16.544   0.673   0.823   0.395  29  27  29  16
  L104-S395      1646.668   376.226  16.722   0.049 1.72800    1.750587  17.771   0.869   1.053   0.470  32  30  32  17
  L104-S397      1040.918   429.089  14.917   0.010 1.72800    1.750587  15.660   0.655   0.761   0.366  36  30  35  20
  L104-S399      1752.552   482.401  13.540   0.003 1.72800    1.750587  14.947   1.175   1.432   0.647  43  38  43  27
  L104-S403       340.554   544.758  17.280   0.078 1.72800    1.750587  18.046   0.730   0.857   0.392  42  38  42  25
  L104-S405      1661.919   599.133  15.206   0.013 1.72800    1.750587  16.996   1.416   1.791   0.851  46  41  46  29
  L104-S406      1144.756   596.558  16.683   0.049 1.72800    1.750587  19.316   1.582   2.702   1.570  29   7  29  27
  L104-S409       236.695   706.134  15.685   0.019 1.72800    1.750587  16.382   0.648   0.761   0.369  45  40  45  27
  L104-S411        69.964   762.988  14.623   0.008 1.72800    1.750587  15.338   0.680   0.753   0.353  43  35  43  22
  L104-S412        98.723   805.836  11.948   0.001 1.72800    1.750587  12.597   0.591   0.670   0.324  45  41  45  29
  L104-S416      1608.882   879.261  17.826   0.129 1.72800    1.750587  18.715   0.562   0.756   0.397  46  40  46  31
  L104-S417       498.076   875.288  15.904   0.023 1.72800    1.750587  16.825   0.733   0.900   0.447  45  40  45  29
  L104-S418      1384.169   901.014  13.137   0.002 1.72800    1.750587  13.754   0.542   0.655   0.320  45  40  45  28
  L104-S424       577.567  1005.088  15.600   0.018 1.72800    1.750587  16.809   0.951   1.200   0.550  45  39  45  27
  L104-S425      1955.535  1026.916  15.619   0.018 1.72800    1.750587  17.492   1.365   1.858   0.934  49  43  49  33
  L104-S426      1518.686  1057.996  16.570   0.043 1.72800    1.750587  17.591   0.803   1.016   0.481  48  42  48  30
  L104-S427        59.661  1055.274  15.976   0.023 1.72800    1.750587  17.769   1.441   1.783   0.833  48  47  48  36
  L104-S431      1105.252  1223.705  17.283   0.080 1.72800    1.750587  18.132   0.558   0.720   0.338  64  53  63  43
  L104-S432       580.095  1228.213  13.976   0.005 1.72800    1.750587  15.321   1.090   1.385   0.627  66  55  66  46
  L104-S433      1141.771  1240.857  17.752   0.117 1.72800    1.750587  18.463   0.608   0.824   0.420  63  54  62  44
  L104-S436       902.831  1290.013  17.213   0.075 1.72800    1.750587  18.411   1.041   1.219   0.535  61  51  61  46
  L104-S442      1567.114  1592.033  16.697   0.050 1.72800    1.750587  18.308   1.411   1.730   0.808  71  57  71  50
  L104-S446      1081.927  1677.037  14.444   0.007 1.72800    1.750587  15.094   0.573   0.686   0.343  67  56  67  45
  L104-S454       841.176  2008.076  14.810   0.009 1.72800    1.750587  15.587   0.678   0.817   0.405  69  59  69  47
  L104-S456       951.388  2060.039  16.836   0.056 1.72800    1.750587  17.486   0.614   0.744   0.372  69  59  69  48
  L104-S459       643.236  2084.565  16.909   0.058 1.72800    1.750587  18.168   1.037   1.276   0.568  70  59  70  47
  L104-S464      1194.778  2225.688  15.837   0.021 1.72800    1.750587  17.377   1.282   1.557   0.721  65  55  65  45
  L104-S465      1175.124  2268.039  17.332   0.087 1.72800    1.750587  18.834   1.303   1.577   0.728  64  37  62  44
  L104-S700        25.731  1641.502  17.394   0.099 1.72800    1.750587  18.770   1.142   1.389   0.619  66  46  66  48
  L104-S702      1304.566  1700.117  18.538   0.251 1.72800    1.750587  20.064   0.565   0.697   0.382  26  19  21  21
  L104-S703      1563.959  1704.143  17.487   0.098 1.72800    1.750587  19.436   1.386   1.837   0.920  48  19  48  49
  L104-S704      1334.550  1745.130  18.501   0.259 1.72800    1.750587  20.477  79.522   1.708   0.808  20   0  20  29
  L104-S706       102.386  1885.960  18.884   0.351 1.72800    1.750587  20.454   0.705   0.827   0.418  16   7  16  15
  L104-S710       660.888  2001.411  19.261   0.493 1.72800    1.750587  20.650   1.002   1.124   0.531  17   6  17  19
  L104-S719       217.376  2396.136  17.395   0.090 1.72800    1.750587  18.974   1.269   1.480   0.674  61  31  61  44
  L104-S729       821.116  3110.208  18.846   0.355 1.72800    1.750587  19.795   0.583   0.778   0.395  46  34  38  34
  L104-S732       289.816  3142.441  18.679   0.294 1.72800    1.750587  20.335   0.534   0.632   0.290  26  17  18  18
  L104-325        439.991  3342.519  14.959   0.010 1.15100    5.199145  15.645   0.631   0.722   0.363  97  75  93  49
  L104-330        640.373  3857.127  14.591   0.008 1.15100    5.199145  15.305   0.622   0.758   0.386 112  87 105  61
  L104-S11        617.062  2042.304  14.067   0.005 1.15100    5.199145  14.930   0.755   0.877   0.421  69  59  69  47
  L104-S13        700.064  2697.435  13.976   0.004 1.15100    5.199145  14.950   0.915   0.999   0.477  74  59  74  46
  L104-S14        856.922  2754.731  15.549   0.016 1.15100    5.199145  16.344   0.631   0.798   0.408  75  60  75  47
  L104-S15        452.585  2765.823  15.136   0.011 1.15100    5.199145  16.021   0.776   0.906   0.443  75  60  75  47
  L104-S17       1293.526  2950.550  14.624   0.007 1.15100    5.199145  15.225   0.521   0.638   0.333  64  49  64  36
  L104-S27       1923.071  3406.147  13.525   0.003 1.15100    5.199145  14.119   0.555   0.643   0.325  97  74  91  48
  L104-S37        478.220  3863.278  13.844   0.004 1.15100    5.199145  14.507   0.593   0.686   0.346  99  74  91  48
  L104-S40        889.888  3961.893  16.423   0.037 1.15100    5.199145  17.402   0.900   1.001   0.498  96  73  91  50
  L104-S41       1381.948  3995.222  14.314   0.006 1.15100    5.199145  15.167   0.858   0.915   0.423 104  79  97  53
  L104-S99       1484.520   496.053  16.806   0.045 1.15100    5.199145  19.872   1.790   2.986   1.765  17   5  17  26
  L104-S110       115.021  1054.094  15.256   0.013 1.15100    5.199145  17.424   1.457   2.144   1.159  49  43  49  35
  L104-S122       981.089  1921.009  16.263   0.028 1.15100    5.199145  18.737   1.630   2.450   1.398  60  34  60  42
  L104-S124      1343.985  2088.546  15.189   0.011 1.15100    5.199145  16.462   1.127   1.273   0.552  73  62  73  50
  L104-S327      1566.729  2115.597  16.312   0.029 1.15100    5.199145  17.361   0.891   1.061   0.491  70  58  70  48
  L104-S332       860.156  2709.545  15.886   0.021 1.15100    5.199145  18.176   1.569   2.265   1.245  74  54  74  46
  L104-S335      1429.674  3158.800  16.565   0.039 1.15100    5.199145  18.359   1.417   1.824   0.910  91  64  91  54
  L104-S337       314.772  3259.508  16.136   0.029 1.15100    5.199145  17.470   1.169   1.335   0.588  86  67  86  48
  L104-S338      1484.472  3297.110  15.946   0.023 1.15100    5.199145  16.756   0.623   0.817   0.422  94  73  89  48
  L104-S344      1747.733  3701.889  14.253   0.006 1.15100    5.199145  14.998   0.699   0.794   0.394  99  78  96  51
  L104-S392      1127.508   321.071  15.874   0.019 1.15100    5.199145  17.038   1.003   1.114   0.539  27  24  26  12
  L104-S393      1756.016   330.003  15.708   0.017 1.15100    5.199145  16.544   0.673   0.823   0.395  29  27  29  16
  L104-S395      1492.288   381.758  16.565   0.036 1.15100    5.199145  17.771   0.869   1.053   0.470  32  30  32  17
  L104-S397       886.153   434.000  14.887   0.009 1.15100    5.199145  15.660   0.655   0.761   0.366  36  30  35  20
  L104-S399      1598.262   488.025  13.503   0.003 1.15100    5.199145  14.947   1.175   1.432   0.647  43  38  43  27
  L104-S405      1507.813   604.633  15.192   0.011 1.15100    5.199145  16.996   1.416   1.791   0.851  46  41  46  29
  L104-S406       990.006   601.703  16.480   0.035 1.15100    5.199145  19.316   1.582   2.702   1.570  29   7  29  27
  L104-S409        81.219   710.218  15.597   0.015 1.15100    5.199145  16.382   0.648   0.761   0.369  45  40  45  27
  L104-S417       343.093   879.887  15.923   0.020 1.15100    5.199145  16.825   0.733   0.900   0.447  45  40  45  29
  L104-S418      1230.304   906.449  13.102   0.002 1.15100    5.199145  13.754   0.542   0.655   0.320  45  40  45  28
  L104-S424       422.783  1009.857  15.627   0.016 1.15100    5.199145  16.809   0.951   1.200   0.550  45  39  45  27
  L104-S425      1801.684  1032.656  15.651   0.016 1.15100    5.199145  17.492   1.365   1.858   0.934  49  43  49  33
  L104-S426      1364.722  1063.477  16.611   0.037 1.15100    5.199145  17.591   0.803   1.016   0.481  48  42  48  30
  L104-S432       425.722  1233.141  13.920   0.004 1.15100    5.199145  15.321   1.090   1.385   0.627  66  55  66  46
  L104-S438      1938.071  1412.010  16.810   0.047 1.15100    5.199145  18.392   1.271   1.547   0.689  64  52  64  43
  L104-S442      1413.695  1597.564  16.588   0.040 1.15100    5.199145  18.308   1.411   1.730   0.808  71  57  71  50
  L104-S446       927.964  1682.120  14.404   0.006 1.15100    5.199145  15.094   0.573   0.686   0.343  67  56  67  45
  L104-S454       687.328  2013.142  14.772   0.008 1.15100    5.199145  15.587   0.678   0.817   0.405  69  59  69  47
  L104-S456       797.688  2065.223  16.696   0.042 1.15100    5.199145  17.486   0.614   0.744   0.372  69  59  69  48
  L104-S464      1041.242  2231.002  15.800   0.019 1.15100    5.199145  17.377   1.282   1.557   0.721  65  55  65  45
  L107-456       1879.118  1351.178  11.930   0.001 1.39000    5.658227  12.908   0.921   1.010   0.475 103  79  92  75
  L107-457       1773.734  1578.954  14.008   0.004 1.39000    5.658227  14.900   0.828   0.934   0.458  85  66  77  64
  L107-458        837.201  1766.092  10.654   0.001 1.39000    5.658227  11.665   1.216   1.263   0.589  80  64  75  62
  L107-459       1256.435  1802.915  11.305   0.001 1.39000    5.658227  12.281   0.917   1.035   0.503  85  64  77  64
  L107-S61        425.138   900.589  16.497   0.034 1.39000    5.658227  18.509   1.528   2.012   0.986  55  39  55  48
  L107-S63       2021.834   970.716  16.498   0.035 1.39000    5.658227  17.320   0.728   0.846   0.419  76  56  66  57
  L107-S71        625.872  1139.986  16.897   0.048 1.39000    5.658227  17.668   0.591   0.789   0.413  78  63  72  64
  L107-S72       1802.878  1188.407  14.610   0.007 1.39000    5.658227  15.375   0.658   0.791   0.398  81  62  72  65
  L107-S82       2020.959  1462.444  15.130   0.011 1.39000    5.658227  16.218   0.953   1.125   0.544  84  65  77  64
e L107-S83        209.123  1450.572  15.131   0.010 1.39000    5.658227  17.410   1.593   2.249   1.216  64  54  64  52
  L107-S89       2029.098  1555.682  15.493   0.015 1.39000    5.658227  16.265   0.654   0.805   0.407  84  65  77  64
  L107-S90         41.895  1566.841  16.442   0.031 1.39000    5.658227  17.874   1.129   1.361   0.623  61  50  61  50
  L107-S92        611.963  1592.071  16.141   0.024 1.39000    5.658227  17.129   0.847   1.036   0.516  80  65  75  63
  L107-S97        498.988  1829.930  15.331   0.012 1.39000    5.658227  16.152   0.673   0.811   0.412  66  49  66  46
  L107-S100       151.806  1932.072  16.525   0.035 1.39000    5.658227  17.536   0.731   0.861   0.434  62  52  62  51
  L107-S101       421.058  1960.805  15.821   0.019 1.39000    5.658227  17.183   1.332   1.407   0.678  65  53  65  52
  L107-S102      1883.875  1990.649  14.494   0.006 1.39000    5.658227  15.531   0.944   1.078   0.500  82  62  77  67
c L107-S112      1982.993  2291.579  15.276   0.014 1.39000    5.658227  16.397   0.916   1.165   0.575  85  61  80  62
  L107-S113       385.084  2293.359  16.651   0.038 1.39000    5.658227  17.596   0.615   0.804   0.416  61  48  61  48
c L107-S116      1914.044  2416.054  15.864   0.020 1.39000    5.658227  16.865   0.756   0.957   0.479  88  66  83  65
  L107-S118      1403.518  2479.290  15.279   0.011 1.39000    5.658227  16.399   0.987   1.172   0.575  84  65  72  65
  L107-S126       292.061  2613.172  15.788   0.017 1.39000    5.658227  17.671   1.478   1.928   0.978  48  39  48  43
  L107-S127      1739.227  2656.401  15.914   0.021 1.39000    5.658227  16.754   0.814   0.931   0.457  86  58  79  60
  L107-S132      1226.547  2774.045  15.457   0.013 1.39000    5.658227  16.776   1.223   1.361   0.661  87  64  71  62
  L107-S135       946.207  2825.981  16.100   0.024 1.39000    5.658227  17.499   1.228   1.460   0.662  77  63  70  59
  L107-S138      1349.045  2941.566  16.928   0.049 1.39000    5.658227  17.834   0.823   0.977   0.478  89  65  75  65
  L107-S143        35.962  3137.962  14.980   0.010 1.39000    5.658227  17.133   1.522   2.204   1.204  57  48  57  50
s L107-S144       466.709  3156.130  11.622   0.001 1.39000    5.658227  12.308   0.580   0.691   0.348  61  47  61  45
  L107-S169       471.903  3728.254  16.653   0.041 1.39000    5.658227  17.468   0.557   0.766   0.410  65  49  65  46
  L107-S174      1803.075  3807.161  16.189   0.026 1.39000    5.658227  17.064   0.844   0.958   0.468  93  63  82  64
  L107-S178      1914.762  3860.347  16.189   0.026 1.39000    5.658227  17.400   0.984   1.113   0.519  82  55  77  54
  L107-S192      1281.769  4046.831  15.824   0.019 1.39000    5.658227  17.836   1.523   2.104   1.070  72  49  65  53
  L107-S360      1352.650    55.368  16.669   0.038 1.39000    5.658227  17.788   1.118   1.123   0.542  34  23  34  24
  L107-S367       832.802   216.711  16.514   0.033 1.39000    5.658227  17.477   0.802   0.963   0.481  32  24  32  24
  L107-S370      1250.216   409.728  16.815   0.043 1.39000    5.658227  18.397   1.325   1.669   0.799  38  24  38  29
  L107-S371      1137.290   425.705  15.938   0.020 1.39000    5.658227  16.885   0.799   0.955   0.464  42  32  42  30
  L107-S375      1276.308   469.972  16.953   0.049 1.39000    5.658227  17.840   0.715   0.874   0.434  41  32  41  30
  L107-S379       799.189   486.787  14.052   0.004 1.39000    5.658227  14.897   0.663   0.837   0.419  41  34  41  30
  L107-S380      1904.085   505.297  15.459   0.013 1.39000    5.658227  16.479   0.861   0.997   0.460  40  33  40  29
  L107-S388      1467.699   626.214  12.556   0.002 1.39000    5.658227  14.125   1.304   1.573   0.687  41  34  41  31
  L107-S391       134.805   651.051  14.513   0.006 1.39000    5.658227  15.485   0.905   0.994   0.463  39  35  39  33
  L107-S399      1009.157   830.558  15.629   0.015 1.39000    5.658227  18.019   1.566   2.413   1.349  60  45  60  47
  L107-S400       229.971   823.838  14.702   0.007 1.39000    5.658227  15.473   0.636   0.777   0.374  58  50  58  47
  L107-S404      1953.782  1063.822  16.929   0.048 1.39000    5.658227  18.787   1.472   1.778   0.839  74  51  73  64
  L107-S407      1557.730  1189.092  16.154   0.025 1.39000    5.658227  16.926   0.607   0.774   0.407  81  62  72  65
  L107-S408       427.113  1180.636  12.985   0.002 1.39000    5.658227  13.778   0.769   0.824   0.400  61  50  61  52
  L107-S420        77.000  1352.468  14.526   0.006 1.39000    5.658227  15.463   0.917   0.954   0.441  60  44  60  43
  L107-S445       438.874  1910.237  14.187   0.005 1.39000    5.658227  15.000   0.770   0.846   0.412  65  49  65  48
  L107-S469      1639.428  2566.104  16.573   0.037 1.39000    5.658227  18.987   1.564   2.402   1.315  64  40  64  53
  L107-S511       510.435  3421.211  12.731   0.002 1.39000    5.658227  13.626   0.851   0.945   0.452  68  54  68  51
  L107-S515      1946.608  3500.129  14.544   0.007 1.39000    5.658227  15.595   1.030   1.110   0.498  97  66  85  66
  L107-S519      1323.345  3598.040  16.076   0.023 1.39000    5.658227  16.879   0.640   0.796   0.404  89  66  75  66
  L107-S526      1058.880  3738.407  16.300   0.029 1.39000    5.658227  17.046   0.738   0.867   0.435  91  66  77  64
  L107-S529      1052.871  3807.161  14.503   0.006 1.39000    5.658227  16.358   1.513   1.896   0.916  91  66  77  64
  L107-S536      1253.799  3955.452  12.779   0.002 1.39000    5.658227  13.640   0.806   0.930   0.440  74  55  68  53
  L107-S799       757.009  1018.185  13.998   0.004 1.39000    5.658227  14.715   0.630   0.742   0.368  77  60  70  61
  L107-S805      1000.122  1222.217  16.674   0.038 1.39000    5.658227  19.230   1.627   2.489   1.434  60  31  60  64
  L107-S806      1449.117  1233.891  16.746   0.040 1.39000    5.658227  19.224   1.591   2.445   1.393  66  35  66  61
  L107-S840       715.788  2602.500  16.788   0.046 1.39000    5.658227  19.392   1.546   2.548   1.445  49  21  49  49
  L107-S1029      838.403  3934.526  16.715   0.044 1.39000    5.658227  19.341   1.600   2.676   1.564  50  21  50  50
  L107-S1033     1033.969  3975.041  16.558   0.036 1.39000    5.658227  18.988   1.524   2.440   1.403  62  37  62  52
s L107-456       1768.675  1365.216  11.922   0.001 1.17700    8.703643  12.908   0.921   1.010   0.475 103  79  92  75
  L107-457       1663.100  1592.725  13.988   0.004 1.17700    8.703643  14.900   0.828   0.934   0.458  85  66  77  64
  L107-S61        313.414   913.333  16.450   0.034 1.17700    8.703643  18.509   1.528   2.012   0.986  55  39  55  48
  L107-S63       1910.934   984.770  16.489   0.033 1.17700    8.703643  17.320   0.728   0.846   0.419  76  56  66  57
  L107-S71        514.463  1153.087  16.679   0.040 1.17700    8.703643  17.668   0.591   0.789   0.413  78  63  72  64
  L107-S72       1692.089  1202.401  14.591   0.007 1.17700    8.703643  15.375   0.658   0.791   0.398  81  62  72  65
  L107-S82       1910.653  1476.523  15.113   0.010 1.17700    8.703643  16.218   0.953   1.125   0.544  84  65  77  64
e L107-S83         97.685  1463.501  15.162   0.010 1.17700    8.703643  17.410   1.593   2.249   1.216  64  54  64  52
  L107-S89       1918.820  1569.717  15.460   0.014 1.17700    8.703643  16.265   0.654   0.805   0.407  84  65  77  64
  L107-S92        500.958  1605.274  16.092   0.024 1.17700    8.703643  17.129   0.847   1.036   0.516  80  65  75  63
  L107-S96       1979.082  1808.035  16.297   0.029 1.17700    8.703643  17.255   0.860   0.984   0.475  85  67  78  65
  L107-S97        387.984  1843.102  15.357   0.013 1.17700    8.703643  16.152   0.673   0.811   0.412  66  49  66  46
  L107-S100        39.632  1946.362  16.738   0.044 1.17700    8.703643  17.536   0.731   0.861   0.434  62  52  62  51
  L107-S101       310.006  1973.986  15.835   0.019 1.17700    8.703643  17.183   1.332   1.407   0.678  65  53  65  52
  L107-S102      1773.737  2004.740  14.489   0.006 1.17700    8.703643  15.531   0.944   1.078   0.500  82  62  77  67
  L107-S113       274.098  2306.816  16.721   0.043 1.17700    8.703643  17.596   0.615   0.804   0.416  61  48  61  48
  L107-S118      1293.259  2493.454  15.294   0.012 1.17700    8.703643  16.399   0.987   1.172   0.575  84  65  72  65
  L107-S126       181.228  2626.635  15.756   0.019 1.17700    8.703643  17.671   1.478   1.928   0.978  48  39  48  43
  L107-S127      1629.060  2670.674  15.889   0.020 1.17700    8.703643  16.754   0.814   0.931   0.457  86  58  79  60
  L107-S132      1116.462  2787.907  15.476   0.014 1.17700    8.703643  16.776   1.223   1.361   0.661  87  64  71  62
  L107-S135       836.039  2839.707  16.063   0.024 1.17700    8.703643  17.499   1.228   1.460   0.662  77  63  70  59
  L107-S138      1239.019  2955.548  16.861   0.048 1.17700    8.703643  17.834   0.823   0.977   0.478  89  65  75  65
  L107-S169       361.535  3742.170  16.732   0.043 1.17700    8.703643  17.468   0.557   0.766   0.410  65  49  65  46
  L107-S174      1693.187  3821.452  16.170   0.027 1.17700    8.703643  17.064   0.844   0.958   0.468  93  63  82  64
  L107-S178      1804.715  3874.579  16.293   0.029 1.17700    8.703643  17.400   0.984   1.113   0.519  82  55  77  54
  L107-S192      1171.934  4060.770  15.817   0.019 1.17700    8.703643  17.836   1.523   2.104   1.070  72  49  65  53
  L107-S360      1240.963    69.036  16.529   0.034 1.17700    8.703643  17.788   1.118   1.123   0.542  34  23  34  24
  L107-S362      2009.904    90.597  16.789   0.041 1.17700    8.703643  18.014   0.821   1.013   0.491  31  22  31  21
  L107-S367       720.903   229.716  16.460   0.031 1.17700    8.703643  17.477   0.802   0.963   0.481  32  24  32  24
  L107-S370      1138.804   423.067  16.691   0.040 1.17700    8.703643  18.397   1.325   1.669   0.799  38  24  38  29
  L107-S371      1025.834   438.965  15.914   0.021 1.17700    8.703643  16.885   0.799   0.955   0.464  42  32  42  30
  L107-S375      1164.952   483.401  16.830   0.045 1.17700    8.703643  17.840   0.715   0.874   0.434  41  32  41  30
  L107-S379       687.370   499.715  14.079   0.005 1.17700    8.703643  14.897   0.663   0.837   0.419  41  34  41  30
  L107-S380      1793.047   519.318  15.486   0.014 1.17700    8.703643  16.479   0.861   0.997   0.460  40  33  40  29
  L107-S386      1927.928   624.205  16.520   0.033 1.17700    8.703643  17.541   0.821   1.034   0.518  42  33  42  31
  L107-S388      1356.572   639.935  12.538   0.002 1.17700    8.703643  14.125   1.304   1.573   0.687  41  34  41  31
  L107-S391        22.769   663.723  14.469   0.006 1.17700    8.703643  15.485   0.905   0.994   0.463  39  35  39  33
  L107-S399       897.770   843.914  15.589   0.015 1.17700    8.703643  18.019   1.566   2.413   1.349  60  45  60  47
  L107-S400       117.991   836.431  14.677   0.007 1.17700    8.703643  15.473   0.636   0.777   0.374  58  50  58  47
  L107-S407      1446.983  1202.966  16.180   0.026 1.17700    8.703643  16.926   0.607   0.774   0.407  81  62  72  65
  L107-S408       315.595  1193.623  12.966   0.002 1.17700    8.703643  13.778   0.769   0.824   0.400  61  50  61  52
  L107-S445       327.774  1923.545  14.172   0.005 1.17700    8.703643  15.000   0.770   0.846   0.412  65  49  65  48
  L107-S469      1529.078  2580.373  16.531   0.038 1.17700    8.703643  18.987   1.564   2.402   1.315  64  40  64  53
  L107-S511       399.957  3435.097  12.714   0.002 1.17700    8.703643  13.626   0.851   0.945   0.452  68  54  68  51
  L107-S515      1836.593  3514.448  14.553   0.007 1.17700    8.703643  15.595   1.030   1.110   0.498  97  66  85  66
  L107-S519      1213.641  3611.954  16.122   0.025 1.17700    8.703643  16.879   0.640   0.796   0.404  89  66  75  66
  L107-S520      1951.221  3624.096  13.239   0.003 1.17700    8.703643  14.458   1.106   1.280   0.592  94  67  86  66
  L107-S526       948.927  3752.352  16.249   0.028 1.17700    8.703643  17.046   0.738   0.867   0.435  91  66  77  64
  L107-S529       942.947  3821.119  14.494   0.006 1.17700    8.703643  16.358   1.513   1.896   0.916  91  66  77  64
  L107-S536      1143.950  3969.517  12.766   0.002 1.17700    8.703643  13.640   0.806   0.930   0.440  74  55  68  53
  L107-S799       645.730  1031.344  13.982   0.004 1.17700    8.703643  14.715   0.630   0.742   0.368  77  60  70  61
  L107-S805       889.085  1235.812  16.642   0.039 1.17700    8.703643  19.230   1.627   2.489   1.434  60  31  60  64
  L107-S806      1338.612  1247.455  16.751   0.044 1.17700    8.703643  19.224   1.591   2.445   1.393  66  35  66  61
  L107-S840       605.271  2616.132  16.836   0.048 1.17700    8.703643  19.392   1.546   2.548   1.445  49  21  49  49
  L107-S1029      728.468  3948.382  16.775   0.045 1.17700    8.703643  19.341   1.600   2.676   1.564  50  21  50  50
  L107-S1033      923.973  3988.947  16.472   0.035 1.17700    8.703643  18.988   1.524   2.440   1.403  62  37  62  52
  L110-246        398.892  3702.287  11.955   0.001 1.34700    8.922780  12.711   0.597   0.798   0.407  57  57  47  36
  L110-339       1156.205  2353.558  12.537   0.002 1.34700    8.922780  13.592   0.993   1.073   0.483  22  22  22  13
  L110-S13        225.783    35.597  15.706   0.021 1.34700    8.922780  18.624  81.375   2.854   1.372  59   0  59   8
  L110-S38         53.442   610.248  15.150   0.012 1.34700    8.922780  18.969  81.030   3.847   1.706  46   0  46  15
  L110-S48         80.913   951.958  12.885   0.002 1.34700    8.922780  16.104   2.711   3.254   1.501  47  30  47  20
  L110-S251       912.384   131.118  13.388   0.003 1.34700    8.922780  15.711   1.858   2.350   1.161  17   8  17   6
e L110-S253       687.683   301.824  13.668   0.004 1.34700    8.922780  15.877   1.748   2.205   1.093  22   9  22   8
c L110-S257      1716.380   724.216  14.053   0.005 1.34700    8.922780  16.229   1.865   2.241   1.148  17  12  17   9
c L110-S260      1294.157   781.335  13.615   0.004 1.34700    8.922780  16.905   2.939   3.322   1.527  19  14  18  13
c L110-S265       439.248   957.927  13.940   0.005 1.34700    8.922780  17.327   2.870   3.414   1.573  38  10  38  20
  L110-S271       896.732  1149.000  12.535   0.002 1.34700    8.922780  13.491   0.903   0.949   0.469  32  18  32  16
c L110-S277      1887.464  1261.391  13.325   0.003 1.34700    8.922780  16.074   2.458   2.797   1.336  25  16  24  15
  L110-S283      1125.484  1366.072  14.575   0.008 1.34700    8.922780  16.822   1.930   2.256   1.111  24  13  24  15
  L110-S290       405.978  1665.932  14.229   0.006 1.34700    8.922780  17.294   2.708   3.104   1.454  33  15  29  16
  L110-S292       686.381  1724.543  13.584   0.004 1.34700    8.922780  16.873   2.962   3.324   1.527  33  16  29  16
c L110-S294       378.146  1784.558  13.922   0.005 1.34700    8.922780  16.064   1.818   2.180   1.104  32  18  29  16
  L110-S298       954.707  1875.481  14.684   0.009 1.34700    8.922780  17.068   2.099   2.456   1.221  33  18  28  16
  L110-S301        46.906  1927.227  13.992   0.005 1.34700    8.922780  16.599   2.206   2.649   1.272  33  21  29  15
  L110-S308       935.064  2112.804  14.607   0.008 1.34700    8.922780  16.652   1.716   2.096   1.060  35  35  31  16
  L110-S310      1448.939  2194.648  12.724   0.002 1.34700    8.922780  15.899   2.844   3.219   1.462  28  28  25  15
e L110-S311      1402.768  2274.448  14.065   0.005 1.34700    8.922780  16.229   1.831   2.284   1.180  23  23  23  12
  L110-S314       586.171  2456.182  14.113   0.005 1.34700    8.922780  17.437   2.893   3.370   1.536  49  32  30  30
  L110-S321      1624.217  2681.841  12.941   0.002 1.34700    8.922780  16.023   2.626   3.156   1.458  42  42  36  29
  L110-S323       258.982  2764.881  11.887   0.001 1.34700    8.922780  13.123   1.029   1.289   0.661  46  46  42  32
e L110-S326      1315.522  2817.832  12.887   0.002 1.34700    8.922780  14.752   1.559   1.957   1.000  41  41  40  32
c L110-S331       257.788  2935.146  13.395   0.003 1.34700    8.922780  16.779   3.031   3.448   1.553  50  49  42  32
  L110-S334       572.225  3135.096  12.870   0.002 1.34700    8.922780  15.804   2.699   3.021   1.394  52  52  43  32
  L110-S338       708.886  3194.132  13.329   0.003 1.34700    8.922780  16.663   2.962   3.391   1.527  50  50  43  32
  L110-S361        92.958  3999.363  14.407   0.007 1.34700    8.922780  16.536   1.820   2.215   1.092  74  65  49  36
  L110-S624       492.545    67.380  16.266   0.035 1.34700    8.922780  19.099  80.900   2.818   1.379  17   0  17   6
c L110-S625       459.906   100.964  15.637   0.019 1.34700    8.922780  18.419  81.580   2.715   1.343  19   0  19   7
  L110-S627      1847.486   387.300  16.143   0.030 1.34700    8.922780  18.519  81.480   2.549   1.344  13   0  12   7
  L110-S633      1145.996   588.090  14.893   0.010 1.34700    8.922780  17.411   2.128   2.552   1.226  16  11  15  11
c L110-S636       565.980   645.199  14.013   0.005 1.34700    8.922780  16.398   1.918   2.394   1.152  27  13  27  13
  L110-S638      1544.068   683.133  16.047   0.027 1.34700    8.922780  18.892  81.107   2.866   1.409  16   0  16  10
  L110-S647      1661.532   881.800  15.748   0.019 1.34700    8.922780  18.134   2.040   2.457   1.267  23   6  23  15
  L110-S648      1918.330   907.964  16.544   0.044 1.34700    8.922780  19.162  80.837   2.709   1.308  15   0  15  15
  L110-S651       736.793   925.715  15.736   0.021 1.34700    8.922780  18.512  81.487   2.836   1.399  31   0  31  18
  L110-S657      1208.297  1014.549  14.272   0.006 1.34700    8.922780  17.589  82.410   3.340   1.518  23   0  22  15
  L110-S665      1917.996  1098.232  15.922   0.027 1.34700    8.922780  18.168   2.046   2.403   1.222  25   8  24  15
  L110-S675      1611.746  1198.122  15.143   0.013 1.34700    8.922780  18.611  81.388   3.485   1.606  22   0  22  15
  L110-S679      1722.620  1225.181  15.854   0.023 1.34700    8.922780  18.318  81.681   2.380   1.194  24   0  24  15
  L110-S680       757.046  1225.523  15.322   0.015 1.34700    8.922780  18.057   2.320   2.752   1.331  34   6  34  15
  L110-S682      1668.545  1261.898  15.227   0.013 1.34700    8.922780  18.271   2.676   3.077   1.475  23   5  23  15
  L110-S683      1431.884  1260.290  16.686   0.050 1.34700    8.922780  19.134  80.865   2.572   1.251  13   0  13  15
c L110-S687       993.277  1305.909  16.107   0.030 1.34700    8.922780  18.713   2.230   2.670   1.325  26   5  26  15
c L110-S688      1130.209  1312.712  15.209   0.014 1.34700    8.922780  17.359   1.776   2.181   1.137  24  15  24  15
c L110-S692      1404.874  1346.763  14.800   0.009 1.34700    8.922780  16.947   1.868   2.241   1.188  22  13  22  15
c L110-S695      1270.485  1407.178  15.135   0.013 1.34700    8.922780  17.624   2.180   2.551   1.254  23  14  23  15
  L110-S706      1023.876  1545.231  15.805   0.023 1.34700    8.922780  18.304   2.116   2.519   1.236  23   5  23  16
  L110-S709       226.820  1572.281  14.429   0.007 1.34700    8.922780  17.815  82.184   3.395   1.558  31   0  29  16
  L110-S711       321.594  1621.580  16.467   0.040 1.34700    8.922780  19.170  80.829   2.658   1.303  22   0  22  16
  L110-S712       227.944  1639.425  15.907   0.024 1.34700    8.922780  18.429   1.611   2.456   1.399  33  11  29  16
c L110-S713      1417.724  1654.482  15.180   0.013 1.34700    8.922780  18.474  81.525   3.363   1.556  24   0  24  16
c L110-S719      1067.616  1709.782  16.547   0.047 1.34700    8.922780  19.020  80.979   2.541   1.272  18   0  18  16
  L110-S720       447.948  1713.012  15.380   0.015 1.34700    8.922780  17.771   1.998   2.465   1.286  33  15  29  16
c L110-S724      1714.194  1752.686  16.092   0.029 1.34700    8.922780  18.537   2.050   2.400   1.189  25   5  25  16
  L110-S726       325.934  1765.215  15.133   0.012 1.34700    8.922780  18.592  81.407   3.484   1.576  27   0  27  16
  L110-S728      1941.252  1799.927  16.206   0.034 1.34700    8.922780  18.682   2.194   2.550   1.232  24   5  24  16
c L110-S731      1076.034  1807.252  15.057   0.012 1.34700    8.922780  17.353   1.930   2.285   1.132  25  17  23  16
  L110-S734       613.241  1833.901  15.054   0.012 1.34700    8.922780  17.197   1.857   2.216   1.168  34  18  29  16
c L110-S741      1391.856  1890.181  14.414   0.007 1.34700    8.922780  16.432   1.761   2.111   1.097  27  18  25  16
  L110-S747      1398.128  2014.622  16.527   0.046 1.34700    8.922780  19.175   2.188   2.567   1.270  17   5  17  15
  L110-S749      1607.619  2037.895  15.073   0.012 1.34700    8.922780  17.788  82.211   2.783   1.405  26   0  22  16
c L110-S751      2017.034  2079.057  15.207   0.013 1.34700    8.922780  18.653  81.346   3.496   1.585  22   0  22  16
  L110-S753      2005.768  2128.414  14.645   0.008 1.34700    8.922780  17.928  82.071   3.326   1.520  28   0  24  16
  L110-S754       104.158  2217.220  15.793   0.022 1.34700    8.922780  18.218   2.048   2.490   1.258  35  19  30  13
c L110-S761       184.788  2368.805  16.533   0.046 1.34700    8.922780  19.230   2.342   2.796   1.336  26   6  25  15
c L110-S764       140.225  2419.657  16.297   0.036 1.34700    8.922780  19.011   2.251   2.750   1.322  39   8  23  23
b L110-S765       167.139  2427.222  15.694   0.022 1.34700    8.922780  18.192   2.169   2.622   1.234  43  25  23  23
  L110-S766      1437.974  2444.371  15.472   0.017 1.34700    8.922780  17.765   1.975   2.379   1.146  38  38  25  25
  L110-S771       101.211  2482.010  15.590   0.020 1.34700    8.922780  17.942   1.950   2.378   1.209  50  43  37  32
  L110-S773       398.050  2505.729  16.185   0.032 1.34700    8.922780  18.883   2.253   2.703   1.307  47  13  38  32
  L110-S774       933.164  2514.210  15.113   0.013 1.34700    8.922780  18.668  81.331   3.619   1.611  45   0  45  32
  L110-S779       339.054  2607.699  15.774   0.022 1.34700    8.922780  18.584   2.319   2.798   1.362  41  17  39  27
c L110-S781        89.103  2621.136  15.116   0.013 1.34700    8.922780  17.597   1.640   2.431   1.352  40  40  37  26
  L110-S810       535.478  2970.296  15.885   0.026 1.34700    8.922780  18.435   2.185   2.638   1.286  45  26  42  32
  L110-S811       743.556  2975.459  16.530   0.046 1.34700    8.922780  19.192   2.223   2.676   1.314  38  12  38  32
  L110-S819       261.304  3083.975  15.305   0.015 1.34700    8.922780  17.640   2.022   2.430   1.222  50  49  43  32
  L110-S820       802.340  3088.300  16.583   0.047 1.34700    8.922780  19.408  80.591   2.779   1.339  38   0  38  32
  L110-S821      1537.172  3095.298  15.796   0.022 1.34700    8.922780  18.772   2.464   3.068   1.426  44  14  43  32
  L110-S824      1234.961  3164.384  15.477   0.018 1.34700    8.922780  18.237   2.320   2.842   1.393  48  26  45  32
  L110-S827       852.996  3179.013  16.193   0.032 1.34700    8.922780  19.212   2.448   2.940   1.350  39  10  39  32
e L110-S828       331.987  3178.177  15.249   0.015 1.34700    8.922780  17.937   2.216   2.793   1.392  49  37  43  32
  L110-S832       628.686  3209.353  16.359   0.037 1.34700    8.922780  19.116   2.362   2.832   1.351  43  12  43  32
  L110-S845      1146.666  3325.831  16.116   0.030 1.34700    8.922780  19.101   2.475   3.019   1.416  45  10  45  32
  L110-S854       980.341  3399.850  15.301   0.015 1.34700    8.922780  18.899  81.100   3.653   1.650  47   0  43  31
  L110-S857       615.985  3449.132  14.374   0.007 1.34700    8.922780  16.940   2.231   2.620   1.253  55  55  43  32
  L110-S872       203.333  3587.693  16.086   0.030 1.34700    8.922780  19.190   2.532   2.968   1.422  44  10  43  32
e L110-S887      1424.748  3788.392  15.007   0.012 1.34700    8.922780  18.540  81.459   3.558   1.595  56   0  50  35
e L110-S888       443.716  3806.401  15.203   0.014 1.34700    8.922780  18.784   3.031   3.552   1.602  55  10  48  35
  L110-S913       360.964  4015.741  16.501   0.044 1.34700    8.922780  19.233   2.208   2.679   1.291  61  16  49  36
c L110-S916      1119.674  4038.104  16.341   0.038 1.34700    8.922780  19.060   2.272   2.720   1.283  76  17  52  36
  L110-S2118     1301.219  2753.507  15.337   0.015 1.34700    8.922780  19.062  80.937   3.813   1.689  31   0  31  32
e L110-S2122      617.855  3782.238  14.556   0.008 1.34700    8.922780  18.598  81.401   4.048   1.740  56   0  48  36
c L111-S76        244.059  1669.313  13.681   0.005 1.54900    9.131989  14.666   0.849   1.037  86.370  12  10  11   0
  L111-S83        860.131   751.992  13.989   0.005 1.54900    9.131989  15.057   0.968   1.124   0.547  11  11  11   7
e L111-S86        550.610   921.718  12.693   0.002 1.54900    9.131989  14.039   1.273   1.426   0.705  11  11  10   8
  L111-S93       1033.067  1197.693  14.134   0.005 1.54900    9.131989  15.521   1.263   1.455   0.731  13  12  13  10
c L111-S94         57.412  1204.898  13.504   0.003 1.54900    9.131989  14.552  85.447   1.105   0.557   7   0   7   7
c L111-S95        702.699  1225.087  12.868   0.002 1.54900    9.131989  13.889   0.957   1.062   0.527  17  16  16  12
b L111-S97        164.088  1312.799  12.793   0.002 1.54900    9.131989  13.823   0.873   1.097  87.273   9   7   9   0
e L111-S99        950.479  1374.677  12.796   0.002 1.54900    9.131989  14.285   1.395   1.567   0.765  13  13  13  10
  L111-S101       847.963  1398.113  14.354   0.007 1.54900    9.131989  15.072   0.674   0.767   0.402  13  13  13  10
  L111-S102       653.419  1418.094  12.695   0.002 1.54900    9.131989  14.065   1.279   1.433   0.718  18  16  17  12
  L111-S103       988.027  1422.097  12.276   0.002 1.54900    9.131989  13.184   0.828   0.974   0.479  13  13  13  10
c L111-S105       365.189  1443.308  14.749   0.010 1.54900    9.131989  15.971   1.060   1.264   0.642  15   9  15  11
c L111-S106       447.971  1479.452  14.568   0.008 1.54900    9.131989  15.559   0.884   1.045   0.512  18  11  16  11
c L111-S107      1091.723  1538.031  13.650   0.004 1.54900    9.131989  14.690   0.965   1.102   0.551  11  11  11   8
e L111-S109      1055.652  1554.415  11.591   0.001 1.54900    9.131989  13.001   1.367   1.491   0.725  13  13  13  10
  L111-S110       894.377  1609.990  14.550   0.008 1.54900    9.131989  15.675   1.035   1.168   0.592  13  12  13   9
c L111-S111       673.969  1705.088  14.546   0.008 1.54900    9.131989  16.020   1.436   1.558   0.763  17  10  17  11
  L111-S113       416.957  1793.150  14.622   0.009 1.54900    9.131989  15.699   0.966   1.119   0.558  16  11  15  11
  L111-S114       874.028  1814.307  13.828   0.004 1.54900    9.131989  15.320   1.488   1.572   0.757  13  12  13   9
c L111-S118       688.143  1881.185  14.980   0.012 1.54900    9.131989  15.754   0.682   0.873   0.464  17  13  15  10
  L111-S119       919.155  2003.900  13.476   0.003 1.54900    9.131989  14.571   1.041   1.160  86.588  11  11  11   0
c L111-S121       779.375  2061.002  14.443   0.007 1.54900    9.131989  15.481   0.797   0.963   0.502  12  11  11   7
  L111-S124       899.166  2202.004  12.263   0.002 1.54900    9.131989  13.809   1.574   1.620   0.764  11  11  11   8
e L111-S125        96.761  2206.694  12.729   0.002 1.54900    9.131989  14.186   1.464   1.549   0.746   7   7   7   7
  L111-S126        65.894  2221.861  14.084   0.006 1.54900    9.131989  15.088   0.905   1.077  85.988   7   7   7   0
  L111-S180      1442.047   154.761  15.416   0.015 1.54900    9.131989  16.609   1.035   1.188  84.578   6   6   6   0
s L111-S185      1292.142   295.559  11.430   0.001 1.54900    9.131989  12.966   1.488   1.574  88.607   6   6   6   0
  L111-S188      1951.941   467.447  12.055   0.001 1.54900    9.131989  14.388   1.983   2.356  87.967   6   6   6   0
  L111-S190       886.224   488.797  14.708   0.008 1.54900    9.131989  16.079   1.225   1.395  85.315   7   6   7   0
e L111-S192       542.391   530.153  14.634   0.008 1.54900    9.131989  15.743   1.024   1.173  85.429   5   5   5   0
  L111-S205       675.407  1267.982  15.891   0.025 1.54900    9.131989  17.118   1.097   1.242   0.612   9   9   9   6
c L111-S212      1613.698  1488.783  13.263   0.003 1.54900    9.131989  14.358   0.961   1.150  86.791   6   6   6   0
c L111-S214      1701.869  1541.143  12.325   0.002 1.54900    9.131989  13.331   0.923   1.055  87.723   6   6   6   0
c L111-S217      1730.885  1619.572  15.347   0.015 1.54900    9.131989  16.379   0.927   1.099  84.719   6   6   6   0
  L111-S224      1889.838  1871.051  15.591   0.019 1.54900    9.131989  16.739   1.079   1.168  84.428   6   6   6   0
c L111-S227      1576.936  1922.493  13.976   0.005 1.54900    9.131989  15.020   0.969   1.095  86.074   6   6   6   0
  L111-S234      1412.956  2018.044  14.491   0.008 1.54900    9.131989  15.490   0.898   1.065  85.574   6   6   6   0
  L111-S237      1400.267  2095.836  12.923   0.002 1.54900    9.131989  14.397   1.443   1.545  87.147   6   6   6   0
  L111-S239      1605.029  2140.864  13.066   0.003 1.54900    9.131989  14.537   1.416   1.539  87.001   6   6   6   0
  L111-S240      2029.096  2176.547  11.776   0.001 1.54900    9.131989  13.487   1.652   1.792  88.304   6   6   6   0
  L111-S241      1930.627  2178.008  14.950   0.011 1.54900    9.131989  16.426   1.396   1.515  85.088   6   6   6   0
  L111-S243      1607.116  2387.614  12.804   0.002 1.54900    9.131989  13.904   1.025   1.165  87.260   6   6   6   0
  L111-S248      1923.074  2447.039  13.455   0.003 1.54900    9.131989  15.097   1.602   1.696  86.598   6   6   6   0
  L111-S254      1463.755  2713.457  14.584   0.008 1.54900    9.131989  15.756   1.096   1.232  85.475   6   6   6   0
  L111-S261      1889.625  3076.700  15.897   0.025 1.54900    9.131989  17.140   1.160   1.277  84.136   6   6   6   0
  L111-S267      1040.894  3322.211  15.563   0.018 1.54900    9.131989  16.863   1.198   1.416  84.552   6   6   6   0
  L111-S276      1618.164  3635.343  14.233   0.006 1.54900    9.131989  15.268   0.991   1.131  85.862   6   6   6   0
  L111-S277      1721.888  3647.902  12.101   0.001 1.54900    9.131989  12.813   0.706   0.808  87.994   6   6   6   0
  L111-S283      1762.027  3765.321  12.675   0.002 1.54900    9.131989  14.416   1.690   1.842  87.425   6   6   6   0
  L111-S293      2028.019  3989.591  13.126   0.003 1.54900    9.131989  14.612   1.482   1.577  86.964   6   6   6   0
  L111-S294      1285.166  3991.837  14.606   0.009 1.54900    9.131989  16.000   1.339   1.502  85.501   6   6   6   0
  L98-S1         1929.051  3612.616  14.761   0.009 1.20000    0.244591  16.248   1.259   1.576   0.804 129 129 115  76
  L98-S23        2019.646  3765.834  14.962   0.011 1.20000    0.244591  15.897   0.842   0.987   0.485 129 125 116  70
  L98-S32        1944.019  3842.244  13.829   0.004 1.20000    0.244591  14.540   0.623   0.768   0.392 138 137 118  72
  L98-S44        1912.257  3930.809  15.846   0.023 1.20000    0.244591  16.904   0.993   1.138   0.525 128 128 114  72
  L98-S869       1938.582  3536.658  14.336   0.006 1.20000    0.244591  15.218   0.789   0.958   0.480 139 135 117  78
  L98-S870       1737.663  3538.252  14.856   0.010 1.20000    0.244591  15.995   1.021   1.212   0.608 136 129 115  77
  L98-S896       1661.979  3668.865  15.286   0.014 1.20000    0.244591  16.331   0.938   1.132   0.571 122 113 101  72
c L98-S905       1479.859  3795.331  14.289   0.006 1.20000    0.244591  15.117   0.726   0.864   0.431 115 111  98  63
  L98-S907       1823.392  3812.097  15.839   0.023 1.20000    0.244591  16.666   0.733   0.933   0.506 128 123 105  67
  L98-S909       1530.480  3816.891  13.691   0.004 1.20000    0.244591  14.969   1.127   1.370   0.697 126 121 109  72
  L98-S922       1379.665  3926.008  14.136   0.006 1.20000    0.244591  15.028   0.812   0.980   0.495 121 121 106  70
c L98-S1149      1011.216   281.874  13.238   0.003 1.20000    0.244591  14.800   1.393   1.560   0.775  25  25  21   8
c L98-S1150      1130.901   295.018  13.165   0.003 1.20000    0.244591  13.914   0.662   0.738  86.823  25  25  21   0
  L98-S1153      1411.353   407.626  12.861   0.002 1.20000    0.244591  13.706   0.694   0.832   0.404  28  28  24  12
e L98-S1175        48.076   893.623  13.294   0.003 1.20000    0.244591  14.744   1.268   1.494  86.749  14  12   9   0
e L98-S1178      1178.743   957.742  11.835   0.001 1.20000    0.244591  13.332   1.375   1.554   0.754  35  35  27  14
  L98-S1185      1466.926  1078.056  14.141   0.005 1.20000    0.244591  14.784   0.532   0.681   0.387  37  37  29  17
  L98-S1186      1943.326  1086.640  13.076   0.002 1.20000    0.244591  14.634   1.432   1.595   0.791  39  39  30  17
e L98-S1190       354.912  1239.112  14.101   0.006 1.20000    0.244591  14.880   0.660   0.842   0.421  27  26  21  10
  L98-S1191      1576.042  1270.829  12.772   0.002 1.20000    0.244591  13.370   0.487   0.653   0.360  38  38  31  16
e L98-S1202       787.091  1390.957  12.026   0.001 1.20000    0.244591  12.504   0.403   0.534  88.029  37  37  30   0
  L98-S1203       946.100  1405.832  12.575   0.002 1.20000    0.244591  13.473   0.794   0.924   0.436  44  43  33  15
  L98-S1206      1252.962  1554.968  12.215   0.001 1.20000    0.244591  13.093   0.727   0.927   0.489  44  43  33  15
e L98-S1214      1525.650  1623.484  12.422   0.002 1.20000    0.244591  12.999   0.485   0.649   0.364  47  46  40  21
  L98-S1217       887.099  1646.211  12.732   0.002 1.20000    0.244591  13.868   1.010   1.177   0.518  47  43  41  19
e L98-S1218       579.991  1651.237  12.927   0.002 1.20000    0.244591  13.923   0.808   1.061   0.582  40  38  37  17
c L98-S1224      1881.830  1755.357  13.865   0.005 1.20000    0.244591  14.484   0.516   0.669   0.369  45  42  35  23
  L98-S1227      2001.723  1762.756  13.690   0.004 1.20000    0.244591  14.585   0.859   0.915   0.420  48  42  37  23
  L98-S1230      1468.910  1818.012  13.269   0.003 1.20000    0.244591  14.744   1.336   1.536   0.768  53  47  44  22
  L98-S1237        40.836  2087.395  13.871   0.004 1.20000    0.244591  14.774   0.746   0.926   0.472  26  23  26  20
  L98-S1249       178.182  2525.875  12.978   0.002 1.20000    0.244591  14.810   1.636   1.880   0.925  37  37  33  29
  L98-S1251       448.850  2681.860  12.751   0.002 1.20000    0.244591  13.233   0.422   0.541   0.314  66  66  60  35
e L98-S1257       528.230  2811.145  12.308   0.001 1.20000    0.244591  13.021   0.595   0.811   0.458  73  73  70  45
  L98-S1262       412.501  3146.727  13.263   0.003 1.20000    0.244591  13.858   0.526   0.652   0.355  72  72  60  36
  L98-S1263       355.620  3171.972  12.423   0.002 1.20000    0.244591  13.160   0.675   0.775   0.377  62  62  54  33
  L98-S1556      1623.904   251.783  15.445   0.015 1.20000    0.244591  16.217   0.636   0.776   0.451  23  23  22   9
  L98-S1574      1883.706   825.445  15.834   0.020 1.20000    0.244591  16.696   0.767   0.935   0.505  35  34  26  13
  L98-S1577       977.485   883.883  15.752   0.020 1.20000    0.244591  16.731   0.820   1.013   0.535  35  35  27  14
  L98-S1589       729.950  1209.593  14.258   0.006 1.20000    0.244591  15.101   0.711   0.865   0.417  35  35  28  11
  L98-S1603       741.369  1451.833  15.823   0.021 1.20000    0.244591  16.966   0.926   1.183   0.620  38  38  32  12
  L98-S1622       129.810  1777.737  14.041   0.005 1.20000    0.244591  14.654   0.499   0.633   0.365  18  15  18  13
  L98-S1629       472.926  1926.208  16.086   0.027 1.20000    0.244591  17.637   1.285   1.568   0.784  48  43  44  23
  L98-S1632       236.464  1940.892  14.953   0.010 1.20000    0.244591  16.020   0.870   1.103   0.566  33  31  29  23
  L98-S1663      1519.747  2494.066  15.605   0.018 1.20000    0.244591  16.637   0.852   1.065   0.546  90  85  86  64
  L98-S1681      1616.248  2745.478  14.096   0.005 1.20000    0.244591  14.798   0.623   0.759   0.389 102  98  92  69
  L98-S1692      2021.230  2925.520  15.119   0.012 1.20000    0.244591  15.998   0.758   0.910   0.458 116 113 104  74
  L98-S1720      1729.595  3310.112  15.634   0.019 1.20000    0.244591  16.652   0.880   1.106   0.568 123 115 105  78
e L98-S1744      1120.407  3573.892  14.384   0.006 1.20000    0.244591  14.968   0.477   0.684   0.386 117 117 108  74
  L98-S1752      1893.456  3725.775  16.079   0.027 1.20000    0.244591  17.425   0.895   1.088   0.554 128 119 112  71
  L98-S1770       444.833  3928.195  16.003   0.027 1.20000    0.244591  16.979   0.802   1.004   0.517  82  82  72  42
  L98-S1771       672.733  3964.488  15.333   0.015 1.20000    0.244591  16.046   0.625   0.769   0.411  89  89  86  54
