#Star             Xc        Yc      Mag      Merr  Airmass UT             V       B-V     V-I      R-I   nV nBV nVI nRI 
  L101-S2         415.958  3622.227  15.663   0.018 1.71700    5.428327  16.440   0.782   0.861   0.409  65  65  53  53
  L101-S4         637.618  3646.587  17.139   0.070 1.71700    5.428327  17.997   0.664   0.753   0.366  62  62  43  43
  L101-S7         274.614  3908.933  16.771   0.048 1.71700    5.428327  17.552   0.619   0.777   0.394  66  66  54  54
  L101-S8         252.990  3955.524  18.253   0.194 1.71700    5.428327  18.655   0.747   0.861   0.411  73  68  55  55
  L101-S11        582.076  4094.732   0.000   0.000 1.71700    5.428327  16.248   0.546   0.683   0.350  76  76  65  64
  L101-410       1263.939   882.919  13.038   0.002 1.71700    5.428327  13.677   0.525   0.659   0.329  16  16  16  22
  L101-408       1568.044   818.365  13.509   0.003 1.71700    5.428327  14.833   1.147   1.344   0.582  18  18  18  22
  L101-415        618.764  1672.598  14.572   0.007 1.71700    5.428327  15.261   0.589   0.721   0.362  47  47  47  50
  L101-S132       514.369    66.035  17.147   0.070 1.71700    5.428327  19.530   1.554   2.420   1.358  21  20  21  23
  L101-S133      1234.207   125.466  15.834   0.022 1.71700    5.428327  16.408   0.399   0.561   0.281  20  20  20  22
  L101-S136      1304.809   315.887  14.843   0.010 1.71700    5.428327  15.894   0.869   1.052   0.479  20  20  20  22
  L101-S137       793.995   321.661  14.997   0.011 1.71700    5.428327  15.757   0.618   0.748   0.358  23  23  23  25
  L101-S139        43.820   466.849  17.197   0.077 1.71700    5.428327  19.668   1.658   2.427   1.356  20  18  20  21
  L101-S141       412.576   505.320  17.020   0.064 1.71700    5.428327  18.641   1.337   1.619   0.751  22  22  22  23
  L101-S142       496.132   529.675  17.073   0.067 1.71700    5.428327  19.652   1.632   2.500   1.415  20  20  20  23
  L101-S145      1239.764   566.477  17.033   0.065 1.71700    5.428327  17.716   0.532   0.741   0.373  20  20  20  20
  L101-S146       701.681   587.893  16.799   0.052 1.71700    5.428327  19.187   1.601   2.336   1.293  21  21  21  25
c L101-S147      1165.451   612.165  16.238   0.032 1.71700    5.428327  17.030   0.672   0.780   0.370  20  20  20  21
  L101-S148       -11.820   611.417   0.000   0.000 1.71700    5.428327  17.496   0.446   0.626   0.315  23  23  22  22
  L101-S152       340.044   724.754  16.797   0.054 1.71700    5.428327  17.559   0.623   0.747   0.363  23  23  23  23
  L101-S154       121.575   845.337  17.908   0.141 1.71700    5.428327  18.852   0.767   0.907   0.425  20  20  15  15
  L101-S155      1382.302   885.038  16.783   0.050 1.71700    5.428327  18.249   1.124   1.507   0.710  16  16  16  22
  L101-S160       679.795   956.259  14.609   0.008 1.71700    5.428327  15.304   0.584   0.707   0.352  22  22  22  25
  L101-S162        39.869  1039.386  15.407   0.015 1.71700    5.428327  18.012   1.661   2.600   1.483  21  21  21  26
  L101-S163       697.632  1088.531  16.909   0.054 1.71700    5.428327  18.680   1.454   1.756   0.826  25  25  25  26
  L101-S164      1373.629  1094.495  17.168   0.074 1.71700    5.428327  18.498   0.982   1.235   0.564  22  22  18  18
  L101-S165      1847.797  1115.354  17.734   0.122 1.71700    5.428327  19.233   1.075   1.376   0.619  20  20  17  17
  L101-S167       111.302  1162.043  16.570   0.043 1.71700    5.428327  18.564   1.463   1.967   1.000  22  22  22  24
  L101-S172      1594.771  1248.292  15.949   0.023 1.71700    5.428327  16.879   0.815   0.929   0.427  24  24  24  24
  L101-S176       566.992  1282.740  12.800   0.002 1.71700    5.428327  13.600   0.704   0.811   0.356  36  36  36  38
  L101-S178       514.102  1341.181  16.150   0.028 1.71700    5.428327  16.902   0.639   0.785   0.358  47  47  44  44
  L101-S194      1979.437  1506.839  14.694   0.009 1.71700    5.428327  15.668   0.879   0.995   0.469  45  45  42  42
c L101-S196      1967.944  1532.666  16.119   0.030 1.71700    5.428327  18.316   1.575   2.246   1.246  46  42  45  45
  L101-S202       832.404  1584.063  14.498   0.007 1.71700    5.428327  15.682   1.009   1.228   0.545  49  49  48  48
  L101-S203       689.784  1605.779  16.276   0.032 1.71700    5.428327  16.938   0.545   0.697   0.355  49  49  49  49
  L101-S204       812.197  1617.058  16.156   0.031 1.71700    5.428327  17.394   1.152   1.328   0.576  48  48  48  50
  L101-S207      1283.382  1628.683  15.912   0.023 1.71700    5.428327  16.952   0.873   1.076   0.525  45  45  45  47
  L101-S212      1725.706  1706.349  17.546   0.102 1.71700    5.428327  19.638   1.543   1.949   0.967  34  23  34  40
c L101-S223      1267.209  1965.283  15.953   0.024 1.71700    5.428327  16.926   0.847   1.014   0.485  43  43  43  44
  L101-S225      1254.051  1984.189  16.376   0.036 1.71700    5.428327  17.129   0.584   0.721   0.370  43  43  43  44
  L101-S229        45.046  2010.287  15.835   0.022 1.71700    5.428327  16.814   0.859   1.038   0.493  46  46  46  47
  L101-S233       473.879  2106.168  17.123   0.071 1.71700    5.428327  19.163   1.533   2.056   1.063  42  36  42  49
  L101-S236       880.646  2189.951  14.352   0.006 1.71700    5.428327  15.963   1.335   1.626   0.744  48  48  48  51
  L101-S239        17.703  2329.536   0.000   0.000 1.71700    5.428327  17.456   1.419   1.947   0.986  48  48  48  51
  L101-S240       528.198  2480.927  16.325   0.033 1.71700    5.428327  17.289   0.766   0.929   0.458  55  55  51  51
  L101-S243       650.282  2785.855  16.637   0.044 1.71700    5.428327  17.540   0.875   0.992   0.453  60  60  50  50
  L101-S245        86.691  3001.343  16.854   0.054 1.71700    5.428327  17.714   0.581   0.727   0.355  54  54  38  38
  L101-S247       266.331  3112.895  17.346   0.085 1.71700    5.428327  19.091   1.434   1.853   0.911  52  38  26  26
  L101-S248       134.932  3134.208  13.298   0.003 1.71700    5.428327  14.995   1.420   1.736   0.809  44  44  27  27
  L101-S251      1242.081  3295.780  16.832   0.053 1.71700    5.428327  18.883   1.556   2.051   1.077  43  40  41  41
  L101-S252        46.083  3433.680  16.458   0.037 1.71700    5.428327  18.547   1.530   1.988   0.987  66  55  50  50
  L101-S255      1354.306  3515.430  15.204   0.013 1.71700    5.428327  16.255   1.013   1.100   0.475  55  55  47  47
  L101-S256      1264.996  3555.838  15.906   0.023 1.71700    5.428327  16.531   0.581   0.697   0.342  48  48  48  48
  L101-S257      1379.217  3699.430  16.108   0.027 1.71700    5.428327  17.457   1.119   1.378   0.618  51  51  48  48
  L101-S259      1069.696  4034.078  17.535   0.101 1.71700    5.428327  18.801   1.042   1.265   0.564  51  48  51  52
  L101-S294       267.230  2927.685  14.739   0.009 1.71700    5.428327  15.665   0.810   0.969   0.444  60  60  48  48
  L101-S296      1166.063  2955.715  14.947   0.010 1.71700    5.428327  15.680   0.606   0.758   0.362  42  42  42  46
  L101-S301      1259.221  3340.912  14.721   0.008 1.71700    5.428327  17.356   1.669   2.657   1.566  47  47  42  42
  L101-S406      2031.494  2210.193   0.000   0.000 1.71700    5.428327  18.884   1.673   2.669   1.581  39  34  39  44
  L101-S690       390.591    54.647  17.858   0.139 1.71700    5.428327  19.736   1.492   1.843   0.887  15  10   5   5
  L101-S717       340.386  1609.767  18.277   0.201 1.71700    5.428327  20.020   1.269   1.645   0.763  14   9   5   5
  L101-S740       114.593  2568.861  18.767   0.322 1.71700    5.428327  19.552   0.775   0.921   0.433  18  14   5   5
  L101-S746       618.314  2991.078  17.739   0.123 1.71700    5.428327  20.375  79.624   2.487   1.417  17   0   5   5
  L101-S766       505.190  3967.720  17.496   0.095 1.71700    5.428327  19.279   1.452   1.857   0.923  28  15  12  12
  L104-423        822.567  1880.681  14.932   0.010 1.72800    1.750587  15.634   0.607   0.730   0.368  81  72  71  43
  L104-425        724.331  2001.981  11.590   0.001 1.72800    1.750587  12.297   0.677   0.758   0.363 100  87  69  42
  L104-428       1883.565  2181.555  11.655   0.001 1.72800    1.750587  12.639   0.972   1.038   0.498  83  77  83  67
  L104-430       2004.925  2684.977  13.167   0.003 1.72800    1.750587  13.856   0.653   0.734   0.366  82  71  82  58
  L104-S1         987.939  1845.806  15.199   0.014 1.72800    1.750587  16.085   0.833   0.957   0.449  68  59  68  46
  L104-S4         660.830  2049.328  15.351   0.015 1.72800    1.750587  16.339   0.898   1.027   0.465  87  76  69  48
  L104-S10        663.126  1983.032  15.419   0.016 1.72800    1.750587  16.535   0.995   1.140   0.503  84  74  65  46
  L104-S16        534.475  2842.646  14.996   0.011 1.72800    1.750587  16.025   0.979   1.085   0.485  76  60  76  47
  L104-S18        872.902  3046.961  15.221   0.013 1.72800    1.750587  16.247   0.983   1.090   0.482  83  66  83  49
  L104-S19        103.644  3168.253  15.500   0.017 1.72800    1.750587  17.529   1.553   2.080   1.087  92  69  91  49
  L104-S24        363.121  3254.056  16.207   0.033 1.72800    1.750587  17.024   0.769   0.899   0.439  89  68  86  46
  L104-S29        206.815  3523.098  17.051   0.066 1.72800    1.750587  17.795   0.655   0.807   0.410  95  76  92  49
  L104-S30       1011.335  3565.827  15.299   0.014 1.72800    1.750587  16.016   0.611   0.745   0.371  94  72  90  48
  L104-S31        119.436  3567.925  14.223   0.006 1.72800    1.750587  15.839   1.388   1.665   0.773 100  79  97  49
b L104-S42       1160.486  4055.667  15.085   0.012 1.72800    1.750587  15.913   0.801   0.927   0.440  81  63  79  41
  L104-S94        321.090   252.127  17.795   0.141 1.72800    1.750587  20.024  79.975   2.517   1.452  12   0  12  17
  L104-S95        211.504   260.000  16.955   0.063 1.72800    1.750587  19.517  80.482   2.472   1.393  18   0  18  18
  L104-S100      1296.910   521.104  17.605   0.116 1.72800    1.750587  20.231  79.768   2.517   1.468  10   0  10  17
  L104-S102      1503.595   559.127  18.096   0.182 1.72800    1.750587  20.791  79.208   2.533  81.741   6   0   6   0
  L104-S103      1892.440   624.478  16.676   0.049 1.72800    1.750587  18.844   1.466   2.093   1.109  39  22  39  26
  L104-S105      1403.588   724.258  18.748   0.323 1.72800    1.750587  19.328   0.485   0.554  81.225  28  27  25   0
  L104-S106       893.789   738.209  13.992   0.005 1.72800    1.750587  16.501   1.540   2.532   1.507  45  40  45  29
  L104-S118       569.304  1731.843  17.237   0.081 1.72800    1.750587  20.065  79.934   2.787   1.671  23   0  23  43
  L104-S120      1522.185  1763.377  19.163   0.483 1.72800    1.750587  20.124   0.499   0.596   0.316  21  11  17  17
  L104-S126        52.885  2155.260  18.536   0.277 1.72800    1.750587  20.448   1.609   2.351   1.321  21   5  21  30
  L104-S131       292.262  2461.922  18.256   0.208 1.72800    1.750587  18.921   0.765   0.881   0.452  69  49  69  45
  L104-S137       612.175  2620.441  17.597   0.115 1.72800    1.750587  19.084   0.519   0.646   0.341  62  51  57  40
  L104-S141      1623.252  2786.247  18.143   0.188 1.72800    1.750587  20.370   1.610   2.276   1.263  18   5  18  26
  L104-S143      1014.663  2822.813  18.621   0.298 1.72800    1.750587  19.461   0.542   0.673   0.359  48  39  38  37
  L104-S145       950.259  2896.929  16.690   0.049 1.72800    1.750587  17.516   0.727   0.901   0.461  73  55  69  39
  L104-S146       333.212  2935.622  17.435   0.095 1.72800    1.750587  18.305   0.948   1.197   0.555  59  48  59  31
  L104-S147        69.436  3021.770  18.363   0.215 1.72800    1.750587  19.276   0.731   0.866   0.442  58  38  56  39
  L104-S148       789.378  3026.724  16.736   0.051 1.72800    1.750587  17.744   0.896   1.053   0.493  78  62  78  47
  L104-S152       637.657  3097.902   0.000   0.000 1.72800    1.750587  19.029   0.482   0.646   0.343  71  56  53  44
  L104-S161        55.653  3390.707  17.982   0.158 1.72800    1.750587  19.159   1.022   1.232   0.570  69  38  69  46
  L104-S164      1128.412  3470.858  19.146   0.472 1.72800    1.750587  19.818   0.502   0.641   0.341  33  25  22  22
  L104-S175      1068.271  3628.615  17.761   0.130 1.72800    1.750587  18.694   0.736   0.856   0.426  80  57  74  48
b L104-S184       597.113  3830.534  16.926   0.063 1.72800    1.750587  19.752   1.752   2.851   1.682  32   7  32  37
b L104-S190       594.329  3991.864  17.664   0.126 1.72800    1.750587  19.794   1.547   2.169   1.167  34   7  34  37
  L104-S191      1277.596  4020.202  18.931   0.390 1.72800    1.750587  19.620   0.598   0.733   0.377  38  29  37  29
  L104-S333       794.138  3081.395  14.627   0.008 1.72800    1.750587  16.441   1.470   1.871   0.916  89  67  89  49
  L104-S336       -10.654  3234.391   0.000   0.000 1.72800    1.750587  18.946   1.386   1.874   0.953  72  30  72  47
  L104-S341      1006.339  3602.800  18.358   0.239 1.72800    1.750587  19.256   0.607   0.689   0.364  62  41  55  41
  L104-S385       978.817    14.543   0.000   0.000 1.72800    1.750587  17.328   0.693   0.790   0.376  21  20  19  15
  L104-S387       196.408    55.411  17.754   0.135 1.72800    1.750587  18.516   0.498   0.655   0.305  24  23  22  16
  L104-S388      1846.841    83.070  17.344   0.092 1.72800    1.750587  18.159   0.716   0.829   0.415  25  24  24  17
  L104-S389       176.824   104.592  15.413   0.017 1.72800    1.750587  16.767   1.125   1.359   0.594  25  24  25  17
  L104-S394       342.219   368.716  11.953   0.001 1.72800    1.750587  12.618   0.511   0.668   0.338  30  27  30  17
  L104-S396      1119.714   404.781  16.644   0.048 1.72800    1.750587  17.609   0.599   0.727   0.357  32  30  32  18
  L104-S400        43.375   492.946  17.064   0.071 1.72800    1.750587  18.062   0.709   0.881   0.442  42  37  42  27
  L104-S401       729.500   540.051  17.155   0.080 1.72800    1.750587  17.991   0.663   0.836   0.425  42  37  42  27
  L104-S408      1530.825   700.801  17.115   0.075 1.72800    1.750587  18.344   0.910   1.109   0.495  40  40  40  25
  L104-S410       109.866   764.921  16.353   0.036 1.72800    1.750587  18.453   1.512   2.068   1.059  43  28  43  30
  L104-S421       928.975   958.109  16.623   0.048 1.72800    1.750587  18.408   1.445   1.836   0.894  45  37  45  32
  L104-S423      1729.941   994.665  16.701   0.051 1.72800    1.750587  17.626   0.693   0.877   0.451  43  41  43  26
  L104-S428      1652.940  1106.152  16.006   0.027 1.72800    1.750587  16.722   0.593   0.782   0.386  50  47  50  40
  L104-S429      1196.033  1157.045  14.424   0.007 1.72800    1.750587  15.538   0.980   1.143   0.543  61  56  61  43
  L104-S437      1250.803  1304.487  14.249   0.006 1.72800    1.750587  14.928   0.572   0.713   0.350  61  54  61  43
  L104-S438        -8.708  1403.797   0.000   0.000 1.72800    1.750587  18.392   1.271   1.547   0.689  64  52  64  43
  L104-S443       448.769  1636.493  16.855   0.057 1.72800    1.750587  17.980   0.890   1.096   0.525  71  60  71  48
  L104-S444      1370.023  1663.783  17.930   0.159 1.72800    1.750587  18.315   0.555   0.687   0.362  62  56  62  42
  L104-S449      1741.111  1841.011  16.307   0.035 1.72800    1.750587  17.069   0.545   0.689   0.353  58  53  58  40
  L104-S450      1431.025  1913.245  15.752   0.022 1.72800    1.750587  17.042   1.024   1.277   0.614  58  52  58  40
  L104-S455      1573.425  2037.615  16.826   0.055 1.72800    1.750587  18.380   1.127   1.318   0.580  61  53  61  43
  L104-S463      1509.615  2231.969  16.702   0.052 1.72800    1.750587  18.033   1.168   1.416   0.647  58  51  58  40
  L104-S466      1447.009  2279.440  15.988   0.027 1.72800    1.750587  17.931   1.504   1.963   1.034  53  46  53  39
  L104-S469      1889.049  2354.084  15.422   0.017 1.72800    1.750587  17.032   1.352   1.629   0.751  57  49  57  37
  L104-S477      1803.057  3055.116  16.620   0.047 1.72800    1.750587  18.078   1.213   1.486   0.686  73  61  73  45
  L104-S480      1945.108  3250.086  16.058   0.029 1.72800    1.750587  16.985   0.781   0.903   0.431  77  63  77  42
  L104-S701       893.554  1683.556  18.422   0.234 1.72800    1.750587  19.608   0.514   0.643   0.350  40  35  30  30
  L104-S707      1368.994  1944.769  17.280   0.089 1.72800    1.750587  20.383   1.790   2.908   1.743  17   5  17  32
  L104-S708      1958.882  1985.352  19.301   0.548 1.72800    1.750587  19.964   0.822   0.985   0.448  25  12  25  28
  L104-S712       168.854  2112.775  18.068   0.169 1.72800    1.750587  19.279   0.853   1.037   0.495  54  35  54  45
  L104-S714       968.013  2174.611  17.769   0.130 1.72800    1.750587  19.415   0.914   1.039   0.494  50  29  50  41
  L104-S716       861.445  2338.825  19.291   0.520 1.72800    1.750587  20.026   0.830   1.002   0.486  26  14  26  26
  L104-S723       309.050  2598.483  18.343   0.219 1.72800    1.750587  20.186   1.297   1.643   0.819  26   6  26  33
  L104-S726        19.172  2699.416  19.110   0.499 1.72800    1.750587  20.334   0.665   0.829   0.423  25  11  22  22
  L104-S727        12.480  2889.587   0.000   0.000 1.72800    1.750587  20.490  79.509   0.619   0.343  18   0  12  12
  L104-S731      1757.224  3129.632  18.062   0.175 1.72800    1.750587  19.356   0.638   0.751   0.391  52  39  51  35
  L104-S733      1535.375  3185.097  18.521   0.260 1.72800    1.750587  19.453   0.493   0.652   0.359  43  36  39  35
  L104-S735      1970.345  3375.760  18.738   0.327 1.72800    1.750587  20.246   0.484   0.647   0.308  19  13  17  17
  L104-S736       998.004  3372.659  21.967   6.192 1.72800    1.750587  20.242   0.561   0.692   0.361  23  10  18  18
  L104-S740      1994.027  3745.346  18.899   0.373 1.72800    1.750587  19.159   0.510   0.655   0.352  54  47  51  36
  L104-S741      1936.249  3791.571  18.250   0.196 1.72800    1.750587  18.965   0.784   0.942   0.448  64  48  61  38
  L104-S742      1365.642  3818.228  18.984   0.401 1.72800    1.750587  20.220   0.871   1.027   0.483  19   8  19  23
  L104-S746      1297.318  4073.333  18.735   0.349 1.72800    1.750587  19.693   0.850   1.041   0.500  31  17  31  32
  L104-423        669.134  1886.963  14.878   0.009 1.15100    5.199145  15.634   0.607   0.730   0.368  81  72  71  43
  L104-425        570.971  2008.118  11.551   0.001 1.15100    5.199145  12.297   0.677   0.758   0.363 100  87  69  42
  L104-428       1729.572  2188.265  11.624   0.001 1.15100    5.199145  12.639   0.972   1.038   0.498  83  77  83  67
b L104-430       1850.848  2691.437  13.145   0.003 1.15100    5.199145  13.856   0.653   0.734   0.366  82  71  82  58
  L104-S1         834.754  1852.092  15.123   0.012 1.15100    5.199145  16.085   0.833   0.957   0.449  68  59  68  46
  L104-S4         507.295  2055.466  15.308   0.013 1.15100    5.199145  16.339   0.898   1.027   0.465  87  76  69  48
  L104-S10        509.694  1989.148  15.431   0.015 1.15100    5.199145  16.535   0.995   1.140   0.503  84  74  65  46
  L104-S16        381.135  2848.812  14.958   0.010 1.15100    5.199145  16.025   0.979   1.085   0.485  76  60  76  47
  L104-S18        720.034  3053.329  15.179   0.012 1.15100    5.199145  16.247   0.983   1.090   0.482  83  66  83  49
  L104-S24        210.219  3260.121  16.143   0.029 1.15100    5.199145  17.024   0.769   0.899   0.439  89  68  86  46
  L104-S30        858.739  3572.185  15.286   0.013 1.15100    5.199145  16.016   0.611   0.745   0.371  94  72  90  48
  L104-S42       1007.677  4062.113  15.089   0.011 1.15100    5.199145  15.913   0.801   0.927   0.440  81  63  79  41
  L104-S103      1737.442   632.187  16.700   0.045 1.15100    5.199145  18.844   1.466   2.093   1.109  39  22  39  26
  L104-S106       739.597   745.121  13.946   0.004 1.15100    5.199145  16.501   1.540   2.532   1.507  45  40  45  29
  L104-S145       797.281  2902.983  16.666   0.043 1.15100    5.199145  17.516   0.727   0.901   0.461  73  55  69  39
  L104-S148       636.318  3032.907  16.618   0.042 1.15100    5.199145  17.744   0.896   1.053   0.493  78  62  78  47
  L104-S333       641.163  3087.873  14.619   0.008 1.15100    5.199145  16.441   1.470   1.871   0.916  89  67  89  49
  L104-S385       823.893    21.191  16.352   0.038 1.15100    5.199145  17.328   0.693   0.790   0.376  21  20  19  15
  L104-S386      1963.845    56.107  14.327   0.006 1.15100    5.199145  15.260   0.779   0.875   0.416  23  22  22  16
  L104-S389        21.682   110.753  15.355   0.015 1.15100    5.199145  16.767   1.125   1.359   0.594  25  24  25  17
  L104-S394       187.406   375.058  11.919   0.001 1.15100    5.199145  12.618   0.511   0.668   0.338  30  27  30  17
  L104-S421       775.011   964.823  16.574   0.042 1.15100    5.199145  18.408   1.445   1.836   0.894  45  37  45  32
  L104-S423      1575.541  1001.975  16.843   0.050 1.15100    5.199145  17.626   0.693   0.877   0.451  43  41  43  26
  L104-S428      1498.526  1113.580  15.907   0.022 1.15100    5.199145  16.722   0.593   0.782   0.386  50  47  50  40
  L104-S429      1042.145  1163.806  14.399   0.006 1.15100    5.199145  15.538   0.980   1.143   0.543  61  56  61  43
  L104-S437      1096.841  1311.259  14.203   0.005 1.15100    5.199145  14.928   0.572   0.713   0.350  61  54  61  43
  L104-S449      1586.952  1847.924  16.379   0.034 1.15100    5.199145  17.069   0.545   0.689   0.353  58  53  58  40
  L104-S450      1277.382  1920.033  15.805   0.021 1.15100    5.199145  17.042   1.024   1.277   0.614  58  52  58  40
  L104-S463      1355.907  2238.389  16.511   0.036 1.15100    5.199145  18.033   1.168   1.416   0.647  58  51  58  40
  L104-S466      1293.744  2285.998  15.953   0.023 1.15100    5.199145  17.931   1.504   1.963   1.034  53  46  53  39
  L104-S469      1735.028  2360.884  15.383   0.014 1.15100    5.199145  17.032   1.352   1.629   0.751  57  49  57  37
  L104-S477      1649.448  3061.654  16.507   0.039 1.15100    5.199145  18.078   1.213   1.486   0.686  73  61  73  45
  L104-S480      1791.541  3256.806  16.094   0.027 1.15100    5.199145  16.985   0.781   0.903   0.431  77  63  77  42
  L104-S485      2024.849  4013.903  16.364   0.036 1.15100    5.199145  18.079   1.327   1.698   0.819  75  53  75  42
  L107-599        953.246  2851.948  13.852   0.004 1.39000    5.658227  14.667   0.731   0.849   0.413 120  87 111  78
  L107-600        646.940  2884.536  14.230   0.005 1.39000    5.658227  14.854   0.533   0.657   0.328 108  81  98  71
c L107-601       1177.534  3100.978  12.935   0.002 1.39000    5.658227  14.668   1.440   1.758   0.817 130 103 128 105
  L107-S30        898.405  2412.158  16.242   0.026 1.39000    5.658227  17.081   0.649   0.795   0.397  85  67  82  65
  L107-S32        724.257  2543.040  16.061   0.023 1.39000    5.658227  17.658   1.334   1.587   0.715  79  60  79  59
  L107-S34       1223.021  2469.415  15.692   0.017 1.39000    5.658227  16.673   0.875   1.016   0.492  89  68  87  69
  L107-S35        632.600  2848.310  15.046   0.010 1.39000    5.658227  15.933   0.897   0.946   0.439  98  72  89  61
  L107-S37       1063.646  2833.917  15.691   0.017 1.39000    5.658227  16.655   0.939   0.996   0.457 103  75  94  67
  L107-S38        236.048  3030.994  14.580   0.007 1.39000    5.658227  16.110   1.331   1.563   0.703 105  78 105  70
  L107-S39        453.887  3104.620  15.769   0.018 1.39000    5.658227  17.092   1.145   1.362   0.619 105  74 104  71
  L107-S40        474.952  3333.886  15.823   0.019 1.39000    5.658227  16.881   0.928   1.077   0.506 109  80 109  71
  L107-S41        660.711  3493.471  16.445   0.033 1.39000    5.658227  17.707   1.019   1.169   0.555  99  72  99  63
  L107-S42        502.014  3589.528  15.662   0.017 1.39000    5.658227  16.951   1.104   1.318   0.599 106  79 106  70
  L107-S43        763.217  3629.780  16.666   0.040 1.39000    5.658227  17.447   0.651   0.795   0.399 103  76 100  65
  L107-S44        398.513  3739.020  15.432   0.014 1.39000    5.658227  16.486   0.945   1.079   0.507 107  79 106  70
  L107-S60        435.454   897.613  16.419   0.034 1.39000    5.658227  17.459   0.837   1.021   0.503  74  57  65  57
  L107-S62       1257.578   947.196  16.322   0.029 1.39000    5.658227  17.557   1.014   1.221   0.566  76  53  66  54
  L107-S64        978.273   991.175  15.162   0.012 1.39000    5.658227  16.157   0.839   1.013   0.512  77  55  68  55
  L107-S65       1344.022  1038.708  16.496   0.035 1.39000    5.658227  17.671   0.973   1.162   0.545  77  54  74  57
  L107-S67       1093.881  1058.261  16.721   0.043 1.39000    5.658227  18.138   1.042   1.316   0.633  79  56  72  58
  L107-S68        239.786  1056.396  16.798   0.047 1.39000    5.658227  18.343   1.279   1.514   0.697  73  58  71  63
  L107-S73       1439.012  1202.842  15.090   0.011 1.39000    5.658227  16.026   0.755   0.933   0.474  80  55  74  59
  L107-S75       1167.918  1214.454  14.113   0.005 1.39000    5.658227  14.908   0.669   0.819   0.417  80  58  71  60
  L107-S76        842.083  1216.267  16.550   0.038 1.39000    5.658227  17.325   0.729   0.827   0.416  80  63  72  66
  L107-S80       1278.255  1406.749  15.318   0.013 1.39000    5.658227  16.140   0.738   0.831   0.409  84  64  80  63
  L107-S85        799.659  1488.036  15.932   0.021 1.39000    5.658227  18.446   1.703   2.408   1.320  77  52  73  62
  L107-S88       1326.027  1547.781  14.693   0.007 1.39000    5.658227  15.434   0.591   0.758   0.391  84  65  80  66
  L107-S104      1099.135  2036.833  16.319   0.030 1.39000    5.658227  17.843   1.309   1.533   0.686  82  63  79  69
  L107-S105      1092.827  2067.669  14.965   0.009 1.39000    5.658227  15.964   0.897   1.026   0.501  83  66  79  69
  L107-S106       334.938  2147.956  16.459   0.034 1.39000    5.658227  17.762   1.124   1.316   0.600  82  61  76  68
  L107-S115       333.639  2326.960  15.025   0.009 1.39000    5.658227  15.837   0.687   0.837   0.416  85  56  78  65
  L107-S129       367.835  2666.734  16.514   0.035 1.39000    5.658227  17.422   0.696   0.840   0.422  84  60  77  59
  L107-S139      1033.548  3012.121  16.678   0.040 1.39000    5.658227  18.490   1.525   1.825   0.856 105  63 105  72
  L107-S151      1012.084  3509.500  16.833   0.047 1.39000    5.658227  17.777   0.776   0.907   0.448 106  78 106  71
  L107-S172      1261.729  3798.913  15.011   0.010 1.39000    5.658227  15.943   0.822   0.935   0.453  89  66  89  59
  L107-S180       120.706  3904.860  16.208   0.026 1.39000    5.658227  18.079   1.489   1.848   0.878  77  49  76  58
  L107-S182       811.751  3954.954  15.898   0.020 1.39000    5.658227  17.020   1.010   1.206   0.561  87  64  87  62
  L107-S186       144.095  4004.923  16.564   0.037 1.39000    5.658227  17.994   1.330   1.561   0.696  75  49  75  58
  L107-S187       776.234  4020.048  16.142   0.025 1.39000    5.658227  16.896   0.644   0.811   0.411  83  62  83  57
  L107-S190      1259.366  4029.355  15.113   0.011 1.39000    5.658227  15.923   0.735   0.853   0.417  88  64  88  62
  L107-S191      1024.703  4028.976  15.669   0.017 1.39000    5.658227  16.447   0.735   0.825   0.407  88  64  88  62
  L107-S337      1308.887  2987.624  16.787   0.044 1.39000    5.658227  18.773   1.494   1.921   0.943  90  55  90  72
  L107-S341       588.185  3355.155  16.201   0.027 1.39000    5.658227  18.895   1.671   2.696   1.517  98  51  98  71
  L107-S345       484.826  4011.448  11.832   0.001 1.39000    5.658227  12.684   0.872   0.921   0.422  87  63  87  59
  L107-S359      1294.618    56.079  16.829   0.047 1.39000    5.658227  17.636   0.631   0.796   0.414  31  17  31  15
  L107-S361      1097.021    75.276  15.342   0.013 1.39000    5.658227  16.151   0.608   0.771   0.392  32  17  32  15
  L107-S363       676.008   116.288  15.618   0.016 1.39000    5.658227  16.609   0.796   0.942   0.443  25  19  25  16
  L107-S364      1162.329   147.302  14.379   0.006 1.39000    5.658227  15.302   0.752   0.901   0.445  30  17  30  15
  L107-S365      1077.545   193.521  14.455   0.006 1.39000    5.658227  15.470   0.826   0.982   0.473  30  17  30  15
  L107-S366      1430.789   205.146  16.528   0.035 1.39000    5.658227  18.046   0.961   1.308   0.633  30  18  30  15
  L107-S373      1700.047   451.961  15.796   0.019 1.39000    5.658227  17.279   1.194   1.459   0.624  36  22  36  18
  L107-S381      1651.200   527.856  16.243   0.028 1.39000    5.658227  17.739   1.192   1.501   0.638  37  23  37  19
  L107-S383       840.457   563.695  16.045   0.023 1.39000    5.658227  16.988   0.812   0.962   0.471  40  33  40  32
  L107-S384      1313.829   571.908  14.434   0.006 1.39000    5.658227  15.288   0.723   0.847   0.409  40  28  40  24
  L107-S385       356.960   571.177  16.844   0.049 1.39000    5.658227  17.753   0.713   0.848   0.414  38  31  38  32
  L107-S387       703.665   619.467  16.494   0.034 1.39000    5.658227  17.732   0.963   1.225   0.582  38  34  38  32
  L107-S389      1045.492   654.092   9.881   0.000 1.39000    5.658227  11.576   1.427   1.778   0.822  34  23  34  24
  L107-S390       896.208   655.985  13.576   0.003 1.39000    5.658227  14.653   0.973   1.099   0.527  35  29  35  26
  L107-S393       985.349   689.837  13.986   0.005 1.39000    5.658227  14.813   0.728   0.835   0.407  48  36  48  34
  L107-S394      1707.359   698.471  14.824   0.008 1.39000    5.658227  15.910   0.869   1.090   0.526  37  24  37  22
  L107-S398      1378.988   827.722  16.728   0.045 1.39000    5.658227  18.005   0.992   1.179   0.526  73  51  65  51
  L107-S419      1934.045  1321.861  16.535   0.036 1.39000    5.658227  17.415   0.724   0.901   0.469  60  41  58  37
  L107-S428      1950.008  1603.047  16.812   0.046 1.39000    5.658227  17.576   0.624   0.770   0.395  59  47  59  44
  L107-S433      1778.967  1750.380  13.751   0.004 1.39000    5.658227  14.614   0.779   0.886   0.434  65  49  65  48
  L107-S447      1851.357  1993.671  15.349   0.013 1.39000    5.658227  17.264   1.533   1.915   0.919  63  45  62  49
  L107-S464      1563.364  2283.315  16.771   0.044 1.39000    5.658227  18.802   1.536   1.935   0.942  74  41  74  55
  L107-S467       118.787  2408.228  15.486   0.040 1.39000    5.658227  17.986   1.124   1.381   0.616  84  60  80  65
  L107-S474      1572.463  2600.420  16.461   0.032 1.39000    5.658227  19.182   1.661   2.655   1.495  55  25  55  48
  L107-S476      1708.642  2675.515  16.692   0.039 1.39000    5.658227  18.713   1.602   2.086   1.059  63  32  63  43
  L107-S487      1886.638  2872.878  16.212   0.028 1.39000    5.658227  17.050   0.709   0.894   0.453  72  46  67  45
  L107-S496      1807.018  3039.167  16.249   0.027 1.39000    5.658227  17.253   0.851   1.005   0.506  77  50  72  52
  L107-S498      1639.161  3126.978  16.604   0.039 1.39000    5.658227  17.875   0.994   1.217   0.568  78  50  73  54
  L107-S793       959.091   778.158  15.539   0.015 1.39000    5.658227  16.400   0.713   0.832   0.403  68  51  61  52
  L107-S797      1358.719   979.127  12.781   0.002 1.39000    5.658227  13.440   0.559   0.678   0.336  77  55  71  55
  L107-S899       931.175   527.724  16.904   0.050 1.39000    5.658227  17.803   0.662   0.866   0.440  38  27  38  24
  L107-S975      1460.752  2340.818  16.533   0.035 1.39000    5.658227  17.139   0.508   0.701   0.362  86  60  82  61
  L107-599        842.863  2866.597  13.833   0.004 1.17700    8.703643  14.667   0.731   0.849   0.413 120  87 111  78
  L107-600        536.613  2899.029  14.222   0.006 1.17700    8.703643  14.854   0.533   0.657   0.328 108  81  98  71
c L107-601       1067.162  3115.784  12.932   0.002 1.17700    8.703643  14.668   1.440   1.758   0.817 130 103 128 105
  L107-S30        787.751  2426.997  16.295   0.031 1.17700    8.703643  17.081   0.649   0.795   0.397  85  67  82  65
  L107-S32        613.854  2557.659  16.041   0.024 1.17700    8.703643  17.658   1.334   1.587   0.715  79  60  79  59
  L107-S34       1112.534  2484.335  15.687   0.018 1.17700    8.703643  16.673   0.875   1.016   0.492  89  68  87  69
  L107-S35        522.133  2862.893  15.006   0.010 1.17700    8.703643  15.933   0.897   0.946   0.439  98  72  89  61
  L107-S37        953.275  2848.631  15.691   0.018 1.17700    8.703643  16.655   0.939   0.996   0.457 103  75  94  67
  L107-S38        125.923  3045.276  14.569   0.007 1.17700    8.703643  16.110   1.331   1.563   0.703 105  78 105  70
  L107-S39        343.820  3119.024  15.739   0.019 1.17700    8.703643  17.092   1.145   1.362   0.619 105  74 104  71
  L107-S40        364.890  3348.224  15.807   0.019 1.17700    8.703643  16.881   0.928   1.077   0.506 109  80 109  71
  L107-S41        550.687  3508.058  16.606   0.039 1.17700    8.703643  17.707   1.019   1.169   0.555  99  72  99  63
  L107-S42        391.925  3604.016  15.687   0.018 1.17700    8.703643  16.951   1.104   1.318   0.599 106  79 106  70
  L107-S43        653.398  3644.293  16.606   0.038 1.17700    8.703643  17.447   0.651   0.795   0.399 103  76 100  65
  L107-S44        288.630  3753.314  15.438   0.014 1.17700    8.703643  16.486   0.945   1.079   0.507 107  79 106  70
  L107-S45        633.527  3735.130  15.938   0.023 1.17700    8.703643  17.231   0.959   1.178   0.575 103  75 100  65
  L107-S60        324.814   911.952  16.454   0.035 1.17700    8.703643  17.459   0.837   1.021   0.503  74  57  65  57
  L107-S62       1146.378   961.930  16.384   0.032 1.17700    8.703643  17.557   1.014   1.221   0.566  76  53  66  54
  L107-S64        867.020  1005.768  15.134   0.011 1.17700    8.703643  16.157   0.839   1.013   0.512  77  55  68  55
  L107-S65       1232.948  1053.399  16.318   0.032 1.17700    8.703643  17.671   0.973   1.162   0.545  77  54  74  57
  L107-S68        129.029  1070.695  16.762   0.046 1.17700    8.703643  18.343   1.279   1.514   0.697  73  58  71  63
  L107-S73       1327.811  1217.560  15.105   0.011 1.17700    8.703643  16.026   0.755   0.933   0.474  80  55  74  59
  L107-S75       1056.903  1229.258  14.095   0.005 1.17700    8.703643  14.908   0.669   0.819   0.417  80  58  71  60
  L107-S76        730.983  1230.896  16.479   0.035 1.17700    8.703643  17.325   0.729   0.827   0.416  80  63  72  66
  L107-S79       1391.142  1386.975  16.362   0.032 1.17700    8.703643  17.622   0.637   0.804   0.420  79  55  73  52
  L107-S80       1167.409  1421.432  15.313   0.013 1.17700    8.703643  16.140   0.738   0.831   0.409  84  64  80  63
  L107-S85        688.746  1502.573  15.967   0.022 1.17700    8.703643  18.446   1.703   2.408   1.320  77  52  73  62
  L107-S88       1215.013  1562.522  14.690   0.008 1.17700    8.703643  15.434   0.591   0.758   0.391  84  65  80  66
c L107-S99        416.019  1898.254  15.100   0.011 1.17700    8.703643  16.288   0.939   1.157   0.576  86  67  80  67
b L107-S104       988.551  2051.247  16.491   0.038 1.17700    8.703643  17.843   1.309   1.533   0.686  82  63  79  69
b L107-S105       982.081  2082.217  14.948   0.010 1.17700    8.703643  15.964   0.897   1.026   0.501  83  66  79  69
  L107-S106       224.773  2162.195  16.537   0.037 1.17700    8.703643  17.762   1.124   1.316   0.600  82  61  76  68
  L107-S115       223.359  2341.302  15.017   0.010 1.17700    8.703643  15.837   0.687   0.837   0.416  85  56  78  65
  L107-S129       257.725  2681.042  16.563   0.038 1.17700    8.703643  17.422   0.696   0.840   0.422  84  60  77  59
  L107-S139       923.259  3026.904  16.599   0.040 1.17700    8.703643  18.490   1.525   1.825   0.856 105  63 105  72
  L107-S167       615.753  3739.999  16.349   0.032 1.17700    8.703643  18.498   0.591   0.814   0.417 102  72  97  69
  L107-S172      1151.584  3813.328  15.098   0.011 1.17700    8.703643  15.943   0.822   0.935   0.453  89  66  89  59
  L107-S182       701.821  3969.384  15.818   0.019 1.17700    8.703643  17.020   1.010   1.206   0.561  87  64  87  62
  L107-S186        34.193  4019.168  16.283   0.030 1.17700    8.703643  17.994   1.330   1.561   0.696  75  49  75  58
  L107-S187       666.238  4034.415  16.113   0.024 1.17700    8.703643  16.896   0.644   0.811   0.411  83  62  83  57
  L107-S190      1149.077  4043.771  15.184   0.011 1.17700    8.703643  15.923   0.735   0.853   0.417  88  64  88  62
  L107-S191       914.622  4043.366  15.683   0.017 1.17700    8.703643  16.447   0.735   0.825   0.407  88  64  88  62
  L107-S337      1198.561  3002.386  16.716   0.044 1.17700    8.703643  18.773   1.494   1.921   0.943  90  55  90  72
  L107-S341       478.077  3369.675  16.223   0.028 1.17700    8.703643  18.895   1.671   2.696   1.517  98  51  98  71
  L107-S345       374.905  4025.835  11.820   0.001 1.17700    8.703643  12.684   0.872   0.921   0.422  87  63  87  59
  L107-S359      1182.893    70.996  16.671   0.043 1.17700    8.703643  17.636   0.631   0.796   0.414  31  17  31  15
  L107-S361       985.461    90.293  15.320   0.012 1.17700    8.703643  16.151   0.608   0.771   0.392  32  17  32  15
  L107-S363       564.786   130.980  15.589   0.016 1.17700    8.703643  16.609   0.796   0.942   0.443  25  19  25  16
  L107-S364      1050.770   162.265  14.374   0.006 1.17700    8.703643  15.302   0.752   0.901   0.445  30  17  30  15
  L107-S365       965.933   208.301  14.451   0.006 1.17700    8.703643  15.470   0.826   0.982   0.473  30  17  30  15
  L107-S366      1318.761   220.330  16.661   0.045 1.17700    8.703643  18.046   0.961   1.308   0.633  30  18  30  15
  L107-S373      1587.963   466.893  15.758   0.019 1.17700    8.703643  17.279   1.194   1.459   0.624  36  22  36  18
  L107-S381      1539.196   542.785  16.195   0.027 1.17700    8.703643  17.739   1.192   1.501   0.638  37  23  37  19
  L107-S383       729.284   578.201  15.913   0.021 1.17700    8.703643  16.988   0.812   0.962   0.471  40  33  40  32
  L107-S384      1202.032   586.517  14.422   0.006 1.17700    8.703643  15.288   0.723   0.847   0.409  40  28  40  24
  L107-S385       246.036   585.601  16.875   0.050 1.17700    8.703643  17.753   0.713   0.848   0.414  38  31  38  32
  L107-S387       592.585   633.967  16.506   0.036 1.17700    8.703643  17.732   0.963   1.225   0.582  38  34  38  32
  L107-S390       785.024   670.384  13.556   0.003 1.17700    8.703643  14.653   0.973   1.099   0.527  35  29  35  26
c L107-S393       873.987   704.269  13.887   0.005 1.17700    8.703643  14.813   0.728   0.835   0.407  48  36  48  34
  L107-S394      1595.651   713.499  14.827   0.009 1.17700    8.703643  15.910   0.869   1.090   0.526  37  24  37  22
  L107-S398      1267.696   842.395  16.669   0.043 1.17700    8.703643  18.005   0.992   1.179   0.526  73  51  65  51
  L107-S419      1822.744  1336.942  16.433   0.034 1.17700    8.703643  17.415   0.724   0.901   0.469  60  41  58  37
  L107-S428      1838.869  1618.180  16.740   0.045 1.17700    8.703643  17.576   0.624   0.770   0.395  59  47  59  44
  L107-S433      1667.975  1765.441  13.745   0.004 1.17700    8.703643  14.614   0.779   0.886   0.434  65  49  65  48
  L107-S447      1740.673  2008.763  15.364   0.013 1.17700    8.703643  17.264   1.533   1.915   0.919  63  45  62  49
  L107-S462      1971.905  2281.694  15.906   0.021 1.17700    8.703643  16.841   0.846   0.951   0.458  63  42  63  38
  L107-S464      1452.649  2298.287  16.875   0.050 1.17700    8.703643  18.802   1.536   1.935   0.942  74  41  74  55
  L107-S474      1461.873  2615.325  16.511   0.035 1.17700    8.703643  19.182   1.661   2.655   1.495  55  25  55  48
  L107-S476      1597.956  2690.540  16.629   0.039 1.17700    8.703643  18.713   1.602   2.086   1.059  63  32  63  43
  L107-S487      1775.662  2887.936  16.215   0.028 1.17700    8.703643  17.050   0.709   0.894   0.453  72  46  67  45
  L107-S496      1696.286  3054.143  16.233   0.028 1.17700    8.703643  17.253   0.851   1.005   0.506  77  50  72  52
  L107-S498      1528.693  3141.919  16.614   0.038 1.17700    8.703643  17.875   0.994   1.217   0.568  78  50  73  54
  L107-S792       720.502   754.987  16.836   0.048 1.17700    8.703643  18.241   1.022   1.234   0.586  63  50  60  52
  L107-S793       847.905   792.773  15.556   0.016 1.17700    8.703643  16.400   0.713   0.832   0.403  68  51  61  52
  L107-S797      1247.506   993.889  12.769   0.002 1.17700    8.703643  13.440   0.559   0.678   0.336  77  55  71  55
  L107-S899       819.953   542.154  16.622   0.039 1.17700    8.703643  17.803   0.662   0.866   0.440  38  27  38  24
  L107-S975      1349.920  2355.682  16.452   0.033 1.17700    8.703643  17.139   0.508   0.701   0.362  86  60  82  61
  L110-S255      1347.966   548.234  12.524   0.002 1.34700    8.922780  13.440   0.768   0.938   0.444  21  11  17  15
  L110-S318      1265.430  2597.656  13.287   0.003 1.34700    8.922780  15.298   1.497   2.032   1.052  39  21  38  32
  L110-S320       888.743  2678.098  11.668   0.001 1.34700    8.922780  12.748   0.953   1.049   0.472  38  20  30  26
c L110-S332      1813.107  2957.806  14.005   0.005 1.34700    8.922780  16.082   1.599   2.088   1.091  44  30  41  36
  L110-S336       814.359  3154.086  13.165   0.003 1.34700    8.922780  16.586   2.923   3.476   1.537  44  26  39  29
  L110-S337       848.087  3167.717  13.889   0.005 1.34700    8.922780  17.359   2.861   3.535   1.577  45  20  39  29
  L110-S346       591.766  3441.804  12.429   0.002 1.34700    8.922780  13.939   1.255   1.575   0.780  45  28  32  21
  L110-S353       331.846  3771.168  11.882   0.001 1.34700    8.922780  12.581   0.644   0.750   0.350  61  33  48  36
  L110-S355       805.847  3814.148  14.065   0.005 1.34700    8.922780  15.474   1.294   1.465   0.639  53  32  41  28
  L110-S626      1547.228   303.009  14.872   0.011 1.34700    8.922780  17.173   1.506   2.254   1.211  13   5  10   9
  L110-S628       493.265   410.375  14.679   0.009 1.34700    8.922780  16.760   1.541   2.059   1.051  13   7  12   8
  L110-S641       324.936   778.201  15.213   0.015 1.34700    8.922780  17.768   2.154   2.579   1.273  17   7  10  10
  L110-S663       145.223  1075.875  15.098   0.013 1.34700    8.922780  18.192   2.824   3.188   1.491  25   5  24  15
  L110-S686       377.072  1303.910  15.354   0.016 1.34700    8.922780  17.859   2.112   2.527   1.239  25  11  24  15
  L110-S690       133.299  1333.363  15.240   0.015 1.34700    8.922780  18.447   2.896   3.308   1.543  23   5  23  15
  L110-S777      1402.804  2604.598  15.912   0.025 1.34700    8.922780  18.792   1.701   2.857   1.683  35  14  35  31
  L110-S830       873.988  3201.586  15.717   0.022 1.34700    8.922780  18.409   2.219   2.798   1.329  41  15  39  29
b L110-S853      1795.301  3400.152  15.762   0.023 1.34700    8.922780  18.909   2.597   3.214   1.510  42  13  42  35
  L110-S860       136.957  3505.800  15.115   0.013 1.34700    8.922780  17.653   1.636   2.545   1.468  56  30  44  32
  L110-S863       375.977  3538.372  15.765   0.022 1.34700    8.922780  18.394   2.039   2.549   1.237  51  18  44  32
  L110-S874      1820.666  3644.183  15.993   0.028 1.34700    8.922780  18.839   2.411   2.906   1.402  44  16  44  36
  L110-S890      1274.354  3828.608  16.435   0.043 1.34700    8.922780  19.011   2.179   2.699   1.222  42  15  42  33
  L110-S894       975.176  3833.974  15.339   0.016 1.34700    8.922780  18.056   2.175   2.731   1.297  45  21  43  27
c L110-S895      1801.290  3841.567  15.261   0.015 1.34700    8.922780  18.489   2.738   3.282   1.504  49  17  46  34
c L110-S897      1533.274  3859.813  15.317   0.016 1.34700    8.922780  17.361   1.695   2.033   0.945  55  36  47  34
  L110-S899        92.066  3926.972  13.288   0.003 1.34700    8.922780  15.419   1.747   2.223   1.127  62  58  47  35
  L110-S901      1897.788  3936.096  15.813   0.025 1.34700    8.922780  18.582   2.241   2.772   1.344  47  18  44  36
  L110-S903       826.199  3969.593  15.761   0.024 1.34700    8.922780  18.331   2.118   2.612   1.253  57  21  45  33
  L110-S904      1207.757  3972.534  15.400   0.017 1.34700    8.922780  17.827   2.010   2.487   1.237  53  31  46  35
  L110-S912      1060.969  4025.244  15.991   0.027 1.34700    8.922780  18.836   2.338   2.852   1.340  47  14  45  29
  L110-S914       146.468  4022.564  15.705   0.021 1.34700    8.922780  18.380   2.215   2.776   1.365  61  19  51  36
  L111-1925      1345.929  2310.708  11.938   0.001 1.54900    9.131989  12.386   0.397   0.479   0.260  64  64  32  26
  L111-1965      1743.954  3033.350   9.679   0.000 1.54900    9.131989  11.423   1.709   1.835   0.880  67  67  27  24
  L111-1969      1510.127  3132.347   8.618   0.000 1.54900    9.131989  10.388   1.950   2.407   1.224  93  93  70  66
c L111-S1        1523.870  2341.098  14.641   0.009 1.54900    9.131989  15.722   0.942   1.115  85.392  12  11   6   0
  L111-S3        1605.897  2551.203  14.088   0.005 1.54900    9.131989  15.252   1.020   1.207  85.954  14  14   6   0
c L111-S4        1712.836  2564.085  13.213   0.003 1.54900    9.131989  14.762   1.449   1.610  86.847  14  14   6   0
  L111-S5        1439.974  2558.008  14.520   0.008 1.54900    9.131989  16.008   1.456   1.561  85.552  14  11   6   0
  L111-S7        2028.185  2642.526  13.710   0.005 1.54900    9.131989  15.295   1.469   1.675  86.379  14  12   6   0
  L111-S8        1639.661  2667.885  13.009   0.003 1.54900    9.131989  14.531   1.431   1.590  87.058  14  14   6   0
b L111-S9        1851.691  2767.889  13.436   0.003 1.54900    9.131989  14.486   0.948   1.127   0.569  17  17   9   5
  L111-S11       1427.483  2785.896  13.979   0.005 1.54900    9.131989  15.574   1.494   1.645   0.801  17  14   9   5
c L111-S14       1904.985  2942.113  12.746   0.002 1.54900    9.131989  15.266   1.874   2.558   1.352  15  12   7   5
c L111-S16       1276.926  3076.933  13.529   0.004 1.54900    9.131989  15.216   1.558   1.708   0.838  17  15   9   5
  L111-S17       1823.965  3130.057  14.050   0.006 1.54900    9.131989  15.505   1.389   1.525   0.761  17  15   9   5
b L111-S19       1796.243  3184.550  12.568   0.002 1.54900    9.131989  14.060   1.439   1.566   0.772  20  20  13   7
c L111-S20       1929.770  3204.234  14.588   0.008 1.54900    9.131989  16.026   1.348   1.512   0.772  17  14   9   5
c L111-S21       1310.828  3228.887  14.570   0.008 1.54900    9.131989  16.005   1.327   1.481   0.730  17  14   9   5
  L111-S23       1770.000  3264.902  13.958   0.005 1.54900    9.131989  15.194   1.180   1.282   0.621  17  17   9   5
c L111-S25       1444.405  3261.028  15.205   0.018 1.54900    9.131989  16.295   0.903   1.050   0.535  17  14   9   5
c L111-S27       1164.147  3269.084  15.434   0.017 1.54900    9.131989  16.495   0.952   1.135  84.639  14  11   6   0
c L111-S30       1516.208  3438.166  15.261   0.015 1.54900    9.131989  16.405   0.958   1.142   0.564  19  14  12   5
  L111-S31       1331.641  3452.071  14.702   0.009 1.54900    9.131989  15.903   1.095   1.261   0.615  19  14  12   5
b L111-S34       1801.214  3584.605  12.750   0.002 1.54900    9.131989  14.117   1.321   1.428  87.310  19  17  11   0
c L111-S35       1689.909  3591.650  13.568   0.004 1.54900    9.131989  14.987   1.298   1.466  86.478  14  12   9   0
  L111-S181      1192.221   173.516  14.483   0.008 1.54900    9.131989  15.655   0.987   1.158  85.502   6   6   6   0
  L111-S183       113.132   286.170  15.512   0.019 1.54900    9.131989  16.790   1.125   1.289  84.498   6   6   6   0
  L111-S184       287.819   297.305  15.538   0.019 1.54900    9.131989  16.803   1.195   1.295  84.491   6   6   6   0
  L111-S187       679.482   423.089  15.894   0.025 1.54900    9.131989  17.545   1.484   1.703  84.157   6   6   6   0
  L111-S189       136.294   470.054  15.141   0.013 1.54900    9.131989  16.638   1.299   1.505  84.866   6   6   6   0
  L111-S191      1702.805   509.978  13.387   0.003 1.54900    9.131989  14.586  85.413   1.218  86.631   6   0   6   0
  L111-S194       332.583   739.303  13.412   0.003 1.54900    9.131989  15.308   1.767   1.937  86.628   6   6   6   0
  L111-S195      1438.021   780.974  13.040   0.003 1.54900    9.131989  14.234   1.081   1.226  86.991   6   6   6   0
  L111-S197      1751.014   863.232  12.995   0.003 1.54900    9.131989  14.206   1.057   1.250  87.043   6   6   6   0
  L111-S198       389.916   867.035  15.770   0.024 1.54900    9.131989  16.959   0.935   1.125  84.165   6   6   6   0
  L111-S203      1147.993  1248.690  13.878   0.005 1.54900    9.131989  15.015   1.006   1.173  86.157   6   6   6   0
  L111-S209       582.877  1392.125  15.273   0.015 1.54900    9.131989  16.883   1.497   1.672  84.788   6   6   6   0
b L111-S218      1791.784  1649.315  12.187   0.001 1.54900    9.131989  13.941   1.642   1.821  87.879   6   6   6   0
  L111-S220       765.309  1771.829  12.545   0.002 1.54900    9.131989  14.490   1.766   1.989  87.498   6   6   6   0
  L111-S221       419.909  1812.256  15.781   0.023 1.54900    9.131989  16.934   1.087   1.173  84.238   6   6   6   0
  L111-S225       107.454  1888.092  14.651   0.009 1.54900    9.131989  15.913   1.161   1.298  85.384   6   6   6   0
  L111-S232       534.378  1987.719  14.697   0.009 1.54900    9.131989  15.805   0.948   1.123  85.317   6   6   6   0
  L111-S235       580.460  2058.235  15.746   0.021 1.54900    9.131989  17.005   1.047   1.261  84.255   6   6   6   0
  L111-S244      1769.590  2403.170  15.497   0.017 1.54900    9.131989  16.882   1.181   1.348  84.465  14  11   6   0
b L111-S247      1008.822  2419.790  15.299   0.015 1.54900    9.131989  16.755   1.343   1.519  84.763   8   8   6   0
  L111-S251       744.654  2510.851  12.639   0.002 1.54900    9.131989  14.786   1.897   2.190  87.403   6   6   6   0
  L111-S252        26.492  2598.639  14.702   0.010 1.54900    9.131989  15.952   1.094   1.303  85.350   6   6   6   0
b L111-S260      2022.351  3067.762  14.950   0.011 1.54900    9.131989  16.496   1.521   1.639   0.796  17  14   9   5
  L111-S275      1045.095  3583.438  13.391   0.003 1.54900    9.131989  14.469   0.973   1.125  86.655   6   6   6   0
  L111-S278      1363.731  3672.396  12.541   0.002 1.54900    9.131989  14.044   1.459   1.561  87.516  14  12   9   0
b L111-S286      1003.126  3847.023  13.424   0.003 1.54900    9.131989  14.418   0.909   1.067  86.648   6   6   6   0
  L98-S2          480.234  3618.096  15.909   0.023 1.20000    0.244591  17.142   1.033   1.301   0.665 129 129 118  76
c L98-S3          776.689  3635.748  12.971   0.002 1.20000    0.244591  13.495   0.348   0.406   0.229 128 128 114  76
  L98-S4          653.767  3639.322  15.991   0.025 1.20000    0.244591  17.081   0.843   1.080   0.557 121 121 108  73
  L98-S5         1477.724  3655.369  13.867   0.004 1.20000    0.244591  15.631   1.527   1.747   0.858 126 122 112  76
  L98-S6          864.996  3658.486  15.049   0.011 1.20000    0.244591  16.330   1.129   1.317   0.651 129 127 115  76
b L98-S7          998.485  3678.047  15.480   0.017 1.20000    0.244591  16.554   0.905   1.047   0.512 132 128 110  72
  L98-S9          177.272  3695.700  16.051   0.027 1.20000    0.244591  17.015   0.776   0.990   0.547 130 128 118  74
  L98-S11         978.067  3708.066  14.630   0.008 1.20000    0.244591  15.307   0.591   0.737   0.396 134 132 116  73
c L98-S14        1944.800  3742.971  13.740   0.004 1.20000    0.244591  15.347   1.366   1.636   0.813 121 121 114  70
  L98-S15        1021.201  3742.181  16.135   0.029 1.20000    0.244591  17.145   0.890   1.077   0.538 135 130 115  70
c L98-S16         753.751  3747.796  12.035   0.001 1.20000    0.244591  12.627   0.367   0.538   0.283 135 130 120  73
  L98-S17        1049.756  3759.118  15.449   0.017 1.20000    0.244591  16.425   0.789   1.027   0.539 136 130 120  71
c L98-S18         853.182  3757.571  14.338   0.007 1.20000    0.244591  15.352   0.919   1.031   0.504 135 132 120  73
  L98-S20        1547.968  3770.968  14.288   0.006 1.20000    0.244591  14.857   0.516   0.617   0.345 132 125 119  73
  L98-S22         663.217  3764.113  15.483   0.017 1.20000    0.244591  16.567   0.956   1.138   0.571 133 131 117  73
c L98-S26         440.046  3784.339  15.019   0.011 1.20000    0.244591  15.854   0.639   0.808   0.434 143 139 127  74
  L98-S27         576.075  3807.738  13.162   0.003 1.20000    0.244591  15.020   1.708   1.910   0.922 141 137 123  68
  L98-S29         761.890  3825.160  14.140   0.006 1.20000    0.244591  14.717   0.469   0.631   0.359 150 150 132  77
  L98-S31        1510.855  3850.019  15.306   0.014 1.20000    0.244591  16.929   1.321   1.653   0.772 148 146 133  77
  L98-S34         502.684  3848.284  15.872   0.023 1.20000    0.244591  17.074   0.939   1.188   0.609 149 147 134  76
  L98-S35         837.348  3853.871  15.943   0.025 1.20000    0.244591  16.939   0.803   1.025   0.535 150 148 135  76
c L98-S36        1702.575  3870.041  15.629   0.019 1.20000    0.244591  17.121   1.162   1.400   0.639 150 143 137  78
  L98-S38        1263.362  3887.799  15.185   0.013 1.20000    0.244591  16.880   1.425   1.738   0.871 151 147 136  78
  L98-S39         674.704  3886.694  16.035   0.028 1.20000    0.244591  17.051   0.894   1.137   0.593 146 146 133  79
  L98-S40         491.010  3886.732  15.445   0.016 1.20000    0.244591  16.412   0.877   1.020   0.504 149 146 134  77
  L98-S41        1100.978  3892.784  15.702   0.020 1.20000    0.244591  16.771   0.832   1.058   0.542 153 148 136  79
  L98-S42        1681.862  3936.688  15.892   0.026 1.20000    0.244591  16.843   0.798   1.007   0.557 145 145 133  76
  L98-S43         879.570  3933.755  15.384   0.016 1.20000    0.244591  17.237   1.592   1.895   0.940 152 143 142  75
  L98-S45         404.904  3941.971  15.159   0.012 1.20000    0.244591  16.135   0.798   1.004   0.520 154 149 139  76
b L98-S46        1391.860  3960.938  14.694   0.008 1.20000    0.244591  15.709   0.813   1.005   0.512 144 144 128  74
  L98-S50        1764.300  3984.312  15.444   0.016 1.20000    0.244591  16.085   0.597   0.722   0.393 144 142 127  75
  L98-S51         224.376  3969.567  15.512   0.018 1.20000    0.244591  16.428   0.813   0.964   0.483 151 149 138  72
  L98-S53         432.753  3979.132  14.827   0.010 1.20000    0.244591  16.323   0.758   0.952   0.496 153 149 140  73
  L98-S54        1502.743  3990.364  15.344   0.015 1.20000    0.244591  16.255   0.736   0.942   0.517 143 143 130  73
c L98-S59         640.042  4037.746  14.839   0.010 1.20000    0.244591  15.888   0.979   1.053   0.471 151 139 137  59
  L98-S60         676.070  4040.822  14.335   0.007 1.20000    0.244591  15.065   0.651   0.793   0.403 153 144 138  62
  L98-S61        1401.427  4052.294  15.896   0.024 1.20000    0.244591  16.914   0.885   1.056   0.526 148 144 131  63
  L98-S62         818.935  4055.854  14.675   0.009 1.20000    0.244591  15.637   0.833   1.026   0.516 157 146 141  64
  L98-S63         529.360  4053.205  14.727   0.009 1.20000    0.244591  15.532   0.757   0.881   0.432 158 146 141  64
  L98-S64        1171.734  4062.361  14.191   0.006 1.20000    0.244591  14.932   0.638   0.780   0.394 150 146 131  65
  L98-S806       1962.089  1487.639  14.896   0.011 1.20000    0.244591  15.881   0.821   1.088   0.598  55  53  42  20
  L98-S807       1983.486  1549.591  14.148   0.006 1.20000    0.244591  16.032   1.653   1.918   0.938  55  53  42  20
b L98-S808       1665.534  1569.235  14.980   0.011 1.20000    0.244591  16.369   1.172   1.480   0.726  55  53  42  20
  L98-S814       1689.819  1955.221  14.998   0.011 1.20000    0.244591  16.119   0.887   1.123   0.559  76  74  66  38
c L98-S817       1835.922  2075.904  13.966   0.005 1.20000    0.244591  15.737   1.657   1.829   0.854  78  78  64  44
  L98-S819       1815.815  2388.441  13.787   0.004 1.20000    0.244591  14.529   0.620   0.777   0.387  99  96  87  73
  L98-S820       1981.837  2445.980  13.245   0.003 1.20000    0.244591  15.013   1.564   1.822   0.876  98  96  85  70
  L98-S822       1890.929  2725.015  15.649   0.020 1.20000    0.244591  16.620   0.781   1.013   0.521 112  99 102  78
  L98-S824       1944.015  2739.734  13.517   0.003 1.20000    0.244591  14.245   0.604   0.759   0.384 102  99  95  73
  L98-S827       1917.437  2775.948  14.877   0.011 1.20000    0.244591  16.782   1.641   1.995   0.986 112 104 102  77
  L98-S828       1979.872  2826.667  15.191   0.013 1.20000    0.244591  16.441   0.963   1.240   0.627 117 110  99  76
  L98-S832       1702.208  3014.000  13.997   0.005 1.20000    0.244591  14.722   0.623   0.743   0.363 121 111 108  81
  L98-S835       1750.824  3153.309  14.722   0.008 1.20000    0.244591  16.668   1.657   1.984   0.969 123 111 107  83
  L98-S838       1989.658  3253.437  13.752   0.004 1.20000    0.244591  15.527   1.557   1.828   0.899 126 122 104  81
  L98-S842       1982.401  3310.825  13.596   0.004 1.20000    0.244591  15.583   1.741   2.042   0.997 126 119 103  81
  L98-S848       1901.901  3432.304  13.244   0.003 1.20000    0.244591  13.868   0.535   0.661   0.335 133 118 113  79
  L98-S849       1744.870  3434.605  12.212   0.001 1.20000    0.244591  12.796   0.420   0.623   0.340 130 116 113  78
  L98-S850       1262.806  3444.484  15.656   0.019 1.20000    0.244591  16.565   0.799   0.971   0.494 137 128 115  75
  L98-S851       1689.718  3452.534  15.311   0.014 1.20000    0.244591  16.241   0.809   0.956   0.474 132 124 113  74
b L98-S857       1878.014  3477.934  15.942   0.024 1.20000    0.244591  17.145   0.954   1.254   0.641 126 114 113  79
  L98-S858        443.250  3469.414  15.278   0.014 1.20000    0.244591  15.849   0.499   0.653   0.372 140 134 117  76
  L98-S860       1214.376  3496.905  15.235   0.013 1.20000    0.244591  16.330   0.964   1.129   0.549 145 137 119  76
  L98-S863        866.019  3500.586  15.849   0.023 1.20000    0.244591  16.803   0.859   1.045   0.529 142 138 120  76
  L98-S864        629.939  3502.987  13.852   0.004 1.20000    0.244591  14.538   0.597   0.727   0.364 138 133 114  73
  L98-S866       1147.999  3516.414  12.932   0.002 1.20000    0.244591  13.668   0.525   0.682   0.379 146 139 120  79
  L98-S868       1256.124  3536.220  15.697   0.019 1.20000    0.244591  16.388   0.582   0.727   0.403 146 138 122  80
  L98-S871        892.883  3544.083  15.320   0.014 1.20000    0.244591  16.542   1.024   1.224   0.608 144 138 123  81
  L98-S873       1504.485  3557.905  15.418   0.016 1.20000    0.244591  16.468   0.833   1.049   0.535 140 131 121  81
  L98-S875       1885.340  3568.134  14.096   0.005 1.20000    0.244591  14.780   0.551   0.734   0.409 139 120 121  85
  L98-S879       1133.722  3593.268  15.197   0.013 1.20000    0.244591  16.325   0.877   1.093   0.557 142 140 123  82
  L98-S1152      1369.783   331.551  13.293   0.003 1.20000    0.244591  14.815   1.338   1.517   0.745  32  32  25  11
  L98-S1156       947.885   475.163  14.032   0.005 1.20000    0.244591  14.853   0.686   0.800   0.386  37  37  28  13
  L98-S1162      1789.660   608.973  13.637   0.004 1.20000    0.244591  14.005   0.296   0.373   0.217  35  32  26  10
  L98-S1163      1421.852   640.877  13.448   0.003 1.20000    0.244591  14.230   0.658   0.788   0.397  35  35  27  12
c L98-S1164      1824.006   656.072  12.109   0.001 1.20000    0.244591  12.704   0.460   0.612   0.325  38  38  28  14
  L98-S1165      1694.889   708.324  13.081   0.003 1.20000    0.244591  14.227   1.032   1.143   0.536  42  40  33  16
  L98-S1166       360.882   718.700  11.983   0.001 1.20000    0.244591  12.718   0.612   0.738   0.389  39  37  30  13
  L98-S1171       628.343   816.020  12.981   0.002 1.20000    0.244591  14.630   1.395   1.676   0.843  39  37  30  13
  L98-S1176      1655.803   945.537  13.322   0.003 1.20000    0.244591  14.097   0.644   0.785   0.404  42  41  33  16
s L98-S1179        54.767   965.061  11.880   0.001 1.20000    0.244591  12.174   0.260   0.297   0.163  41  41  33  16
  L98-S1180      1735.885   978.871  12.602   0.002 1.20000    0.244591  14.030   1.292   1.444   0.701  45  44  36  19
  L98-S1182      1199.057  1013.656  12.521   0.002 1.20000    0.244591  14.002   1.354   1.498   0.735  42  41  32  16
  L98-S1187       473.966  1140.848  13.406   0.003 1.20000    0.244591  13.913   0.419   0.534   0.313  43  42  35  16
  L98-S1195       882.084  1345.676  12.620   0.002 1.20000    0.244591  14.046   1.284   1.450   0.711  49  48  37  17
c L98-S1197       960.811  1366.063  13.112   0.003 1.20000    0.244591  14.652   1.397   1.561   0.770  49  48  37  17
  L98-S1207      1130.675  1565.173  13.357   0.003 1.20000    0.244591  14.088   0.606   0.732   0.367  52  51  39  17
  L98-S1211      1217.914  1610.216  13.571   0.004 1.20000    0.244591  14.354   0.705   0.789   0.379  55  53  42  20
c L98-S1212      1642.952  1615.722  13.612   0.004 1.20000    0.244591  14.291   0.542   0.665   0.333  52  50  42  20
  L98-S1213       937.859  1627.698  12.484   0.002 1.20000    0.244591  13.760   1.161   1.293   0.620  57  53  45  21
  L98-S1544      1020.131    72.035  16.135   0.029 1.20000    0.244591  17.401   0.996   1.203   0.601  27  27  22   7
  L98-S1546       336.046    86.284  15.482   0.017 1.20000    0.244591  16.885   1.072   1.331   0.682  26  26  22   7
  L98-S1548       834.178    97.388  12.091   0.001 1.20000    0.244591  13.488   1.214   1.374   0.666  26  26  22   7
  L98-S1552       394.767   190.029  13.108   0.003 1.20000    0.244591  13.988   0.732   0.839   0.400  30  30  26  10
  L98-S1555       581.967   249.386  14.295   0.006 1.20000    0.244591  15.383   0.857   1.062   0.544  30  30  26  10
  L98-S1568       764.865   567.621  15.475   0.016 1.20000    0.244591  16.360   0.683   0.874   0.489  34  33  25  10
  L98-S1571      1988.295   618.888  15.811   0.023 1.20000    0.244591  16.557   0.601   0.751   0.427  35  32  27  10
  L98-S1583       353.500  1097.822  16.045   0.028 1.20000    0.244591  17.303   1.043   1.230   0.592  43  41  34  17
  L98-S1598      1167.723  1349.741  14.462   0.007 1.20000    0.244591  15.122   0.537   0.701   0.402  49  48  37  17
  L98-S1619        73.075  1756.166  14.878   0.010 1.20000    0.244591  16.568   1.487   1.743   0.873  48  45  40  23
  L98-S1624       780.045  1815.755  15.415   0.015 1.20000    0.244591  16.519   0.874   1.058   0.527  60  53  47  25
  L98-S1634      1790.403  1981.675  13.135   0.003 1.20000    0.244591  13.635   0.391   0.544   0.296  77  73  68  40
  L98-S1652       202.080  2329.859  15.422   0.015 1.20000    0.244591  16.954   1.289   1.531   0.673  95  94  94  67
  L98-S1672       725.703  2630.464  14.718   0.009 1.20000    0.244591  16.552   1.600   1.847   0.912 112 104 100  72
  L98-S1674      1132.949  2655.281  14.725   0.009 1.20000    0.244591  15.623   0.783   0.926   0.457 114 107 100  72
  L98-S1675       346.976  2658.580  13.803   0.004 1.20000    0.244591  14.351   0.451   0.598   0.339 114 106 100  72
  L98-S1703      1291.163  3084.755  14.115   0.005 1.20000    0.244591  14.598   0.399   0.535   0.302 124 117 109  78
  L98-S1719      1033.515  3313.936  15.206   0.013 1.20000    0.244591  15.964   0.583   0.786   0.436 130 121 109  79
  L98-S1740      1833.851  3534.372  15.114   0.012 1.20000    0.244591  16.562   1.219   1.497   0.740 124 124 100  82
