#Star             Xc        Yc      Mag      Merr  Airmass UT             V       B-V     V-I      R-I   nV nBV nVI nRI 
  L101-S175      1739.445  1269.665  15.744   0.018 1.71700    5.428327  16.556   0.672   0.820   0.399   8   8   6   6
  L101-S177      1633.308  1321.831  12.473   0.002 1.71700    5.428327  13.305   0.784   0.897   0.439   7   7   6   6
  L101-S186      1304.785  1436.218  17.290   0.074 1.71700    5.428327  20.202  79.797   2.680   1.534  15   0  15  28
  L101-S188       485.203  1462.805  16.964   0.061 1.71700    5.428327  19.736   1.633   2.752   1.627  22  19  22  29
  L101-S190      1829.957  1471.606  15.931   0.022 1.71700    5.428327  17.952   1.448   1.985   1.002   9   8   6   6
  L101-S191       513.935  1490.100  12.358   0.002 1.71700    5.428327  13.232   0.798   0.895   0.410  37  37  29  29
  L101-S195      1482.299  1523.030  16.344   0.031 1.71700    5.428327  17.087   0.621   0.704   0.336  31  31  28  28
  L101-S200      1670.723  1555.037  17.302   0.076 1.71700    5.428327  17.913   0.493   0.661   0.326  17  15  17  21
  L101-S201       195.851  1586.172  17.709   0.104 1.71700    5.428327  18.831   0.894   1.134   0.521  38  38  29  29
  L101-S205      1170.078  1624.190  15.919   0.022 1.71700    5.428327  17.028   0.929   1.102   0.483  33  33  28  28
  L101-S213        49.962  1736.079  16.609   0.039 1.71700    5.428327  17.595   0.885   1.033   0.488  39  39  36  36
  L101-S215      1428.297  1755.776  16.703   0.042 1.71700    5.428327  18.731   1.515   2.018   1.051  28  20  28  28
  L101-S279       551.214  1951.036  14.841   0.009 1.71700    5.428327  16.849   1.537   2.060   1.084  32  32  24  24
  L101-S280      1032.054  2141.892  16.333   0.030 1.71700    5.428327  17.229   0.776   0.905   0.427  31  31  25  25
  L101-S281       221.879  2150.200  15.183   0.012 1.71700    5.428327  16.052   0.792   0.919   0.434  41  41  31  31
  L101-S284        20.339  2279.668  16.620   0.044 1.71700    5.428327  17.392   0.629   0.802   0.408  42  42  37  37
  L101-S285      1319.997  2363.890  16.320   0.030 1.71700    5.428327  17.141   0.737   0.884   0.430  30  30  25  25
  L101-S287       466.492  2521.821  16.100   0.026 1.71700    5.428327  17.122   0.869   1.060   0.484  37  37  30  30
  L101-S290      1263.143  2770.198  13.153   0.003 1.71700    5.428327  13.991   0.819   0.909   0.426  31  31  25  25
  L101-S298       825.080  3229.966  16.524   0.036 1.71700    5.428327  17.423   0.787   0.930   0.437  30  30  27  27
  L101-S300       621.058  3341.303  15.753   0.019 1.71700    5.428327  16.394   0.604   0.722   0.362  45  45  30  30
  L101-S306       918.971  3458.676  15.510   0.015 1.71700    5.428327  16.988   1.253   1.496   0.662  33  33  25  25
  L101-S307      1230.518  3549.339  16.006   0.024 1.71700    5.428327  16.643   0.579   0.708   0.355  32  32  25  25
  L101-S310        39.554  4058.998  16.403   0.037 1.71700    5.428327  17.469   0.978   1.151   0.508  51  51  39  39
  L101-S404       326.781   549.207  15.286   0.012 1.71700    5.428327  18.101   1.767   2.839   1.677  14  14   5   5
  L101-S405      1676.697  1984.072  16.229   0.029 1.71700    5.428327  18.632   1.615   2.377   1.351  25  16  25  25
  L101-S460       144.165   224.708  16.855   0.048 1.71700    5.428327  17.691   0.547   0.741   0.371  16  16   8   8
  L101-S461       521.926   254.268  15.881   0.020 1.71700    5.428327  16.940   0.839   1.042   0.490  11  11   5   5
  L101-S466       165.809   889.972  15.115   0.011 1.71700    5.428327  15.754   0.467   0.650   0.333  12  12   7   7
  L101-S469       343.994  1226.971  15.237   0.011 1.71700    5.428327  16.460   1.049   1.218   0.535  15  15  10  10
  L101-S477       785.059  2132.091  16.768   0.048 1.71700    5.428327  18.560   1.390   1.775   0.873  31  31  28  28
  L101-S480       333.245  2751.207  16.253   0.029 1.71700    5.428327  17.994   1.473   1.822   0.879  44  44  31  31
  L101-S481      1297.968  2872.571  16.767   0.046 1.71700    5.428327  17.807   0.916   1.128   0.559  29  28  23  23
  L101-S484      1686.537  3280.214  16.522   0.037 1.71700    5.428327  17.341   0.681   0.748   0.323  20  18  15  15
  L101-S495       226.093  4039.022  17.190   0.067 1.71700    5.428327  18.504   0.865   1.074   0.506  50  50  35  35
  L101-S497      1436.913  4105.897   0.000   0.000 1.71700    5.428327  19.135   1.477   1.856   0.889  29  17  29  29
  L104-440        150.126  4025.105  14.539   0.007 1.72800    1.750587  15.119   0.453   0.629   0.330  91  72  90  53
  L104-L1        1007.981  2638.011  16.123   0.027 1.72800    1.750587  16.744   0.567   0.682   0.353  40  35  40  20
  L104-S88        192.860     1.504   0.000   0.000 1.72800    1.750587  16.119   0.758   0.869   0.432  23  22  21  15
  L104-S89        266.755    49.327  18.469   0.231 1.72800    1.750587  20.376   0.563   0.709  80.332  13   6  12   0
  L104-S93        619.985   236.513  17.997   0.149 1.72800    1.750587  20.426   0.879   1.056  80.629  11   5  11   0
  L104-S97        714.388   263.423  13.480   0.003 1.72800    1.750587  14.237   0.662   0.767   0.379  20  17  18  14
  L104-S119       648.448  1734.053  16.525   0.041 1.72800    1.750587  19.111   1.644   2.538   1.499  48  12  48  41
  L104-S174      1131.091  3613.668  17.426   0.086 1.72800    1.750587  19.572  80.427   2.065   1.086  22   0  22  17
  L104-S386        23.962    47.445  14.324   0.006 1.72800    1.750587  15.260   0.779   0.875   0.416  23  22  22  16
  L104-S402       426.728   555.536  16.840   0.051 1.72800    1.750587  17.681   0.646   0.791   0.382  42  40  42  24
  L104-S407       420.954   649.370  16.128   0.027 1.72800    1.750587  16.846   0.591   0.726   0.347  43  41  43  26
  L104-S413       411.867   846.980  17.729   0.117 1.72800    1.750587  18.665   0.638   0.819   0.396  40  39  40  26
  L104-S414       685.079   864.485  16.621   0.043 1.72800    1.750587  17.891   0.982   1.209   0.535  41  39  41  24
  L104-S419       336.826   915.961  17.106   0.067 1.72800    1.750587  18.707   1.286   1.539   0.694  40  28  40  26
  L104-S422       625.805   978.022  14.315   0.006 1.72800    1.750587  15.029   0.655   0.732   0.360  41  39  41  24
  L104-S430       580.459  1167.715  16.907   0.055 1.72800    1.750587  18.802   1.394   1.748   0.847  50  31  50  40
  L104-S440       124.599  1529.077  15.907   0.023 1.72800    1.750587  16.585   0.591   0.701   0.358  63  56  63  43
  L104-S441       698.077  1542.325  17.007   0.063 1.72800    1.750587  17.733   0.496   0.614   0.322  61  54  61  41
  L104-S445       846.262  1664.376  15.657   0.019 1.72800    1.750587  16.672   0.877   1.026   0.475  60  54  60  41
  L104-S453        25.661  2007.802  17.821   0.134 1.72800    1.750587  18.854   0.569   0.714   0.382  58  52  58  43
  L104-S468       536.190  2308.083  13.903   0.004 1.72800    1.750587  14.587   0.624   0.737   0.376  53  45  50  36
  L104-S470       542.330  2394.471  17.989   0.146 1.72800    1.750587  18.779   0.484   0.630   0.349  54  46  54  37
  L104-S472      1032.918  2569.966  16.617   0.041 1.72800    1.750587  17.803   0.921   1.136   0.518  41  35  41  21
  L104-S478       111.999  3065.253  14.165   0.005 1.72800    1.750587  14.830   0.620   0.715   0.356  79  64  79  45
  L104-S479       580.015  3236.194  16.093   0.028 1.72800    1.750587  16.942   0.637   0.763   0.374  75  61  75  42
  L104-S484       346.714  3796.485  14.115   0.006 1.72800    1.750587  14.890   0.749   0.828   0.400  79  62  79  39
  L104-S485        88.088  4007.073  16.373   0.036 1.72800    1.750587  18.079   1.327   1.698   0.819  75  53  75  42
  L104-S624      1183.941   851.094  15.987   0.024 1.72800    1.750587  17.069   0.922   1.120   0.509  33  33  33  20
  L104-S631      1813.355  2250.656  14.158   0.005 1.72800    1.750587  14.928   0.676   0.791   0.412  25  24  25  14
  L104-S632       949.970  2289.672  16.718   0.045 1.72800    1.750587  17.657   0.935   1.031   0.510  28  25  28  17
  L104-S633      1310.489  2521.271  16.542   0.039 1.72800    1.750587  17.874   0.999   1.229   0.558  36  30  36  17
  L104-S634      1539.677  2638.669  14.223   0.006 1.72800    1.750587  15.122   0.827   0.962   0.457  37  31  37  17
  L104-S637      1303.488  2845.527  15.728   0.019 1.72800    1.750587  16.631   0.833   0.980   0.468  40  33  40  20
  L104-S638      1904.903  3045.773  14.198   0.006 1.72800    1.750587  14.901   0.576   0.729   0.369  39  32  39  17
  L104-S639      1749.075  3066.618  16.321   0.034 1.72800    1.750587  17.006   0.615   0.730   0.373  40  33  40  17
  L104-S642      1444.784  3559.054  14.595   0.008 1.72800    1.750587  16.069   1.249   1.497   0.675  50  38  50  20
  L104-S711       840.063  2080.280  18.576   0.250 1.72800    1.750587  19.287   0.713   0.837   0.442  41  34  41  36
  L104-S713       370.003  2124.953  20.099   1.034 1.72800    1.750587  20.379   0.546   0.643   0.375  15  10  15  17
  L104-S721       451.011  2528.299  19.828   0.805 1.72800    1.750587  19.619   0.594   0.736   0.393  39  28  36  30
  L104-S728       187.423  2999.830  19.606   0.670 1.72800    1.750587  19.755   0.561   0.676   0.383  20  15  19  19
  L104-S730       496.569  3128.532  19.002   0.396 1.72800    1.750587  19.731   0.465   0.639   0.347  30  30  23  23
  L104-S734       894.782  3309.777  14.761   0.008 1.72800    1.750587  15.497   0.628   0.761   0.378  69  54  67  32
  L104-S738       540.030  3555.767  18.359   0.204 1.72800    1.750587  20.337  79.662   1.774   0.855  17   0  17  27
  L104-S743       637.087  3887.775  18.238   0.193 1.72800    1.750587  19.526   0.609   0.777   0.399  43  33  41  32
  L104-S744        41.737  3915.435  18.423   0.236 1.72800    1.750587  19.898   0.663   0.847   0.414  26  18  26  25
  L104-L1         852.256  2645.366  16.079   0.024 1.15100    5.199145  16.744   0.567   0.682   0.353  40  35  40  20
  L104-S97        557.604   272.522  13.438   0.003 1.15100    5.199145  14.237   0.662   0.767   0.379  20  17  18  14
  L104-S119       492.533  1741.635  16.546   0.035 1.15100    5.199145  19.111   1.644   2.538   1.499  48  12  48  41
  L104-S402       270.506   564.053  16.866   0.045 1.15100    5.199145  17.681   0.646   0.791   0.382  42  40  42  24
  L104-S407       264.693   657.864  16.130   0.023 1.15100    5.199145  16.846   0.591   0.726   0.347  43  41  43  26
  L104-S414       528.717   873.062  16.571   0.034 1.15100    5.199145  17.891   0.982   1.209   0.535  41  39  41  24
  L104-S422       469.562   986.311  14.282   0.005 1.15100    5.199145  15.029   0.655   0.732   0.360  41  39  41  24
  L104-S430       424.403  1175.773  17.003   0.049 1.15100    5.199145  18.802   1.394   1.748   0.847  50  31  50  40
  L104-S445       689.795  1672.173  15.676   0.016 1.15100    5.199145  16.672   0.877   1.026   0.475  60  54  60  41
  L104-S468       381.033  2315.340  13.860   0.004 1.15100    5.199145  14.587   0.624   0.737   0.376  53  45  50  36
  L104-S472       876.900  2577.310  16.573   0.035 1.15100    5.199145  17.803   0.921   1.136   0.518  41  35  41  21
  L104-S479       425.155  3243.138  16.178   0.026 1.15100    5.199145  16.942   0.637   0.763   0.374  75  61  75  42
  L104-S484       192.122  3803.301  14.059   0.005 1.15100    5.199145  14.890   0.749   0.828   0.400  79  62  79  39
  L104-S624      1026.121   859.942  15.967   0.021 1.15100    5.199145  17.069   0.922   1.120   0.509  33  33  33  20
  L104-S628      1987.349  1834.152  15.409   0.013 1.15100    5.199145  16.157   0.637   0.710   0.374  26  24  26  15
  L104-S631      1655.755  2258.810  14.159   0.005 1.15100    5.199145  14.928   0.676   0.791   0.412  25  24  25  14
  L104-S632       794.001  2297.113  16.600   0.036 1.15100    5.199145  17.657   0.935   1.031   0.510  28  25  28  17
  L104-S633      1153.915  2528.917  16.577   0.037 1.15100    5.199145  17.874   0.999   1.229   0.558  36  30  36  17
  L104-S634      1383.001  2646.258  14.182   0.005 1.15100    5.199145  15.122   0.827   0.962   0.457  37  31  37  17
  L104-S637      1147.167  2852.981  15.679   0.017 1.15100    5.199145  16.631   0.833   0.980   0.468  40  33  40  20
  L104-S638      1747.830  3053.441  14.185   0.005 1.15100    5.199145  14.901   0.576   0.729   0.369  39  32  39  17
  L104-S639      1592.171  3074.103  16.267   0.028 1.15100    5.199145  17.006   0.615   0.730   0.373  40  33  40  17
  L104-S642      1288.660  3566.372  14.541   0.006 1.15100    5.199145  16.069   1.249   1.497   0.675  50  38  50  20
b L104-S734       739.382  3316.928  14.754   0.008 1.15100    5.199145  15.497   0.628   0.761   0.378  69  54  67  32
  L107-720       1603.914  1013.683  12.380   0.002 1.39000    5.658227  13.098   0.630   0.727   0.361  30  18  30  17
  L107-S154      1045.650  3555.200  16.904   0.045 1.39000    5.658227  17.797   0.556   0.754   0.402  39  29  37  24
  L107-S155      1131.288  3584.366  15.998   0.021 1.39000    5.658227  16.950   0.951   1.021   0.500  38  29  37  24
  L107-S157      1358.745  3617.651  15.991   0.021 1.39000    5.658227  16.747   0.623   0.788   0.402  40  29  37  24
  L107-S163      1418.085  3714.810  16.818   0.042 1.39000    5.658227  17.539   0.596   0.763   0.391  40  24  37  18
  L107-S165      1901.184  3721.818  16.948   0.049 1.39000    5.658227  17.607   0.526   0.723   0.380  31  18  30  17
  L107-S183       561.923  3971.085  14.779   0.008 1.39000    5.658227  16.506   1.377   1.724   0.795  45  34  43  29
  L107-S184       204.034  3998.891  15.140   0.010 1.39000    5.658227  16.140   0.941   1.058   0.481  72  50  69  47
  L107-S185      1041.586  4002.866  16.930   0.048 1.39000    5.658227  18.563   1.197   1.520   0.691  39  25  39  28
  L107-S188       295.864  4028.838  16.465   0.032 1.39000    5.658227  17.665   0.931   1.130   0.506  71  51  67  47
  L107-S189      1448.138  4034.047  15.307   0.012 1.39000    5.658227  16.059   0.656   0.806   0.400  41  30  40  22
  L107-S410       785.550  1218.079  14.587   0.007 1.39000    5.658227  15.463   0.683   0.874   0.450  33  22  33  19
  L107-S416       541.429  1271.832  15.220   0.010 1.39000    5.658227  16.311   0.915   1.082   0.545  33  25  33  19
  L107-S417       603.449  1284.503  16.732   0.039 1.39000    5.658227  17.455   0.612   0.770   0.400  36  25  36  19
  L107-S422       604.858  1454.407  16.185   0.025 1.39000    5.658227  16.956   0.545   0.758   0.396  39  30  39  25
  L107-S427       851.729  1579.094  14.880   0.008 1.39000    5.658227  15.983   0.952   1.107   0.501  39  30  38  25
  L107-S430      1153.060  1700.992  16.989   0.049 1.39000    5.658227  17.908   0.686   0.831   0.429  35  29  35  24
  L107-S434       833.191  1769.978  14.130   0.005 1.39000    5.658227  14.274   0.110   0.153   0.109  39  25  38  19
  L107-S455       353.646  2123.139  16.839   0.044 1.39000    5.658227  17.865   0.864   1.086   0.496  46  35  46  33
  L107-S460       377.650  2230.121  16.901   0.047 1.39000    5.658227  17.820   0.510   0.720   0.378  35  23  33  19
  L107-S463       168.270  2274.608  15.084   0.010 1.39000    5.658227  15.898   0.714   0.834   0.413  62  41  62  37
  L107-S466       186.804  2399.075  16.729   0.038 1.39000    5.658227  18.810   1.578   2.052   1.039  58  37  58  42
  L107-S472       118.950  2588.199  16.173   0.025 1.39000    5.658227  17.320   0.924   1.146   0.544  49  34  49  30
  L107-S475       207.641  2602.507  14.310   0.005 1.39000    5.658227  15.148   0.798   0.868   0.410  48  34  48  30
  L107-S480       651.904  2751.016  16.497   0.033 1.39000    5.658227  17.714   1.000   1.233   0.557  40  28  32  22
  L107-S491      1359.719  2984.869  15.666   0.016 1.39000    5.658227  16.643   0.804   0.970   0.494  40  29  37  24
  L107-S492       117.638  3017.192  15.570   0.015 1.39000    5.658227  16.360   0.669   0.809   0.401  73  47  69  46
  L107-S494       406.349  3029.107  16.195   0.025 1.39000    5.658227  17.029   0.615   0.788   0.404  45  29  40  25
  L107-S497      1293.872  3110.453  16.660   0.037 1.39000    5.658227  18.316   1.332   1.698   0.779  33  22  32  24
  L107-S499      1371.146  3128.374  15.741   0.017 1.39000    5.658227  16.649   0.709   0.926   0.483  36  26  30  24
  L107-S500        52.689  3152.345  15.087   0.009 1.39000    5.658227  16.187   0.937   1.147   0.560  68  46  63  46
  L107-S503       113.995  3225.354  15.712   0.016 1.39000    5.658227  16.506   0.723   0.872   0.438  73  48  69  46
  L107-S506        71.134  3316.966  15.921   0.019 1.39000    5.658227  17.462   1.139   1.517   0.734  73  48  69  46
  L107-S507       353.337  3327.781  16.846   0.044 1.39000    5.658227  18.801   1.539   1.999   0.992  39  19  39  25
  L107-S513       447.689  3460.167  16.397   0.030 1.39000    5.658227  17.053   0.498   0.688   0.369  43  30  40  25
  L107-S514       802.748  3469.831  15.401   0.013 1.39000    5.658227  16.394   0.838   1.020   0.507  43  30  38  25
  L107-S518       612.554  3583.250  14.651   0.007 1.39000    5.658227  15.386   0.573   0.750   0.386  41  30  40  25
  L107-S522       568.670  3690.672  14.166   0.005 1.39000    5.658227  15.083   0.830   0.949   0.452  43  30  40  25
  L107-S533       408.043  3910.901  16.791   0.043 1.39000    5.658227  19.754  80.245   2.874   1.682  26   0  26  24
  L107-S1015      634.189  3492.848  16.601   0.035 1.39000    5.658227  19.506  80.493   2.547   1.452  30   0  30  23
  L107-S1408     1650.079   237.583  16.061   0.022 1.39000    5.658227  17.881   1.425   1.766   0.811  22  10  22  11
  L107-S1409     1596.150   318.677  13.894   0.004 1.39000    5.658227  15.415   1.215   1.474   0.636  26  13  26  12
  L107-S1413     1480.255   450.031  16.746   0.041 1.39000    5.658227  17.913   0.974   0.959   0.469  29  17  29  17
  L107-S1425     1933.715   736.358  12.862   0.002 1.39000    5.658227  13.647   0.636   0.766   0.396  22  13  22  16
  L107-S1434     1451.636  1236.134  15.476   0.013 1.39000    5.658227  16.414   0.806   0.929   0.454  29  19  28  18
  L107-S1435     1878.311  1242.391  14.955   0.009 1.39000    5.658227  15.966   0.856   0.979   0.468  23  15  23  17
  L107-S1469     1957.012  2059.875  16.384   0.030 1.39000    5.658227  18.047   1.283   1.525   0.653  27  15  27  17
  L107-S1472     1530.082  2108.267  16.478   0.032 1.39000    5.658227  17.187   0.547   0.733   0.390  33  23  33  18
  L107-S1477     1056.943  2259.935  14.532   0.006 1.39000    5.658227  15.488   0.879   0.971   0.451  35  25  34  19
  L107-S1485     1316.642  2532.300  16.827   0.042 1.39000    5.658227  17.735   0.781   0.914   0.457  35  29  35  24
  L107-S1486      935.937  2622.962  15.933   0.019 1.39000    5.658227  17.346   1.162   1.383   0.611  34  29  34  24
  L107-S1488     1886.054  2738.220  16.962   0.050 1.39000    5.658227  19.244  80.755   2.147   1.129  22   0  22  11
  L107-S1496     1979.726  2874.416  16.715   0.042 1.39000    5.658227  17.485   0.692   0.830   0.424  28  15  25  13
  L107-S1498      499.977  2967.411  13.883   0.004 1.39000    5.658227  14.656   0.679   0.803   0.396  36  30  36  25
  L107-720       1489.862  1030.412  12.377   0.002 1.17700    8.703643  13.098   0.630   0.727   0.361  30  18  30  17
  L107-S154       933.356  3570.625  16.927   0.048 1.17700    8.703643  17.797   0.556   0.754   0.402  39  29  37  24
  L107-S155      1018.899  3599.835  15.874   0.019 1.17700    8.703643  16.950   0.951   1.021   0.500  38  29  37  24
  L107-S157      1246.080  3632.984  15.907   0.020 1.17700    8.703643  16.747   0.623   0.788   0.402  40  29  37  24
  L107-S163      1305.436  3729.953  16.727   0.041 1.17700    8.703643  17.539   0.596   0.763   0.391  40  24  37  18
  L107-S183       450.284  3986.137  14.758   0.008 1.17700    8.703643  16.506   1.377   1.724   0.795  45  34  43  29
  L107-S184        92.950  4013.668  15.096   0.010 1.17700    8.703643  16.140   0.941   1.058   0.481  72  50  69  47
  L107-S185       929.539  4017.939  16.933   0.049 1.17700    8.703643  18.563   1.197   1.520   0.691  39  25  39  28
  L107-S188       184.739  4043.698  16.501   0.033 1.17700    8.703643  17.665   0.931   1.130   0.506  71  51  67  47
  L107-S189      1335.325  4049.100  15.277   0.012 1.17700    8.703643  16.059   0.656   0.806   0.400  41  30  40  22
  L107-S410       672.629  1234.130  14.592   0.007 1.17700    8.703643  15.463   0.683   0.874   0.450  33  22  33  19
  L107-S416       429.221  1287.569  15.236   0.011 1.17700    8.703643  16.311   0.915   1.082   0.545  33  25  33  19
  L107-S417       490.911  1300.295  16.716   0.041 1.17700    8.703643  17.455   0.612   0.770   0.400  36  25  36  19
  L107-S418        86.380  1323.952  14.782   0.008 1.17700    8.703643  15.692   0.809   0.922   0.452  58  41  57  37
  L107-S422       492.547  1470.347  16.213   0.025 1.17700    8.703643  16.956   0.545   0.758   0.396  39  30  39  25
  L107-S427       738.871  1595.051  14.894   0.009 1.17700    8.703643  15.983   0.952   1.107   0.501  39  30  38  25
  L107-S434       720.696  1785.773  14.158   0.005 1.17700    8.703643  14.274   0.110   0.153   0.109  39  25  38  19
  L107-S455       241.716  2138.695  16.798   0.044 1.17700    8.703643  17.865   0.864   1.086   0.496  46  35  46  33
  L107-S460       265.707  2245.726  16.958   0.050 1.17700    8.703643  17.820   0.510   0.720   0.378  35  23  33  19
  L107-S463        56.789  2290.037  15.095   0.010 1.17700    8.703643  15.898   0.714   0.834   0.413  62  41  62  37
  L107-S466        75.083  2414.312  16.649   0.038 1.17700    8.703643  18.810   1.578   2.052   1.039  58  37  58  42
  L107-S475        96.003  2617.847  14.303   0.005 1.17700    8.703643  15.148   0.798   0.868   0.410  48  34  48  30
  L107-S480       539.788  2766.370  16.409   0.030 1.17700    8.703643  17.714   1.000   1.233   0.557  40  28  32  22
  L107-S491      1247.027  3000.287  15.675   0.016 1.17700    8.703643  16.643   0.804   0.970   0.494  40  29  37  24
  L107-S494       294.755  3044.190  16.015   0.022 1.17700    8.703643  17.029   0.615   0.788   0.404  45  29  40  25
  L107-S497      1181.307  3125.876  16.611   0.037 1.17700    8.703643  18.316   1.332   1.698   0.779  33  22  32  24
  L107-S499      1258.548  3143.857  15.686   0.016 1.17700    8.703643  16.649   0.709   0.926   0.483  36  26  30  24
  L107-S507       241.876  3342.771  16.915   0.050 1.17700    8.703643  18.801   1.539   1.999   0.992  39  19  39  25
  L107-S513       335.971  3475.165  16.418   0.031 1.17700    8.703643  17.053   0.498   0.688   0.369  43  30  40  25
  L107-S514       690.739  3484.978  15.370   0.013 1.17700    8.703643  16.394   0.838   1.020   0.507  43  30  38  25
  L107-S518       500.683  3598.416  14.659   0.007 1.17700    8.703643  15.386   0.573   0.750   0.386  41  30  40  25
  L107-S522       456.881  3705.702  14.152   0.005 1.17700    8.703643  15.083   0.830   0.949   0.452  43  30  40  25
  L107-S533       296.594  3925.873  16.735   0.042 1.17700    8.703643  19.754  80.245   2.874   1.682  26   0  26  24
  L107-S1015      522.131  3507.853  16.892   0.047 1.17700    8.703643  19.506  80.493   2.547   1.452  30   0  30  23
  L107-S1028     1507.554  3941.288  16.917   0.048 1.17700    8.703643  19.101  80.898   2.086   1.066  30   0  30  20
  L107-S1408     1535.541   254.909  16.001   0.021 1.17700    8.703643  17.881   1.425   1.766   0.811  22  10  22  11
  L107-S1409     1481.356   335.816  13.898   0.004 1.17700    8.703643  15.415   1.215   1.474   0.636  26  13  26  12
  L107-S1413     1365.756   467.081  16.809   0.043 1.17700    8.703643  17.913   0.974   0.959   0.469  29  17  29  17
  L107-S1425     1818.852   753.462  12.857   0.002 1.17700    8.703643  13.647   0.636   0.766   0.396  22  13  22  16
  L107-S1434     1337.818  1252.790  15.467   0.013 1.17700    8.703643  16.414   0.806   0.929   0.454  29  19  28  18
  L107-S1435     1763.782  1259.278  14.962   0.009 1.17700    8.703643  15.966   0.856   0.979   0.468  23  15  23  17
  L107-S1469     1842.987  2076.075  16.446   0.032 1.17700    8.703643  18.047   1.283   1.525   0.653  27  15  27  17
  L107-S1472     1416.704  2124.313  16.463   0.032 1.17700    8.703643  17.187   0.547   0.733   0.390  33  23  33  18
  L107-S1477      944.310  2275.579  14.535   0.006 1.17700    8.703643  15.488   0.879   0.971   0.451  35  25  34  19
  L107-S1485     1203.806  2548.024  16.765   0.042 1.17700    8.703643  17.735   0.781   0.914   0.457  35  29  35  24
  L107-S1486      823.657  2638.331  15.915   0.020 1.17700    8.703643  17.346   1.162   1.383   0.611  34  29  34  24
  L107-S1495     2005.025  2887.293  13.224   0.003 1.17700    8.703643  14.120   0.772   0.890   0.436  28  15  25  13
  L107-S1496     1865.835  2890.187  16.597   0.039 1.17700    8.703643  17.485   0.692   0.830   0.424  28  15  25  13
  L107-S1498      388.140  2982.714  13.864   0.004 1.17700    8.703643  14.656   0.679   0.803   0.396  36  30  36  25
  L107-S1512     1961.342  3687.871  15.048   0.010 1.17700    8.703643  15.965   0.757   0.899   0.444  32  18  30  17
c L110-S264       902.736   939.055  13.085   0.003 1.34700    8.922780  16.266   2.701   3.200   1.487  18  14  18  19
c L110-S266       840.596   979.098  14.238   0.006 1.34700    8.922780  16.531   1.886   2.311   1.171  19  15  19  19
  L110-S270       292.681  1079.805  14.232   0.006 1.34700    8.922780  17.059  82.940   2.891   1.450  21   0  21  18
  L110-S272      1627.804  1162.544  13.510   0.004 1.34700    8.922780  17.421  82.578   3.930   1.755  16   0  16  14
  L110-S276      1025.128  1243.257  14.019   0.005 1.34700    8.922780  16.485   1.987   2.488   1.243  16  14  16  17
  L110-S285      1841.847  1434.921  14.270   0.006 1.34700    8.922780  16.505   1.553   2.169   1.162  18  15  18  19
  L110-S286      1904.923  1435.835  13.322   0.003 1.34700    8.922780  15.293   1.456   1.890   0.942  14  12  14  14
b L110-S289      1278.692  1657.538  13.581   0.003 1.34700    8.922780  18.093  81.906   4.556   1.948  18   0  18  20
c L110-S291      1451.053  1693.144  13.753   0.004 1.34700    8.922780  17.523  82.476   3.789   1.665  18   0  18  20
  L110-S293      1935.549  1755.588  14.213   0.006 1.34700    8.922780  17.055   2.286   2.856   1.373  14   8  14  14
  L110-S304       190.688  2001.803  14.242   0.006 1.34700    8.922780  16.650   1.987   2.497   1.253  23  14  21  19
c L110-S306      1716.735  2064.964  13.997   0.005 1.34700    8.922780  17.495  82.504   3.481   1.546  18   0  18  20
  L110-S313      2029.770  2407.748  14.318   0.007 1.34700    8.922780  16.488   1.532   2.095   1.087  15  12  14  14
  L110-S333       966.842  3100.154  11.894   0.001 1.34700    8.922780  14.138   1.880   2.308   1.174  33  25  33  32
  L110-S339       975.487  3208.063  13.713   0.004 1.34700    8.922780  15.732   1.666   2.048   1.012  37  29  37  35
  L110-S341      1050.742  3297.882  12.308   0.002 1.34700    8.922780  13.970   1.393   1.705   0.860  42  33  42  34
  L110-S343       353.005  3389.058  13.229   0.003 1.34700    8.922780  16.822   2.949   3.631   1.625  45  33  45  35
  L110-S344      1403.984  3410.221  12.160   0.001 1.34700    8.922780  13.684   1.266   1.574   0.814  42  33  42  35
  L110-S345      1253.889  3429.180  14.210   0.006 1.34700    8.922780  15.993   1.543   1.814   0.844  42  33  42  35
  L110-S347      1215.918  3511.562  12.680   0.002 1.34700    8.922780  13.664   0.928   1.019   0.487  42  33  42  34
b L110-S354      1022.183  3797.874  13.763   0.004 1.34700    8.922780  17.389   3.125   3.669   1.596  42  20  42  35
c L110-S357      1877.927  3862.350  12.291   0.002 1.34700    8.922780  14.519   1.807   2.212   1.147  38  30  36  32
c L110-S693       799.717  1347.999  12.877   0.002 1.34700    8.922780  14.598   1.417   1.730   0.886  18  15  18  18
  L110-S696       856.142  1413.165  14.398   0.007 1.34700    8.922780  17.183   2.200   2.793   1.340  19  12  19  19
c L110-S698      1715.531  1432.431  15.135   0.012 1.34700    8.922780  18.281  81.718   3.090   1.431  18   0  18  18
  L110-S705      1711.406  1496.098  14.901   0.010 1.34700    8.922780  16.904   1.594   1.956   0.905  18  15  18  19
  L110-S717      1111.211  1680.076  15.004   0.011 1.34700    8.922780  17.832  82.167   2.868   1.376  18   0  18  19
  L110-S723       620.005  1748.190  14.555   0.008 1.34700    8.922780  17.920  82.079   3.413   1.554  19   0  19  19
c L110-S736       814.909  1850.870  12.710   0.002 1.34700    8.922780  15.205   1.655   2.454   1.433  19  15  19  19
  L110-S758       857.450  2341.237  15.002   0.011 1.34700    8.922780  17.597   2.197   2.652   1.321  18   9  18  19
c L110-S780      1454.867  2622.475  15.475   0.019 1.34700    8.922780  18.488   2.398   2.965   1.413  30  13  30  32
  L110-S783      1161.818  2647.997  15.252   0.013 1.34700    8.922780  18.278   2.457   3.115   1.502  30  13  30  32
c L110-S785      1509.703  2659.429  14.845   0.011 1.34700    8.922780  18.601  81.398   3.783   1.637  30   0  30  33
  L110-S786       599.016  2668.862  14.739   0.009 1.34700    8.922780  18.261  81.738   3.587   1.591  32   0  32  33
  L110-S788       798.904  2694.982  16.190   0.029 1.34700    8.922780  19.009   2.328   2.855   1.340  27  10  27  35
  L110-S790       861.831  2700.967  15.284   0.014 1.34700    8.922780  17.969   2.199   2.708   1.292  36  16  36  36
  L110-S794      1699.920  2748.847  14.054   0.005 1.34700    8.922780  18.353  81.646   4.304   1.836  33   0  33  36
  L110-S801      1403.673  2868.561  16.356   0.035 1.34700    8.922780  19.210  80.789   3.012   1.427  25   0  25  36
  L110-S805       908.770  2928.464  15.246   0.013 1.34700    8.922780  18.074   2.306   2.872   1.368  37  15  37  36
c L110-S823      1824.647  3127.180  14.743   0.010 1.34700    8.922780  17.423  82.576   2.711   1.295  20   0  20  18
  L110-S834      1763.629  3250.123  15.692   0.020 1.34700    8.922780  18.561   2.274   2.876   1.378  39  17  39  35
c L110-S835      1372.886  3260.525  15.052   0.012 1.34700    8.922780  18.077   2.522   3.062   1.451  41  18  41  35
  L110-S870        65.048  3580.186  14.023   0.005 1.34700    8.922780  17.951  82.048   3.958   1.710  49   0  47  36
  L110-S879      1864.115  3717.924  15.823   0.022 1.34700    8.922780  19.305  80.694   2.818   1.339  29   0  29  32
  L110-S880      1601.072  3721.616  14.505   0.007 1.34700    8.922780  17.475   2.472   2.986   1.384  42  27  42  36
  L110-S884      1399.790  3767.431  16.374   0.035 1.34700    8.922780  18.993   2.217   2.729   1.355  34  12  34  36
  L110-S891      1975.409  3838.169  15.880   0.024 1.34700    8.922780  18.556   2.214   2.717   1.305  35  18  35  32
  L110-S893      1127.033  3840.008  16.426   0.036 1.34700    8.922780  19.183   2.321   2.797   1.325  31  12  31  34
c L110-S898      1372.021  3933.952  13.960   0.005 1.34700    8.922780  18.116   3.356   4.124   1.787  40  13  40  35
  L110-S902       286.143  3945.841  14.763   0.010 1.34700    8.922780  17.309   2.066   2.583   1.216  48  31  42  36
  L110-S908      1037.901  4009.033  15.352   0.015 1.34700    8.922780  17.818   1.714   2.489   1.365  45  30  45  36
  L110-S910       322.187  4019.380  16.044   0.026 1.34700    8.922780  18.951   2.326   2.897   1.348  39  16  39  36
  L110-S915       192.142  4038.933  15.292   0.014 1.34700    8.922780  18.271   2.402   2.982   1.367  55  22  50  36
  L111-S186       435.046   390.423  14.917   0.010 1.54900    9.131989  16.516   1.466   1.592  85.075   6   6   6   0
  L111-S193       260.378   647.704  15.189   0.012 1.54900    9.131989  16.407   1.053   1.212  84.804   6   6   6   0
  L111-S196       187.928   849.067  14.881   0.010 1.54900    9.131989  16.565   1.624   1.732  85.166   6   6   6   0
  L111-S199        87.923   874.334  15.307   0.014 1.54900    9.131989  16.646   1.231   1.385  84.738   6   6   6   0
  L111-S201      1309.483  1214.160  14.080   0.005 1.54900    9.131989  15.122   0.876   1.073  85.950   6   6   6   0
  L111-S202      1831.054  1225.075  12.411   0.002 1.54900    9.131989  14.170   1.605   1.775  87.604   8   6   8   0
  L111-S204      1436.781  1266.698  13.110   0.003 1.54900    9.131989  14.175   0.925   1.090  86.914   6   6   6   0
  L111-S206       885.500  1307.436  12.226   0.002 1.54900    9.131989  13.757   1.441   1.584  87.826   6   6   6   0
  L111-S210       291.130  1433.214  13.187   0.003 1.54900    9.131989  14.400   1.098   1.261  86.860   6   6   6   0
  L111-S211       544.009  1469.311  13.546   0.003 1.54900    9.131989  14.608   0.889   1.100  86.491   6   6   6   0
  L111-S216      1055.619  1612.989  14.235   0.006 1.54900    9.131989  15.373   0.965   1.160  85.786   6   6   6   0
  L111-S219       162.007  1721.193  15.689   0.019 1.54900    9.131989  17.425   1.509   1.770  84.344   6   6   6   0
  L111-S222      1474.706  1827.089  13.431   0.003 1.54900    9.131989  14.765   1.168   1.357  86.591   6   6   6   0
b L111-S226      1792.540  1887.196  11.790   0.001 1.54900    9.131989  13.344   1.631   1.804  88.459   6   6   6   0
  L111-S228      1259.141  1923.104  12.910   0.002 1.54900    9.131989  14.550   1.465   1.687  87.136   6   6   6   0
  L111-S230       735.808  1947.202  14.361   0.007 1.54900    9.131989  15.465   1.014   1.162  85.696   6   6   6   0
  L111-S231      1489.313  1977.110  12.619   0.002 1.54900    9.131989  14.132   1.373   1.549  87.416   6   6   6   0
  L111-S233      1715.797  1998.501  13.751   0.004 1.54900    9.131989  14.807   0.916   1.076  86.268   6   6   6   0
  L111-S242       174.766  2221.975  15.732   0.021 1.54900    9.131989  17.003   1.193   1.361  84.357   7   7   6   0
  L111-S245      1350.821  2405.804  14.987   0.011 1.54900    9.131989  16.267   1.107   1.313  85.045   6   6   6   0
  L111-S246      1772.468  2415.295  11.601   0.001 1.54900    9.131989  12.558   0.849   0.974  88.415   6   6   6   0
  L111-S250      1514.981  2490.987  14.096   0.005 1.54900    9.131989  16.221   1.663   2.137  85.915   6   6   6   0
  L111-S253       416.881  2688.162  14.723   0.009 1.54900    9.131989  15.887   1.098   1.233  85.345   8   7   6   0
  L111-S256      1962.823  2807.196  11.833   0.001 1.54900    9.131989  13.680   1.656   1.866  88.185   6   6   6   0
  L111-S258      1025.718  2959.870  15.705   0.019 1.54900    9.131989  16.906   1.026   1.220  84.313   5   5   5   0
  L111-S266       202.704  3313.191  16.146   0.030 1.54900    9.131989  17.180   0.930   1.105  83.924  11  10   6   0
  L111-S268      1434.609  3378.719  14.131   0.006 1.54900    9.131989  15.114   0.838   1.009  85.894   6   6   6   0
  L111-S269       710.959  3404.609  14.045   0.005 1.54900    9.131989  15.900   1.692   1.897  85.996   6   6   6   0
  L111-S270       798.523  3443.779  15.949   0.025 1.54900    9.131989  17.330   1.260   1.450  84.119   6   6   6   0
  L111-S273      1538.812  3520.520  11.872   0.001 1.54900    9.131989  13.510   1.568   1.685  88.174   6   6   6   0
  L111-S274      1062.953  3545.079  12.613   0.002 1.54900    9.131989  13.852   1.189   1.296  87.443   6   6   6   0
  L111-S284      1371.765  3781.101  11.821   0.001 1.54900    9.131989  13.506   1.608   1.739  88.232   6   6   6   0
  L111-S285       909.016  3801.661  12.880   0.002 1.54900    9.131989  13.916   0.949   1.090  87.173   6   6   6   0
  L111-S287      1767.103  3867.399  14.451   0.007 1.54900    9.131989  15.544   1.013   1.127  85.582   6   6   6   0
  L111-S288       326.803  3883.025  13.170   0.003 1.54900    9.131989  14.540   1.314   1.449  86.908   6   6   6   0
  L111-S289       880.078  3923.794  13.265   0.003 1.54900    9.131989  14.606   1.257   1.406  86.799   6   6   6   0
  L111-S290       474.821  3930.545  12.019   0.001 1.54900    9.131989  13.828   1.667   1.873  88.044   6   6   6   0
b L111-S291      1666.813  3946.533  13.930   0.005 1.54900    9.131989  15.163   1.068   1.290  86.126   6   6   6   0
  L111-S292      1834.957  3964.676  13.712   0.004 1.54900    9.131989  15.279   1.398   1.561  86.281   6   6   6   0
  L111-S298        65.092  4077.424  13.883   0.005 1.54900    9.131989  14.849   0.898   1.064  86.214   6   6   6   0
  L98-966         450.106  4029.061  13.408   0.003 1.20000    0.244591  14.001   0.492   0.622   0.338 150 150 132  74
  L98-S8          289.118  3695.338  14.140   0.005 1.20000    0.244591  14.852   0.561   0.812   0.424 129 125 115  75
  L98-S13         263.891  3728.723  15.077   0.012 1.20000    0.244591  15.982   0.843   0.951   0.449 140 130 124  79
  L98-S19         303.563  3771.954  15.571   0.019 1.20000    0.244591  16.603   0.948   1.058   0.503 132 125 118  72
  L98-S21         201.829  3778.673  15.834   0.021 1.20000    0.244591  16.711   0.696   0.946   0.523 130 123 118  73
  L98-S24         338.923  3791.637  12.213   0.001 1.20000    0.244591  12.824   0.541   0.632   0.306 136 132 121  70
  L98-S28         313.659  3832.628  15.248   0.013 1.20000    0.244591  16.279   0.840   1.065   0.543 145 143 128  73
  L98-S33          39.508  3863.188  13.404   0.003 1.20000    0.244591  14.033   0.507   0.643   0.320 148 144 126  68
  L98-S57         472.058  4052.396  15.492   0.017 1.20000    0.244591  16.866   0.805   0.999   0.507 150 146 134  67
  L98-S804        586.920  1372.781  14.087   0.005 1.20000    0.244591  15.902   1.589   1.851   0.912  54  53  42  20
  L98-S805        666.769  1465.759  13.815   0.004 1.20000    0.244591  14.645   0.751   0.820   0.382  53  51  40  20
c L98-S809       1020.106  1664.026  14.585   0.007 1.20000    0.244591  15.487   0.713   0.830   0.402  55  52  46  23
  L98-S811        941.851  1708.443  14.900   0.009 1.20000    0.244591  15.841   0.753   0.946   0.507  53  49  43  23
c L98-S812        752.688  1729.889  14.613   0.007 1.20000    0.244591  15.681   0.835   1.050   0.525  50  49  39  25
c L98-S813        536.277  1919.113  14.512   0.007 1.20000    0.244591  15.446   0.742   0.943   0.475  71  68  60  32
c L98-S815        574.616  1962.503  14.822   0.010 1.20000    0.244591  16.388   1.410   1.608   0.765  75  75  65  36
  L98-S816       1019.338  2055.717  14.598   0.007 1.20000    0.244591  15.531   0.755   0.933   0.457  72  71  62  35
  L98-S821        893.970  2596.995  14.709   0.008 1.20000    0.244591  15.565   0.697   0.874   0.445 105  97  94  72
  L98-S825        940.128  2755.244  13.458   0.003 1.20000    0.244591  14.152   0.576   0.690   0.337 114 105 101  76
  L98-S826         75.846  2774.186  14.718   0.008 1.20000    0.244591  15.596   0.760   0.911   0.448 115 106  97  73
c L98-S829        504.727  2908.736  15.022   0.013 1.20000    0.244591  16.096   0.805   1.028   0.528 115 106 100  77
  L98-S830        958.100  2945.331  13.223   0.003 1.20000    0.244591  14.860   1.578   1.670   0.795 112 105  99  77
c L98-S831        517.805  2965.190  15.439   0.017 1.20000    0.244591  16.513   0.902   1.130   0.571 116 107 100  77
  L98-S834        934.792  3108.180  15.533   0.016 1.20000    0.244591  16.963   1.252   1.449   0.707 123 115 107  81
  L98-S836        606.781  3184.292  13.664   0.004 1.20000    0.244591  14.220   0.483   0.571   0.304 126 119 109  84
  L98-S837        731.355  3190.440  13.729   0.004 1.20000    0.244591  15.396   1.566   1.811   0.887 127 120 109  84
c L98-S839        816.699  3260.860  15.189   0.013 1.20000    0.244591  16.155   0.768   0.974   0.498 124 115 111  85
  L98-S840        488.512  3266.626  15.629   0.018 1.20000    0.244591  16.512   0.730   0.917   0.498 127 119 108  83
  L98-S843        931.449  3361.078  13.941   0.004 1.20000    0.244591  14.813   0.715   0.898   0.462 131 121 111  86
  L98-S844       1455.099  3379.751  15.595   0.017 1.20000    0.244591  16.532   0.786   0.954   0.484 119 109 102  77
  L98-S846       2016.117  3420.724  15.730   0.019 1.20000    0.244591  16.675   0.747   0.933   0.496 116 107 102  73
  L98-S847        459.325  3432.107  12.481   0.002 1.20000    0.244591  12.952   0.403   0.490   0.242 133 121 114  80
  L98-S853         93.943  3467.732  14.483   0.007 1.20000    0.244591  15.106   0.509   0.690   0.390 133 127 113  75
  L98-S854       1957.507  3473.836  13.431   0.003 1.20000    0.244591  13.953   0.415   0.513   0.279 124 113 107  71
c L98-S855       1579.257  3475.885  15.462   0.015 1.20000    0.244591  16.386   0.827   0.957   0.473 125 118 109  76
  L98-S856        636.789  3476.031  15.588   0.016 1.20000    0.244591  16.241   0.531   0.659   0.376 137 133 117  81
  L98-S859         26.519  3486.186  15.075   0.012 1.20000    0.244591  16.021   0.772   0.934   0.464 138 131 109  70
  L98-S861       1423.244  3508.002  15.306   0.013 1.20000    0.244591  15.999   0.616   0.766   0.435 134 127 110  75
  L98-S862        844.363  3508.241  15.062   0.011 1.20000    0.244591  16.517   1.305   1.488   0.729 136 131 119  82
  L98-S867       1352.355  3527.069  13.225   0.003 1.20000    0.244591  13.954   0.661   0.730   0.344 136 128 112  78
  L98-S876        600.921  3578.313  13.904   0.004 1.20000    0.244591  14.755   0.791   0.869   0.406 142 139 122  87
  L98-S877        963.859  3589.782  13.587   0.004 1.20000    0.244591  15.580   1.844   2.043   0.971 138 131 116  85
s L98-S880        787.660  3608.979  11.959   0.001 1.20000    0.244591  12.261   0.287   0.327   0.165 138 135 116  87
  L98-S881        875.971  3624.142  15.049   0.012 1.20000    0.244591  15.898   0.718   0.891   0.485 133 126 112  85
  L98-S882       1003.749  3624.508  15.960   0.024 1.20000    0.244591  16.942   0.845   1.033   0.529 133 125 112  85
  L98-S883        945.471  3624.373  14.387   0.007 1.20000    0.244591  15.306   0.748   0.958   0.502 132 126 111  85
  L98-S884       1859.573  3627.795  15.180   0.013 1.20000    0.244591  16.285   0.912   1.099   0.553 121 113 106  77
  L98-S885       1259.785  3627.801  14.687   0.008 1.20000    0.244591  15.728   0.920   1.066   0.524 126 119 108  80
  L98-S886        669.818  3627.971  14.863   0.009 1.20000    0.244591  16.057   1.069   1.228   0.599 129 126 111  85
d L98-S887       1905.798  3636.929  12.103   0.001 1.20000    0.244591  12.491   0.269   0.385   0.219 117 110 101  75
  L98-S889        904.559  3650.985  15.568   0.018 1.20000    0.244591  16.555   0.834   1.025   0.521 127 117 104  79
  L98-S890        992.675  3654.922  14.610   0.008 1.20000    0.244591  16.265   1.347   1.634   0.741 129 119 107  82
  L98-S893        572.720  3661.919  14.586   0.007 1.20000    0.244591  15.483   0.799   0.929   0.451 129 127 113  81
  L98-S894        122.294  3660.167  16.208   0.029 1.20000    0.244591  17.341   0.839   1.111   0.609 126 121 106  74
  L98-S895       1651.947  3673.301  14.146   0.005 1.20000    0.244591  14.857   0.720   0.846   0.422 122 108 105  72
  L98-S900       1414.427  3706.960  15.528   0.016 1.20000    0.244591  16.646   0.928   1.117   0.533 126 115 105  77
  L98-S902        999.584  3749.094  15.918   0.021 1.20000    0.244591  17.021   0.912   1.110   0.562 134 122 113  76
b L98-S904       1794.223  3797.986  11.976   0.001 1.20000    0.244591  13.308   1.157   1.378   0.693 121 110 108  71
  L98-S906       1269.697  3827.103  15.606   0.017 1.20000    0.244591  16.480   0.744   0.923   0.475 134 121 110  73
  L98-S908       1197.698  3832.738  14.266   0.006 1.20000    0.244591  14.720   0.399   0.477   0.278 139 131 114  74
  L98-S911        586.780  3842.012  14.164   0.005 1.20000    0.244591  16.078   1.506   1.918   0.939 154 150 135  84
  L98-S913       1091.340  3877.728  15.123   0.012 1.20000    0.244591  16.116   0.818   1.014   0.518 144 135 123  76
  L98-S914        888.858  3884.548  13.647   0.004 1.20000    0.244591  15.082   1.304   1.468   0.720 151 142 127  80
  L98-S915       1149.498  3891.122  15.059   0.011 1.20000    0.244591  15.880   0.696   0.872   0.487 141 131 121  74
  L98-S916       1850.845  3901.269  13.846   0.004 1.20000    0.244591  14.742   0.751   0.877   0.434 128 118 111  73
  L98-S917        777.454  3899.524  14.274   0.006 1.20000    0.244591  15.383   0.965   1.126   0.524 153 147 131  84
  L98-S919       1626.694  3933.817  16.088   0.026 1.20000    0.244591  17.155   0.893   1.126   0.603 128 119 116  72
  L98-S920       1158.223  3936.302  16.104   0.027 1.20000    0.244591  17.539   1.079   1.344   0.687 135 125 119  71
  L98-S925       1717.844  3992.767  15.821   0.022 1.20000    0.244591  16.891   0.926   1.146   0.565 126 123 111  69
  L98-S927       1510.139  4017.802  13.813   0.004 1.20000    0.244591  14.453   0.537   0.678   0.374 130 127 112  74
  L98-S928        587.747  4014.003  14.741   0.009 1.20000    0.244591  15.559   0.696   0.859   0.434 149 149 131  79
  L98-S932        897.423  4041.099  14.321   0.006 1.20000    0.244591  16.654   1.540   2.298   1.283 149 144 122  70
  L98-S933       1119.074  4043.863  13.743   0.004 1.20000    0.244591  14.482   0.619   0.769   0.407 139 131 119  63
  L98-S934       1320.807  4045.189  14.183   0.005 1.20000    0.244591  15.024   0.704   0.859   0.438 134 127 114  66
  L98-S937       1896.859  4068.601  14.242   0.006 1.20000    0.244591  15.611   1.196   1.362   0.664 130 118 111  61
  L98-S938       1559.023  4071.179  15.185   0.012 1.20000    0.244591  16.095   0.765   0.951   0.489 131 118 114  63
b L98-S1148      1801.806   267.265  11.960   0.001 1.20000    0.244591  14.709   2.341   2.685   1.297  26  26  25  10
  L98-S1151       693.884   311.233  14.183   0.005 1.20000    0.244591  14.782   0.448   0.573   0.313  35  35  28  14
  L98-S1154       359.867   426.489  12.230   0.001 1.20000    0.244591  12.943   0.562   0.677   0.314  31  31  28  11
c L98-S1159       423.907   559.202  13.961   0.004 1.20000    0.244591  14.801   0.721   0.801   0.353  37  34  29  12
  L98-S1160      1641.419   558.351  13.816   0.004 1.20000    0.244591  14.513   0.529   0.681   0.373  31  31  27  10
  L98-S1238      1861.821  2108.994  12.441   0.002 1.20000    0.244591  13.783   1.107   1.300   0.548  65  61  60  34
  L98-S1543      1655.542    37.789  13.685   0.004 1.20000    0.244591  15.506   1.488   1.751   0.876  25  25  25   9
  L98-S1564      1358.980   497.840  15.173   0.012 1.20000    0.244591  16.155   0.768   0.944   0.480  33  33  27  12
  L98-S1567       905.854   528.696  15.972   0.023 1.20000    0.244591  17.023   0.840   1.028   0.504  37  37  28  13
  L98-S1569      1824.998   564.120  15.580   0.017 1.20000    0.244591  16.590   0.790   1.001   0.553  28  28  27  10
  L98-S1582      1430.210  1071.301  15.891   0.021 1.20000    0.244591  16.987   0.828   1.041   0.543  34  30  28  13
  L98-S1585      1229.918  1110.768  13.213   0.003 1.20000    0.244591  14.722   1.349   1.506   0.727  37  35  31  13
  L98-S1590       848.878  1226.868  12.067   0.001 1.20000    0.244591  14.080   1.849   2.044   0.978  48  47  36  16
  L98-S1596       755.921  1336.798  16.009   0.025 1.20000    0.244591  17.007   0.828   1.028   0.571  51  50  39  19
  L98-S1601        29.231  1425.979  15.885   0.022 1.20000    0.244591  17.367   1.207   1.415   0.666  53  50  40  20
  L98-S1620      1287.895  1762.241  13.915   0.004 1.20000    0.244591  14.467   0.425   0.569   0.327  43  34  34  19
  L98-S1637       206.656  2041.988  13.777   0.004 1.20000    0.244591  14.512   0.601   0.744   0.352  77  75  70  40
  L98-S1691      1759.059  2934.623  13.099   0.002 1.20000    0.244591  13.372   0.236   0.281   0.168  96  84  90  67
  L98-S1699       473.292  3055.850  15.904   0.023 1.20000    0.244591  17.296   1.203   1.400   0.641 121 110 108  80
  L98-S1702      1617.002  3086.542  15.564   0.017 1.20000    0.244591  16.535   0.818   0.981   0.494 105  93  96  69
  L98-S1705      1251.853  3117.935  14.481   0.007 1.20000    0.244591  15.462   0.837   0.999   0.495 111 102  96  73
