#Star             Xc        Yc      Mag      Merr  Airmass UT             V       B-V     V-I      R-I   nV nBV nVI nRI 
  L101-L4        1559.037    21.316  15.387   0.018 1.71700    5.428327  16.237   0.778   0.890   0.417  57  57  57  57
  L101-L5        1723.756   158.753  15.135   0.014 1.71700    5.428327  15.897   0.627   0.761   0.379  56  56  56  58
  L101-S94       1999.274   131.710  12.501   0.002 1.71700    5.428327  13.205   0.622   0.729   0.352  67  67  60  56
  L101-S315      1348.989   275.311  14.321   0.007 1.71700    5.428327  15.091   0.712   0.806   0.384  55  55  55  56
  L101-S319      1564.113   511.596  16.667   0.052 1.71700    5.428327  18.054   1.134   1.352   0.603  49  49  49  48
b L101-S320      1938.685   660.198  12.852   0.002 1.71700    5.428327  13.723   0.756   0.891   0.440  56  56  55  48
  L101-S321      1353.701   740.430  13.900   0.005 1.71700    5.428327  14.574   0.563   0.707   0.352  49  49  49  50
  L101-S323       678.913  1009.760  13.818   0.004 1.71700    5.428327  14.689   0.780   0.919   0.432  42  42  39  39
  L101-S327      1612.209  1086.203  15.297   0.015 1.71700    5.428327  16.110   0.701   0.807   0.399  53  53  39  39
  L101-S331      1122.940  1516.728  14.099   0.005 1.71700    5.428327  14.933   0.747   0.888   0.444  35  35  33  33
  L101-S334      1806.306  1792.041  15.665   0.022 1.71700    5.428327  16.820   0.996   1.168   0.542  49  49  31  31
  L101-S340      2047.883  2539.205   0.000   0.000 1.71700    5.428327  17.692   1.091   1.303   0.580  30  30  30  26
  L101-S341      1379.472  2553.724  13.950   0.005 1.71700    5.428327  14.628   0.606   0.720   0.354  31  31  30  26
  L101-S355      2058.340  3047.138   0.000   0.000 1.71700    5.428327  14.345   0.879   0.950   0.422  39  36  30  25
r L101-S357      1234.170  3082.842  15.501   0.018 1.71700    5.428327  16.460   0.827   0.939   0.407  31  31  30  25
  L101-S369      1977.732  3419.405  12.519   0.002 1.71700    5.428327  13.614   1.012   1.135   0.496  39  36  30  25
  L101-S377       766.357  3842.708  16.353   0.039 1.71700    5.428327  17.742   1.260   1.461   0.610  27  27  26  25
  L101-S380       842.128  3977.012  15.813   0.024 1.71700    5.428327  17.035   1.031   1.248   0.519  27  27  26  24
  L101-S382      1311.423  4066.286  16.812   0.062 1.71700    5.428327  18.246   1.086   1.315   0.564  31  27  30  25
  L101-S413       928.094   551.329  16.280   0.038 1.71700    5.428327  18.875   1.639   2.530   1.478  39  35  39  46
  L101-S501       675.020   568.948  16.536   0.047 1.71700    5.428327  17.523   0.845   1.024   0.465  43  43  43  47
  L101-S504      1712.769   885.661  16.324   0.039 1.71700    5.428327  17.069   0.518   0.595   0.306  43  43  31  27
  L101-S509       545.538  1269.127  17.190   0.086 1.71700    5.428327  17.773   0.468   0.650   0.326  17  17  11  11
  L101-S511       286.905  1400.469  15.895   0.026 1.71700    5.428327  16.671   0.511   0.710   0.330  13  13  11  11
  L101-S513      1022.834  1763.019  16.837   0.060 1.71700    5.428327  18.016   1.014   1.177   0.539  29  29  27  27
  L101-S514      1507.332  1809.162  17.221   0.081 1.71700    5.428327  18.260   0.926   1.054   0.508  33  33  31  31
  L101-S517       521.255  2077.508  16.264   0.035 1.71700    5.428327  17.623   1.095   1.290   0.571   7   7   5   5
  L101-S520       901.763  2950.700  18.009   0.172 1.71700    5.428327  18.759   0.569   0.750   0.338  25  25  24  24
  L101-S522      1609.747  3065.431  16.457   0.041 1.71700    5.428327  17.121   0.499   0.672   0.310  39  36  30  25
  L101-S528       653.160  4108.974   0.000   0.000 1.71700    5.428327  18.509   0.783   0.858   0.349  27  24  26  25
  L101-S778       750.018   489.041  17.176   0.085 1.71700    5.428327  19.729  80.270   2.554   1.468  15   0   8   8
  L104-237        498.717    17.270   0.000   0.000 1.72800    1.750587  15.363   1.009   1.211   0.573  44  31  34  31
  L104-239       1563.626   359.907  12.318   0.002 1.72800    1.750587  13.933   1.365   1.662   0.783  89  68  85  56
  L104-244       1742.487   994.301  15.341   0.016 1.72800    1.750587  16.064   0.561   0.710   0.369  81  60  78  48
  L104-S49        460.942   710.908  12.919   0.002 1.72800    1.750587  13.619   0.696   0.747   0.361  24  13  15  15
b L104-S50       1921.310   741.497  15.835   0.026 1.72800    1.750587  16.818   0.769   0.879   0.430  66  53  66  41
  L104-S52        568.962   809.714  14.594   0.009 1.72800    1.750587  15.603   0.899   1.037   0.481  44  31  34  31
  L104-S54        964.703   933.076  14.520   0.008 1.72800    1.750587  15.305   0.724   0.817   0.400  44  33  37  28
  L104-S59       2020.846  1588.299  14.495   0.008 1.72800    1.750587  15.135   0.571   0.674   0.346  86  65  85  46
  L104-S60        727.694  1686.888  14.408   0.008 1.72800    1.750587  15.211   0.739   0.843   0.418  46  33  38  32
  L104-S63        845.860  1819.952  15.319   0.016 1.72800    1.750587  16.289   0.851   0.972   0.454  47  33  35  32
  L104-S64        429.919  1882.892  14.130   0.006 1.72800    1.750587  14.746   0.557   0.651   0.332  42  31  34  31
  L104-S65       1966.070  1892.021  14.964   0.012 1.72800    1.750587  15.781   0.718   0.828   0.412  77  56  75  44
  L104-S207       305.972   249.699  17.146   0.088 1.72800    1.750587  19.258   1.514   2.222   1.252  32  11  31  31
  L104-S221      1792.928   617.489  19.063   0.487 1.72800    1.750587  19.443   0.642   0.816   0.414  55  38  51  39
  L104-S230      1995.946   888.071  18.131   0.201 1.72800    1.750587  18.994   0.538   0.711   0.367  78  62  68  44
  L104-S246      1588.728  1190.707  17.791   0.147 1.72800    1.750587  18.815   0.898   1.075   0.509  77  53  72  49
  L104-S249      1749.825  1268.428  16.929   0.067 1.72800    1.750587  18.217   1.127   1.325   0.596  81  61  79  49
  L104-S256      1777.786  1361.316  21.335   3.795 1.72800    1.750587  20.501  79.498   1.673   0.807  23   0  23  30
  L104-S262       996.383  1437.990  17.430   0.109 1.72800    1.750587  20.003  79.996   2.564   1.525  13   0  13  28
  L104-S264      1292.134  1462.025  18.456   0.270 1.72800    1.750587  20.475  79.524   2.377   1.306  15   0  15  33
  L104-S277       434.991  1704.748  18.268   0.237 1.72800    1.750587  20.110  79.889   2.158   1.160  14   0  14  25
  L104-S281      1616.710  1831.981  18.990   0.450 1.72800    1.750587  20.024   1.221   1.460   0.668  22  11  22  36
  L104-S283      1524.806  1840.771  19.124   0.499 1.72800    1.750587  19.954   1.081   1.314   0.598  30  12  30  35
  L104-S306       534.215  2511.000  17.140   0.081 1.72800    1.750587  20.135  79.864   2.465   1.445   9   0   9  21
  L104-S349      1198.790    88.704  17.656   0.125 1.72800    1.750587  18.450   0.547   0.751   0.379  59  42  46  39
  L104-S352      1301.861   308.570  18.369   0.273 1.72800    1.750587  18.942   0.397   0.571   0.294  64  52  50  47
  L104-S353      1582.167   674.367  16.598   0.052 1.72800    1.750587  17.320   0.606   0.746   0.375  66  50  63  34
  L104-S359      1323.098  1641.321  17.564   0.125 1.72800    1.750587  18.814   1.077   1.338   0.605  62  39  59  46
  L104-S366      2044.809  2018.083   0.000   0.000 1.72800    1.750587  18.732   0.975   1.182   0.543  66  44  64  39
  L104-S489       581.059   138.701  17.206   0.089 1.72800    1.750587  18.654   0.929   1.114   0.515  42  29  31  31
  L104-S496       396.270   615.301  16.838   0.066 1.72800    1.750587  17.902   0.905   1.139   0.543  37  27  28  26
  L104-S506      1234.984  1448.952  16.773   0.058 1.72800    1.750587  17.505   0.586   0.713   0.369  62  47  60  40
  L104-S507      1126.140  1604.181  14.862   0.011 1.72800    1.750587  15.748   0.826   0.943   0.459  55  37  47  36
  L104-S510       631.899  1852.076  14.914   0.011 1.72800    1.750587  15.982   1.034   1.107   0.487  45  32  34  31
  L104-S512       916.958  2466.496  17.261   0.088 1.72800    1.750587  18.094   0.722   0.856   0.418  42  31  37  28
  L104-S513       257.023  2519.791  16.889   0.068 1.72800    1.750587  18.709   1.236   1.646   0.778  31  20  27  26
  L104-S514       972.440  2524.979  16.528   0.047 1.72800    1.750587  17.321   0.644   0.766   0.387  41  32  35  26
  L104-S524      1540.851  3161.041  17.208   0.085 1.72800    1.750587  17.856   0.481   0.639   0.349  58  45  58  37
  L104-S660       736.001  3004.526  12.901   0.002 1.72800    1.750587  14.123   1.129   1.250   0.545  38  27  31  25
  L104-S666      1694.901  3595.825  16.018   0.030 1.72800    1.750587  16.995   0.853   0.981   0.470  50  40  50  32
  L104-S675      1228.306  4086.013   0.000   0.000 1.72800    1.750587  15.910   0.704   0.893   0.462  28  19  23  17
  L104-S758      1227.554  1225.247  18.481   0.283 1.72800    1.750587  19.594   0.534   0.663   0.323  35  27  27  27
  L104-S759      1343.524  1262.272  20.282   1.525 1.72800    1.750587  20.768  79.231   1.588   0.752  15   0  15  25
  L104-S767      1220.014  1917.842  18.050   0.184 1.72800    1.750587  19.065   0.829   0.988   0.462  48  29  46  38
  L104-S780      1552.186  2671.586  18.081   0.196 1.72800    1.750587  19.554   0.954   1.222   0.570  30  14  30  32
  L104-S793      1924.358  3442.792  17.166   0.086 1.72800    1.750587  19.133   1.274   1.472   0.681  46  20  46  34
  L104-237        342.131    22.923  14.159   0.006 1.15100    5.199145  15.363   1.009   1.211   0.573  44  31  34  31
  L104-239       1408.706   365.703  12.278   0.001 1.15100    5.199145  13.933   1.365   1.662   0.783  89  68  85  56
  L104-244       1587.901  1000.793  15.291   0.014 1.15100    5.199145  16.064   0.561   0.710   0.369  81  60  78  48
  L104-S49        304.347   716.755  12.863   0.002 1.15100    5.199145  13.619   0.696   0.747   0.361  24  13  15  15
  L104-S50       1767.183   747.879  15.929   0.025 1.15100    5.199145  16.818   0.769   0.879   0.430  66  53  66  41
  L104-S52        412.835   815.777  14.544   0.008 1.15100    5.199145  15.603   0.899   1.037   0.481  44  31  34  31
  L104-S54        808.879   939.386  14.510   0.008 1.15100    5.199145  15.305   0.724   0.817   0.400  44  33  37  28
  L104-S59       1866.773  1594.998  14.445   0.007 1.15100    5.199145  15.135   0.571   0.674   0.346  86  65  85  46
  L104-S60        571.572  1693.348  14.360   0.007 1.15100    5.199145  15.211   0.739   0.843   0.418  46  33  38  32
  L104-S63        689.936  1826.701  15.319   0.014 1.15100    5.199145  16.289   0.851   0.972   0.454  47  33  35  32
  L104-S64        272.927  1889.902  14.070   0.005 1.15100    5.199145  14.746   0.557   0.651   0.332  42  31  34  31
  L104-S65       1811.935  1899.063  14.928   0.011 1.15100    5.199145  15.781   0.718   0.828   0.412  77  56  75  44
  L104-S353      1427.344   680.733  16.594   0.048 1.15100    5.199145  17.320   0.606   0.746   0.375  66  50  63  34
  L104-S378      2012.706  2698.692  16.633   0.047 1.15100    5.199145  17.405   0.566   0.697   0.362  64  55  64  41
  L104-S507       970.802  1610.967  14.815   0.009 1.15100    5.199145  15.748   0.826   0.943   0.459  55  37  47  36
  L104-S510       475.448  1858.985  14.854   0.010 1.15100    5.199145  15.982   1.034   1.107   0.487  45  32  34  31
  L104-S514       816.527  2532.450  16.591   0.043 1.15100    5.199145  17.321   0.644   0.766   0.387  41  32  35  26
  L104-S660       579.106  3012.713  12.854   0.002 1.15100    5.199145  14.123   1.129   1.250   0.545  38  27  31  25
  L104-S666      1540.059  3604.130  15.928   0.025 1.15100    5.199145  16.995   0.853   0.981   0.470  50  40  50  32
  L107-S206      1408.093   137.826  15.923   0.022 1.39000    5.658227  17.067   0.949   1.156   0.560  53  45  53  45
  L107-S228      1711.813   433.020  15.427   0.015 1.39000    5.658227  15.987   0.449   0.612   0.342  52  46  52  45
  L107-S230      1434.015   457.116  15.200   0.012 1.39000    5.658227  16.077   0.716   0.855   0.436  53  47  53  43
  L107-S234      1485.155   496.741  15.753   0.020 1.39000    5.658227  16.876   0.985   1.155   0.568  53  47  53  41
  L107-S241      1824.689   557.050  15.819   0.020 1.39000    5.658227  17.908   1.548   2.088   1.098  56  45  56  41
  L107-S254      1261.671   723.830  16.689   0.047 1.39000    5.658227  18.392   1.384   1.675   0.776  48  39  48  41
  L107-S269      1199.701   926.616  14.648   0.007 1.39000    5.658227  15.628   0.885   0.982   0.476  47  42  47  40
  L107-S272      1362.100   963.094  16.362   0.033 1.39000    5.658227  17.043   0.550   0.744   0.396  54  48  54  44
  L107-S290      1749.138  1150.149  16.090   0.026 1.39000    5.658227  16.801   0.555   0.748   0.398  62  51  62  47
  L107-S312      1184.368  1407.061  15.302   0.013 1.39000    5.658227  16.375   0.885   1.039   0.525  43  42  43  38
  L107-S314      1850.665  1410.450  14.498   0.007 1.39000    5.658227  16.187   1.357   1.678   0.788  62  51  62  47
  L107-S315      1611.194  1425.960  16.783   0.049 1.39000    5.658227  18.546   1.483   1.827   0.867  58  42  58  47
b L107-S551      1923.907   140.903  14.371   0.006 1.39000    5.658227  15.165   0.668   0.802   0.411  57  45  57  45
  L107-S564       834.331   594.799  16.804   0.050 1.39000    5.658227  17.599   0.636   0.821   0.437  40  40  40  35
  L107-S568       345.541   684.635  14.682   0.008 1.39000    5.658227  15.355   0.510   0.692   0.371  31  30  31  34
  L107-S574       795.776   812.012  13.555   0.003 1.39000    5.658227  14.517   0.948   0.999   0.468  41  40  41  35
  L107-S587       871.173  1235.984  16.083   0.025 1.39000    5.658227  16.931   0.607   0.798   0.421  38  38  38  33
  L107-S590        95.138  1274.409  14.961   0.010 1.39000    5.658227  15.798   0.652   0.817   0.424  31  30  31  33
  L107-S594       953.752  1403.481  15.716   0.019 1.39000    5.658227  17.390   1.343   1.663   0.794  41  40  41  36
  L107-S597       246.075  1484.625  14.897   0.010 1.39000    5.658227  15.904   0.796   0.953   0.479  31  30  31  33
  L107-S598      1348.185  1497.100  16.847   0.050 1.39000    5.658227  19.088   1.648   2.193   1.156  47  27  47  47
  L107-S599       890.690  1559.421  16.111   0.026 1.39000    5.658227  17.166   0.806   0.951   0.486  38  37  38  33
  L107-S607       274.006  1701.334  12.693   0.002 1.39000    5.658227  13.818   1.001   1.139   0.572  31  30  31  33
  L107-S608       330.965  1751.608  16.501   0.038 1.39000    5.658227  17.347   0.550   0.764   0.409  31  30  31  33
  L107-S612       340.621  1792.571  15.622   0.018 1.39000    5.658227  15.957   0.219   0.355   0.224  31  30  31  33
  L107-S618      1365.106  1835.901  16.603   0.040 1.39000    5.658227  17.528   0.688   0.848   0.430  52  46  52  47
  L107-S653      1042.464  2270.821  15.750   0.019 1.39000    5.658227  16.908   0.982   1.136   0.520  16  16  16  20
  L107-S657       582.922  2328.036  16.250   0.030 1.39000    5.658227  17.130   0.655   0.868   0.436  20  19  20  23
  L107-S669      1420.698  2462.013  13.073   0.002 1.39000    5.658227  13.852   0.685   0.793   0.396  39  30  39  27
  L107-S675      1622.967  2517.778  16.281   0.031 1.39000    5.658227  17.448   0.949   1.140   0.554  40  31  40  28
  L107-S684      1756.114  2583.835  15.424   0.014 1.39000    5.658227  16.280   0.749   0.879   0.454  39  30  39  27
  L107-S691      1799.161  2683.727  15.729   0.019 1.39000    5.658227  17.160   1.210   1.411   0.642  39  30  39  27
  L107-S696      1366.784  2739.075  11.961   0.001 1.39000    5.658227  13.358   1.158   1.422   0.655  32  27  32  27
  L107-S699      1630.962  2783.745  16.831   0.050 1.39000    5.658227  18.608   1.373   1.617   0.745  33  22  33  27
  L107-S703      1710.274  2839.196  16.056   0.026 1.39000    5.658227  17.244   1.100   1.239   0.575  34  28  34  27
  L107-S704      1474.803  2843.728  15.913   0.022 1.39000    5.658227  17.244   1.070   1.343   0.643  34  28  34  27
  L107-S1056      388.770   199.979  14.915   0.010 1.39000    5.658227  17.312   1.676   2.393   1.322  30  29  30  32
  L107-S1099      847.941  1009.939  15.002   0.010 1.39000    5.658227  17.358   1.629   2.368   1.311  36  36  36  29
  L107-S1102       47.623  1065.994  14.564   0.007 1.39000    5.658227  17.309   1.660   2.714   1.612  29  29  29  31
  L107-S1131       28.513  1464.110  16.592   0.047 1.39000    5.658227  17.335   0.428   0.584   0.333  29  29  29  33
  L107-S1166      319.856  1945.070  16.449   0.038 1.39000    5.658227  18.981   1.654   2.491   1.430  27  19  27  28
  L107-S1171     1959.703  2040.820  16.658   0.046 1.39000    5.658227  19.473  80.526   2.809   1.681  30   0  30  41
  L107-S1174      795.560  2080.144  15.743   0.019 1.39000    5.658227  17.293   1.302   1.561   0.703  29  29  29  30
  L107-S1175     1996.906  2088.972  15.556   0.016 1.39000    5.658227  16.485   0.730   0.860   0.434  46  38  46  37
  L107-S1176      625.882  2098.602  14.666   0.008 1.39000    5.658227  16.899   1.614   2.213   1.181  27  27  27  28
  L107-S1185      814.221  2230.769  15.835   0.020 1.39000    5.658227  16.927   0.855   1.041   0.497  17  17  17  20
  L107-S1199      753.261  2488.820  15.323   0.013 1.39000    5.658227  18.185   1.693   2.858   1.708  27  23  27  26
  L107-S1226      202.636  2933.052  15.570   0.017 1.39000    5.658227  17.893   1.646   2.289   1.245  25  21  24  22
  L107-S1227     1507.850  2926.793  16.063   0.025 1.39000    5.658227  16.965   0.698   0.877   0.464  32  26  30  23
  L107-S1231       49.295  2953.869  16.749   0.050 1.39000    5.658227  18.459   1.404   1.760   0.826  25  20  24  22
  L107-S1233     1813.759  2959.387  16.231   0.030 1.39000    5.658227  17.661   1.259   1.448   0.654  32  26  30  23
  L107-S1238      547.146  3012.049  13.792   0.004 1.39000    5.658227  14.615   0.701   0.836   0.423  25  21  24  22
  L107-S1251     1645.949  3142.419  13.549   0.003 1.39000    5.658227  14.569   0.880   1.031   0.511  32  26  30  23
  L107-S1255      660.297  3199.254  16.490   0.037 1.39000    5.658227  17.776   1.172   1.352   0.606  25  21  24  22
  L107-S1257     1366.743  3201.902  15.998   0.024 1.39000    5.658227  18.139   1.603   2.115   1.115  28  22  28  23
  L107-S1264      562.003  3271.801  16.605   0.043 1.39000    5.658227  17.110   0.426   0.583   0.311  25  21  24  22
  L107-S1277      207.226  3403.074  15.586   0.017 1.39000    5.658227  16.804   1.004   1.185   0.551  25  21  24  22
  L107-S1286      221.990  3536.625  16.517   0.040 1.39000    5.658227  17.588   0.793   0.910   0.451  25  21  24  22
  L107-S1288      452.823  3549.032  16.210   0.030 1.39000    5.658227  17.046   0.693   0.884   0.450  25  21  24  22
  L107-S1304      745.347  3661.195  15.778   0.020 1.39000    5.658227  16.741   0.830   0.951   0.476  25  21  24  22
  L107-S1306      443.314  3707.732  15.369   0.014 1.39000    5.658227  16.185   0.697   0.837   0.419  25  21  24  22
  L107-S1307      586.269  3735.916  13.982   0.004 1.39000    5.658227  14.843   0.761   0.880   0.434  25  21  24  22
  L107-S1312      305.198  3870.604  16.578   0.042 1.39000    5.658227  18.378   1.529   1.827   0.852  23  18  20  20
  L107-S1321      168.121  4011.876  16.735   0.050 1.39000    5.658227  17.805   0.956   1.064   0.462  23  15  18  18
  L107-S1599      121.728  2083.281  16.705   0.046 1.39000    5.658227  17.671   0.802   0.938   0.477  26  26  26  28
  L107-S1626      303.858  2985.809  15.780   0.020 1.39000    5.658227  16.749   0.863   0.994   0.499  25  21  24  22
  L107-S1804      751.817  3930.137  13.850   0.004 1.39000    5.658227  15.692   1.486   1.814   0.848  23  17  18  18
  L107-S206      1296.120   151.704  15.961   0.024 1.17700    8.703643  17.067   0.949   1.156   0.560  53  45  53  45
  L107-S228      1600.161   447.240  15.428   0.015 1.17700    8.703643  15.987   0.449   0.612   0.342  52  46  52  45
  L107-S230      1322.040   471.200  15.271   0.013 1.17700    8.703643  16.077   0.716   0.855   0.436  53  47  53  43
  L107-S234      1373.334   510.812  15.753   0.021 1.17700    8.703643  16.876   0.985   1.155   0.568  53  47  53  41
  L107-S241      1713.088   571.428  15.796   0.021 1.17700    8.703643  17.908   1.548   2.088   1.098  56  45  56  41
  L107-S254      1149.663   738.296  16.692   0.046 1.17700    8.703643  18.392   1.384   1.675   0.776  48  39  48  41
  L107-S269      1087.443   941.039  14.659   0.008 1.17700    8.703643  15.628   0.885   0.982   0.476  47  42  47  40
  L107-S272      1250.270   977.648  16.268   0.032 1.17700    8.703643  17.043   0.550   0.744   0.396  54  48  54  44
  L107-S290      1637.526  1164.830  16.068   0.026 1.17700    8.703643  16.801   0.555   0.748   0.398  62  51  62  47
  L107-S294      1983.933  1239.269  13.026   0.002 1.17700    8.703643  13.802   0.666   0.779   0.397  64  53  64  50
  L107-S312      1072.096  1422.061  15.328   0.014 1.17700    8.703643  16.375   0.885   1.039   0.525  43  42  43  38
  L107-S314      1739.065  1425.408  14.511   0.007 1.17700    8.703643  16.187   1.357   1.678   0.788  62  51  62  47
  L107-S315      1499.513  1440.926  16.769   0.050 1.17700    8.703643  18.546   1.483   1.827   0.867  58  42  58  47
  L107-S551      1812.592   154.867  14.387   0.006 1.17700    8.703643  15.165   0.668   0.802   0.411  57  45  57  45
  L107-S568       231.783   698.923  14.652   0.008 1.17700    8.703643  15.355   0.510   0.692   0.371  31  30  31  34
  L107-S574       682.832   826.510  13.538   0.003 1.17700    8.703643  14.517   0.948   0.999   0.468  41  40  41  35
  L107-S587       758.201  1250.837  16.181   0.029 1.17700    8.703643  16.931   0.607   0.798   0.421  38  38  38  33
  L107-S594       840.889  1418.494  15.680   0.019 1.17700    8.703643  17.390   1.343   1.663   0.794  41  40  41  36
  L107-S597       132.069  1499.635  14.934   0.011 1.17700    8.703643  15.904   0.796   0.953   0.479  31  30  31  33
  L107-S599       777.819  1574.584  16.219   0.031 1.17700    8.703643  17.166   0.806   0.951   0.486  38  37  38  33
  L107-S607       160.183  1716.667  12.666   0.002 1.17700    8.703643  13.818   1.001   1.139   0.572  31  30  31  33
  L107-S608       217.079  1766.867  16.597   0.044 1.17700    8.703643  17.347   0.550   0.764   0.409  31  30  31  33
  L107-S612       226.777  1807.876  15.595   0.018 1.17700    8.703643  15.957   0.219   0.355   0.224  31  30  31  33
  L107-S618      1253.051  1851.238  16.638   0.043 1.17700    8.703643  17.528   0.688   0.848   0.430  52  46  52  47
  L107-S621      1993.776  1900.120  16.474   0.039 1.17700    8.703643  18.814   1.626   2.370   1.326  48  33  48  46
  L107-S653       929.769  2286.611  15.698   0.019 1.17700    8.703643  16.908   0.982   1.136   0.520  16  16  16  20
  L107-S657       469.393  2343.979  16.233   0.031 1.17700    8.703643  17.130   0.655   0.868   0.436  20  19  20  23
  L107-S669      1308.357  2477.929  13.059   0.002 1.17700    8.703643  13.852   0.685   0.793   0.396  39  30  39  27
  L107-S675      1511.102  2533.577  16.320   0.034 1.17700    8.703643  17.448   0.949   1.140   0.554  40  31  40  28
  L107-S679      1979.726  2565.591  13.677   0.004 1.17700    8.703643  14.478   0.706   0.802   0.409  42  33  42  30
  L107-S684      1644.383  2599.697  15.395   0.014 1.17700    8.703643  16.280   0.749   0.879   0.454  39  30  39  27
  L107-S691      1687.429  2699.660  15.708   0.019 1.17700    8.703643  17.160   1.210   1.411   0.642  39  30  39  27
  L107-S696      1254.204  2755.190  11.944   0.001 1.17700    8.703643  13.358   1.158   1.422   0.655  32  27  32  27
  L107-S699      1519.052  2799.802  16.818   0.050 1.17700    8.703643  18.608   1.373   1.617   0.745  33  22  33  27
  L107-S703      1598.422  2855.278  15.971   0.024 1.17700    8.703643  17.244   1.100   1.239   0.575  34  28  34  27
  L107-S704      1362.464  2859.777  15.926   0.023 1.17700    8.703643  17.244   1.070   1.343   0.643  34  28  34  27
  L107-S1056      274.893   213.866  14.900   0.010 1.17700    8.703643  17.312   1.676   2.393   1.322  30  29  30  32
  L107-S1099      734.950  1024.463  14.990   0.010 1.17700    8.703643  17.358   1.629   2.368   1.311  36  36  36  29
  L107-S1166      205.967  1960.670  16.490   0.041 1.17700    8.703643  18.981   1.654   2.491   1.430  27  19  27  28
  L107-S1171     1848.214  2056.149  16.706   0.045 1.17700    8.703643  19.473  80.526   2.809   1.681  30   0  30  41
  L107-S1174      682.483  2095.956  15.717   0.018 1.17700    8.703643  17.293   1.302   1.561   0.703  29  29  29  30
  L107-S1175     1885.481  2104.453  15.621   0.017 1.17700    8.703643  16.485   0.730   0.860   0.434  46  38  46  37
  L107-S1176      512.380  2114.285  14.671   0.008 1.17700    8.703643  16.899   1.614   2.213   1.181  27  27  27  28
  L107-S1185      701.234  2246.593  15.829   0.020 1.17700    8.703643  16.927   0.855   1.041   0.497  17  17  17  20
  L107-S1199      640.144  2504.734  15.293   0.013 1.17700    8.703643  18.185   1.693   2.858   1.708  27  23  27  26
  L107-S1226       88.034  2949.671  15.545   0.017 1.17700    8.703643  17.893   1.646   2.289   1.245  25  21  24  22
  L107-S1227     1395.592  2942.790  16.177   0.029 1.17700    8.703643  16.965   0.698   0.877   0.464  32  26  30  23
  L107-S1233     1701.811  2975.438  16.162   0.029 1.17700    8.703643  17.661   1.259   1.448   0.654  32  26  30  23
  L107-S1238      433.383  3028.625  13.777   0.004 1.17700    8.703643  14.615   0.701   0.836   0.423  25  21  24  22
  L107-S1251     1533.744  3158.634  13.535   0.003 1.17700    8.703643  14.569   0.880   1.031   0.511  32  26  30  23
  L107-S1255      546.815  3215.971  16.429   0.037 1.17700    8.703643  17.776   1.172   1.352   0.606  25  21  24  22
  L107-S1257     1254.020  3218.350  15.976   0.024 1.17700    8.703643  18.139   1.603   2.115   1.115  28  22  28  23
b L107-S1260     1940.666  3225.910  14.173   0.005 1.17700    8.703643  15.165   0.826   0.958   0.486  32  28  31  25
  L107-S1264      448.023  3288.562  16.387   0.033 1.17700    8.703643  17.110   0.426   0.583   0.311  25  21  24  22
  L107-S1277       92.608  3419.993  15.624   0.018 1.17700    8.703643  16.804   1.004   1.185   0.551  25  21  24  22
  L107-S1286      107.281  3553.663  16.668   0.048 1.17700    8.703643  17.588   0.793   0.910   0.451  25  21  24  22
  L107-S1288      338.392  3566.030  16.187   0.031 1.17700    8.703643  17.046   0.693   0.884   0.450  25  21  24  22
  L107-S1304      631.692  3678.207  15.821   0.022 1.17700    8.703643  16.741   0.830   0.951   0.476  25  21  24  22
  L107-S1306      329.012  3724.840  15.351   0.015 1.17700    8.703643  16.185   0.697   0.837   0.419  25  21  24  22
  L107-S1307      472.158  3753.008  13.959   0.005 1.17700    8.703643  14.843   0.761   0.880   0.434  25  21  24  22
  L107-S1312      190.402  3888.020  16.523   0.042 1.17700    8.703643  18.378   1.529   1.827   0.852  23  18  20  20
  L107-S1321       52.986  4029.613  16.604   0.048 1.17700    8.703643  17.805   0.956   1.064   0.462  23  15  18  18
  L107-S1626      189.478  3002.406  15.695   0.020 1.17700    8.703643  16.749   0.863   0.994   0.499  25  21  24  22
  L107-S1804      637.949  3947.420  13.848   0.004 1.17700    8.703643  15.692   1.486   1.814   0.848  23  17  18  18
  L110-273       1865.462  3439.865  11.843   0.001 1.34700    8.922780  14.682   2.498   2.875   1.330  90  69  68  39
  L110-S376       701.262   304.717  14.363   0.007 1.34700    8.922780  16.630   1.882   2.314   1.186  46  39  14  10
c L110-S377       685.454   353.846  13.735   0.004 1.34700    8.922780  16.039   1.892   2.353   1.195  45  31  15  10
c L110-S385      1126.034   508.127  13.902   0.005 1.34700    8.922780  15.917   1.672   2.083   1.090  55  52  25  13
c L110-S388      1991.281   574.350  13.047   0.003 1.34700    8.922780  15.143   1.748   2.134   1.065  61  61  46  38
  L110-S401      1860.610   766.107  14.049   0.005 1.34700    8.922780  17.371   2.875   3.354   1.543  70  37  50  35
  L110-S403      1267.432   782.392  14.613   0.009 1.34700    8.922780  16.979   1.963   2.428   1.228  64  51  32  23
  L110-S406       175.070   907.538  14.128   0.006 1.34700    8.922780  16.747   2.142   2.675   1.352  44  44  14  10
c L110-S408       481.102   954.002  13.844   0.005 1.34700    8.922780  16.037   1.789   2.193   1.084  51  44  16  10
  L110-S414       848.187  1005.857  12.576   0.002 1.34700    8.922780  16.572   3.288   4.020   1.786  54  41  22  14
  L110-S433      1756.222  1422.357  14.266   0.007 1.34700    8.922780  16.547   1.886   2.314   1.157  76  58  55  33
  L110-S439       955.762  1546.740  13.471   0.004 1.34700    8.922780  15.831   1.931   2.436   1.253  42  42  26  14
  L110-S440      1519.039  1549.541  13.687   0.004 1.34700    8.922780  15.556   1.500   1.867   0.905  71  69  49  33
  L110-S441       493.196  1555.755  14.177   0.006 1.34700    8.922780  16.566   1.957   2.451   1.256  37  37  15  10
c L110-S445      1890.430  1688.106  13.740   0.004 1.34700    8.922780  17.134   2.859   3.390   1.557  80  53  56  34
  L110-S447      1068.135  1726.579  13.772   0.005 1.34700    8.922780  15.885   1.517   2.079   1.082  48  48  30  14
  L110-S448      1895.162  1742.122  12.273   0.002 1.34700    8.922780  17.156   3.241   4.836   2.322  78  41  59  35
  L110-S451      1118.012  1772.357  14.210   0.006 1.34700    8.922780  16.376   1.819   2.195   1.072  52  50  31  14
  L110-S453      1122.137  1803.264  14.290   0.007 1.34700    8.922780  16.436   1.760   2.187   1.091  52  50  32  14
  L110-S456      1885.038  1869.620  13.189   0.003 1.34700    8.922780  15.213   1.709   2.061   1.027  84  69  62  33
  L110-S460        73.161  1920.954  13.971   0.005 1.34700    8.922780  15.949   1.588   1.924   0.970  31  31  14  10
c L110-S464      1894.557  1986.793  14.469   0.008 1.34700    8.922780  16.921   2.021   2.441   1.201  79  61  53  25
  L110-S473      1841.010  2217.605  12.423   0.002 1.34700    8.922780  16.295   3.224   3.897   1.710  79  60  64  34
c L110-S490       487.769  2666.261  13.677   0.004 1.34700    8.922780  16.995   2.894   3.304   1.526  66  42  18  10
c L110-S496       637.240  2770.647  13.914   0.006 1.34700    8.922780  17.174   2.804   3.253   1.497  64  40  19  11
  L110-S500      1079.324  2795.031  14.108   0.006 1.34700    8.922780  17.074   2.577   2.979   1.384  78  49  32  14
  L110-S502      1048.578  2894.769  14.667   0.009 1.34700    8.922780  16.751   1.694   2.114   1.069  75  56  32  14
  L110-S510      1055.045  2967.147  13.364   0.003 1.34700    8.922780  16.778   2.915   3.435   1.549  75  48  32  14
  L110-S512       290.056  3037.230  13.747   0.004 1.34700    8.922780  15.847   1.781   2.114   1.086  64  48  18  10
  L110-S515       460.223  3042.232  13.113   0.003 1.34700    8.922780  14.551   1.245   1.406   0.638  66  48  19  10
c L110-S516       421.290  3043.799  13.923   0.006 1.34700    8.922780  16.020   1.709   2.119   1.099  64  48  18  10
c L110-S517      1485.072  3065.894  12.881   0.002 1.34700    8.922780  15.946   2.653   3.110   1.418 102  74  53  31
  L110-S523       695.491  3162.033  12.771   0.002 1.34700    8.922780  13.860   0.971   1.062   0.507  68  50  21  11
  L110-S525       588.223  3177.973  14.000   0.006 1.34700    8.922780  15.717   1.533   1.714   0.837  68  50  21  11
  L110-S527      1032.113  3354.851  13.979   0.005 1.34700    8.922780  16.921   2.595   2.971   1.370  73  52  29  12
  L110-S528      1833.869  3354.831  14.462   0.008 1.34700    8.922780  16.463   1.654   2.024   1.001  84  70  61  32
c L110-S540      1440.201  3656.315  12.708   0.002 1.34700    8.922780  13.928   1.084   1.232   0.587  96  77  51  33
  L110-S542       573.626  3698.809  13.777   0.005 1.34700    8.922780  15.563   1.483   1.806   0.944  68  47  20  11
  L110-S548      1667.459  3764.500  12.984   0.003 1.34700    8.922780  15.838   2.488   2.893   1.347  82  64  58  32
  L110-S550      1698.781  3787.124  13.518   0.004 1.34700    8.922780  15.419   1.595   1.964   1.007  80  47  58  32
c L110-S556      1471.965  3953.276  13.031   0.003 1.34700    8.922780  14.688   1.363   1.666   0.857  56  50  33  12
  L110-S940      1388.847   123.075  14.463   0.008 1.34700    8.922780  17.919   3.061   3.516   1.582  53  12  23  15
  L110-S941      1359.930   146.104  14.698   0.010 1.34700    8.922780  17.120   2.031   2.522   1.274  53  42  21  15
c L110-S943       228.108   148.609  14.638   0.010 1.34700    8.922780  17.516   1.666   2.761   1.651  38  37  10   7
  L110-S949      1357.190   239.902  15.629   0.022 1.34700    8.922780  18.086   2.116   2.569   1.247  59  30  27  22
c L110-S955      1813.938   278.365  15.516   0.021 1.34700    8.922780  18.375   2.395   2.928   1.398  59  22  42  34
  L110-S959       122.218   296.860  14.418   0.008 1.34700    8.922780  16.975   2.125   2.581   1.321  40  40  12  10
  L110-S960      1798.396   313.154  15.207   0.015 1.34700    8.922780  18.405   2.753   3.252   1.495  58  17  43  34
  L110-S976      1965.699   421.919  16.182   0.038 1.34700    8.922780  18.995   2.200   2.716   1.324  50   9  43  34
  L110-S979       324.770   430.913  15.601   0.022 1.34700    8.922780  18.616  81.383   2.778   1.388  42   0  15   9
  L110-S982      1897.778   451.750  14.624   0.010 1.34700    8.922780  18.451   3.307   3.874   1.718  55   7  42  34
  L110-S988       344.994   471.461  16.081   0.035 1.34700    8.922780  18.755  81.244   2.680   1.298  43   0  14   9
  L110-S989       513.893   484.991  15.478   0.020 1.34700    8.922780  18.079   2.165   2.704   1.360  43  26  14   9
  L110-S990       659.956   486.642  13.100   0.003 1.34700    8.922780  16.952  83.047   3.875   1.706  44   0  14   9
  L110-S993      1597.186   532.866  16.059   0.033 1.34700    8.922780  18.629   2.111   2.513   1.214  69  31  44  34
  L110-S1005     1790.940   609.406  16.345   0.043 1.34700    8.922780  18.984   2.238   2.742   1.346  50  13  43  34
  L110-S1012      130.418   694.716  15.014   0.013 1.34700    8.922780  17.489   1.930   2.412   1.262  42  41  12   9
  L110-S1022      200.509   776.078  11.959   0.001 1.34700    8.922780  13.410   1.125   1.426   0.747  42  42  14  10
  L110-S1024      939.089   786.279  14.746   0.010 1.34700    8.922780  17.095   1.937   2.405   1.189  52  48  26  14
  L110-S1030     1297.892   850.818  15.077   0.014 1.34700    8.922780  17.305   1.857   2.300   1.163  78  61  45  35
  L110-S1035     1381.661   889.637  14.964   0.012 1.34700    8.922780  17.759   2.303   2.859   1.383  79  50  44  34
  L110-S1046     1343.050   954.240  15.024   0.014 1.34700    8.922780  17.258   1.907   2.379   1.217  80  64  45  35
  L110-S1049     1768.084   964.191  15.185   0.014 1.34700    8.922780  17.658   2.082   2.533   1.238  70  45  51  35
  L110-S1061      946.165  1030.706  15.665   0.022 1.34700    8.922780  18.193   2.084   2.567   1.265  56  30  27  14
  L110-S1064     1706.504  1068.150  16.411   0.044 1.34700    8.922780  19.101   2.262   2.730   1.373  61  13  52  35
  L110-S1073      716.981  1102.030  15.297   0.016 1.34700    8.922780  17.757   2.020   2.489   1.224  52  40  17  11
  L110-S1076      199.051  1118.033  15.258   0.016 1.34700    8.922780  17.490   1.877   2.251   1.101  44  41  14  10
  L110-S1077     1210.003  1121.750  16.035   0.032 1.34700    8.922780  19.366  80.633   3.224   1.469  66   0  43  33
  L110-S1087      702.522  1147.070  16.339   0.041 1.34700    8.922780  18.987  81.012   2.715   1.325  48   0  17  11
  L110-S1092     1650.624  1188.602  16.165   0.036 1.34700    8.922780  18.970   2.344   2.848   1.422  78  17  47  34
  L110-S1128       57.715  1442.568  15.885   0.032 1.34700    8.922780  18.719  81.280   2.860   1.391  28   0  11   8
  L110-S1130     1297.982  1445.370  16.287   0.041 1.34700    8.922780  18.952  81.047   2.691   1.286  64   0  46  33
  L110-S1131     1106.204  1450.724  15.368   0.017 1.34700    8.922780  17.995   2.093   2.604   1.283  47  32  25  12
  L110-S1148      191.416  1569.034  15.679   0.024 1.34700    8.922780  18.268   2.100   2.539   1.246  29  20  13  10
c L110-S1149      425.281  1578.698  13.075   0.003 1.34700    8.922780  15.419   1.923   2.355   1.170  37  37  16  10
  L110-S1152      967.570  1622.806  15.377   0.017 1.34700    8.922780  18.076   2.259   2.769   1.367  42  24  25  13
  L110-S1155     1149.055  1633.374  15.059   0.013 1.34700    8.922780  18.140   2.524   3.063   1.449  51  18  29  17
  L110-S1158      763.454  1657.751  15.530   0.018 1.34700    8.922780  18.012   2.045   2.516   1.277  38  28  17  11
  L110-S1163     1818.791  1679.966  16.280   0.040 1.34700    8.922780  18.792   2.140   2.592   1.205  72  21  54  33
c L110-S1165      681.659  1712.027  15.608   0.024 1.34700    8.922780  17.856   1.884   2.335   1.211  40  35  19  11
c L110-S1173      621.526  1766.352  15.128   0.014 1.34700    8.922780  18.624   2.963   3.472   1.571  38   5  19  11
  L110-S1182     1037.958  1819.199  16.540   0.049 1.34700    8.922780  19.354  80.645   2.768   1.352  36   0  28  12
c L110-S1187      721.957  1833.344  14.403   0.007 1.34700    8.922780  17.687   2.803   3.251   1.496  39  22  17  10
c L110-S1190      221.846  1847.690  14.137   0.007 1.34700    8.922780  17.429   2.897   3.276   1.512  31  24  14   9
c L110-S1205     1725.164  1955.005  15.048   0.013 1.34700    8.922780  18.414   2.897   3.380   1.547  76  17  58  26
b L110-S1214     1946.003  1973.157  14.993   0.013 1.34700    8.922780  17.358   1.621   2.304   1.268  79  66  58  30
  L110-S1219      465.528  2003.030  15.909   0.029 1.34700    8.922780  18.694  81.305   2.780   1.333  37   0  18   8
  L110-S1220      692.363  2003.024  14.991   0.013 1.34700    8.922780  17.505   2.104   2.515   1.204  41  36  20   9
  L110-S1227      387.439  2052.145  15.761   0.024 1.34700    8.922780  18.344   2.030   2.528   1.263  45  24  17   8
  L110-S1235     1837.176  2092.805  15.260   0.016 1.34700    8.922780  17.955   2.206   2.741   1.334  74  36  55  30
  L110-S1237     1259.428  2104.803  16.425   0.043 1.34700    8.922780  19.077   2.090   2.585   1.222  75  15  46  30
  L110-S1243     1423.529  2124.780  16.478   0.048 1.34700    8.922780  19.254  80.745   2.655   1.267  74   0  50  32
  L110-S1246      199.289  2150.264  16.230   0.038 1.34700    8.922780  18.610  81.389   2.395   1.226  41   0  12   9
  L110-S1258      998.678  2197.089  15.420   0.018 1.34700    8.922780  17.970   2.120   2.596   1.260  66  40  30  13
  L110-S1262      814.204  2225.578  15.066   0.014 1.34700    8.922780  18.079   2.633   3.099   1.431  59  22  22  11
  L110-S1264     1328.461  2233.772  15.230   0.016 1.34700    8.922780  18.694  81.305   3.507   1.565  87   0  53  34
  L110-S1273     1518.711  2275.202  15.479   0.019 1.34700    8.922780  18.944  81.055   3.460   1.571  87   0  53  31
c L110-S1275      737.498  2280.703  15.215   0.015 1.34700    8.922780  17.606   1.903   2.362   1.186  67  45  21  10
  L110-S1278     1062.496  2299.861  16.440   0.043 1.34700    8.922780  19.134  80.865   2.495   1.239  69   0  32  12
  L110-S1294      242.836  2380.229  14.937   0.013 1.34700    8.922780  17.160   1.803   2.212   1.156  56  47  13  10
  L110-S1295     1034.995  2399.099  15.821   0.026 1.34700    8.922780  18.053   2.030   2.438   1.187  67  41  30  14
c L110-S1298     1229.204  2439.469  14.879   0.012 1.34700    8.922780  17.246   1.861   2.350   1.149  96  71  52  34
  L110-S1301     1320.146  2440.656  15.743   0.023 1.34700    8.922780  18.300   2.080   2.559   1.243  94  45  52  34
  L110-S1312     1038.123  2478.594  15.959   0.030 1.34700    8.922780  18.971   2.559   2.971   1.370  66  10  32  14
c L110-S1318      712.757  2498.990  14.883   0.012 1.34700    8.922780  17.602   2.302   2.710   1.284  64  41  21  11
c L110-S1322      157.099  2517.174  15.639   0.023 1.34700    8.922780  18.245   2.017   2.429   1.195  54  33  14  10
  L110-S1331      976.376  2545.056  16.513   0.047 1.34700    8.922780  19.376  80.623   2.557   1.267  58   0  30  13
  L110-S1349     1645.923  2614.978  15.034   0.013 1.34700    8.922780  17.462   2.018   2.488   1.211  82  66  56  33
  L110-S1350      648.931  2628.183  15.370   0.018 1.34700    8.922780  17.714   1.927   2.368   1.186  64  46  17  10
  L110-S1354      866.551  2648.214  14.550   0.009 1.34700    8.922780  16.620   1.719   2.147   1.110  71  54  30  13
  L110-S1365      157.032  2703.715  15.825   0.028 1.34700    8.922780  18.267   1.849   2.248   1.146  57  35  14  10
  L110-S1372     1309.198  2709.136  16.294   0.042 1.34700    8.922780  18.796   2.038   2.493   1.238  96  34  52  34
  L110-S1375     1676.584  2727.311  16.222   0.037 1.34700    8.922780  19.093   2.315   2.885   1.412  72  13  64  34
  L110-S1380     1585.667  2761.249  15.536   0.021 1.34700    8.922780  17.691   1.788   2.234   1.144  90  67  55  34
  L110-S1389     1444.969  2794.754  16.483   0.047 1.34700    8.922780  19.320  80.679   2.870   1.394  91   0  56  34
c L110-S1391      996.041  2823.665  15.206   0.016 1.34700    8.922780  17.612   1.925   2.359   1.172  72  49  32  14
  L110-S1405      238.293  2907.271  16.053   0.034 1.34700    8.922780  18.831  81.168   2.677   1.325  57   0  14  10
  L110-S1414     1134.432  2938.582  14.378   0.007 1.34700    8.922780  17.405   2.618   3.056   1.397  93  52  46  26
  L110-S1420       69.735  2992.190  14.944   0.013 1.34700    8.922780  17.772   2.372   2.806   1.342  45  29  14  10
  L110-S1424      904.187  2994.958  16.249   0.038 1.34700    8.922780  18.715   1.925   2.379   1.172  71  25  31  14
  L110-S1430     1056.382  3020.053  14.616   0.009 1.34700    8.922780  17.689   2.654   3.094   1.424  75  36  32  14
  L110-S1437      605.490  3046.000  16.075   0.036 1.34700    8.922780  18.310   1.831   2.312   1.144  67  35  21  11
c L110-S1442     1774.760  3091.804  15.202   0.015 1.34700    8.922780  17.096   1.574   1.903   0.917  85  51  64  33
  L110-S1446     1965.080  3100.125  15.754   0.025 1.34700    8.922780  18.257   2.079   2.509   1.200  98  48  71  39
  L110-S1447      205.300  3114.324  16.398   0.045 1.34700    8.922780  19.244   2.417   2.862   1.382  53   7  14  10
c L110-S1448      887.940  3107.868  15.248   0.016 1.34700    8.922780  17.589   1.943   2.354   1.158  73  49  31  14
  L110-S1462      145.650  3170.763  15.757   0.027 1.34700    8.922780  18.172   1.969   2.465   1.265  57  32  14  10
c L110-S1468     1729.095  3177.962  15.715   0.023 1.34700    8.922780  18.462   2.311   2.748   1.299  81  21  63  33
  L110-S1476      510.169  3219.146  16.417   0.049 1.34700    8.922780  19.152   1.816   2.798   1.564  60  16  17   8
  L110-S1477     1142.242  3216.208  15.392   0.019 1.34700    8.922780  17.517   1.789   2.157   1.074  93  63  46  28
  L110-S1478      344.330  3231.927  16.316   0.042 1.34700    8.922780  18.978   2.355   2.708   1.303  60  13  16   8
  L110-S1484       98.319  3296.925  16.441   0.049 1.34700    8.922780  18.913   1.929   2.370   1.205  56  16  14  10
  L110-S1485     1417.106  3286.244  15.151   0.015 1.34700    8.922780  18.480   2.916   3.372   1.524 102  20  55  34
  L110-S1487     1511.815  3300.638  15.992   0.032 1.34700    8.922780  18.615   2.233   2.715   1.304  87  28  53  32
  L110-S1492      338.540  3381.041  15.922   0.030 1.34700    8.922780  17.987   1.730   2.094   1.081  61  41  15   8
  L110-S1502      214.905  3434.669  15.959   0.031 1.34700    8.922780  18.376   2.020   2.417   1.188  57  28  13  10
  L110-S1509      936.292  3496.499  16.422   0.046 1.34700    8.922780  18.776   1.969   2.394   1.172  69  21  30  14
  L110-S1526     1573.189  3605.878  14.923   0.011 1.34700    8.922780  17.239   1.881   2.364   1.172  91  70  52  33
c L110-S1527      738.652  3615.656  14.137   0.007 1.34700    8.922780  17.614   3.034   3.503   1.559  68  27  21  11
  L110-S1528     1100.363  3621.898  16.102   0.035 1.34700    8.922780  18.360   1.864   2.295   1.125  82  36  31  16
  L110-S1531      917.581  3644.774  15.875   0.029 1.34700    8.922780  18.812   2.325   2.853   1.351  66  14  27  13
c L110-S1539      246.098  3717.195  14.514   0.009 1.34700    8.922780  17.933   2.938   3.366   1.527  62  17  16   9
  L110-S1547      781.460  3763.881  16.285   0.042 1.34700    8.922780  19.194  80.805   3.043   1.424  64   0  22   9
  L110-S1554       78.314  3799.220  14.740   0.012 1.34700    8.922780  17.985   2.862   3.265   1.496  53  12  14   9
  L110-S1555      563.824  3797.203  14.747   0.010 1.34700    8.922780  17.857   2.700   3.115   1.440  66  25  20  10
  L110-S1558     1069.801  3798.765  14.755   0.011 1.34700    8.922780  16.972   1.846   2.253   1.124  75  51  28  13
  L110-S1561     1272.991  3807.940  14.745   0.010 1.34700    8.922780  18.012   2.862   3.299   1.486  94  29  48  31
c L110-S1563      216.995  3835.910  15.935   0.035 1.34700    8.922780  18.150   1.857   2.255   1.139  43  30  14  10
c L110-S1568      737.597  3867.731  14.981   0.013 1.34700    8.922780  16.986   1.649   1.986   1.040  53  44  21  11
  L110-S1591     2002.248  3993.574  16.016   0.031 1.34700    8.922780  18.134   1.878   2.297   1.154  65  39  48  23
  L110-S1593      590.319  4017.357  16.216   0.039 1.34700    8.922780  18.673  81.326   2.344   1.163  36   0  19   8
  L110-S1596     1452.808  4029.828  16.121   0.038 1.34700    8.922780  18.573   1.823   2.479   1.236  66  31  43  25
  L110-S1598      216.363  4054.791  16.346   0.047 1.34700    8.922780  18.649  81.350   2.375   1.187  33   0  13   9
c L98-S1283      1675.306   561.084  13.656   0.004 1.20000    0.244591  14.488   0.680   0.855   0.442  25  24  25  21
  L98-S1293      1789.558   902.084  13.636   0.004 1.20000    0.244591  14.599   0.835   0.975   0.492  24  23  24  20
b L98-S1312      1914.886  1567.756  13.734   0.004 1.20000    0.244591  14.793   0.875   1.068   0.553  26  26  25  22
  L98-S1316      1488.486  1814.170  13.457   0.004 1.20000    0.244591  14.665   1.033   1.223   0.616  26  21  22  17
  L98-S1318      1853.455  1899.020  12.108   0.001 1.20000    0.244591  13.922   1.667   1.854   0.913  29  28  28  23
  L98-S1320      1745.167  2022.326  13.519   0.004 1.20000    0.244591  14.185   0.535   0.670   0.345  29  26  26  23
  L98-S1322      1361.137  2052.438  13.120   0.003 1.20000    0.244591  13.977   0.703   0.867   0.439  28  26  20  18
  L98-S1347      1734.578  3008.550  13.865   0.005 1.20000    0.244591  14.574   0.614   0.714   0.362  26  24  24  20
c L98-S1351      1331.805  3091.235  13.885   0.005 1.20000    0.244591  14.768   0.743   0.869   0.438  26  24  18  15
  L98-S1354      1578.004  3308.304  14.008   0.005 1.20000    0.244591  14.600   0.469   0.604   0.308  21  20  20  17
  L98-S1817      1264.624   623.141  11.948   0.001 1.20000    0.244591  12.855   0.775   0.950   0.473  24  24  19  16
  L98-S1838      1618.581  1110.146  12.093   0.001 1.20000    0.244591  13.653   1.476   1.575   0.754  24  23  24  21
  L98-S1858      1599.970  1432.204  13.527   0.004 1.20000    0.244591  14.245   0.586   0.721   0.354  24  24  24  21
  L98-S1864      1824.427  1496.891  14.118   0.006 1.20000    0.244591  14.920   0.665   0.825   0.441  25  24  23  20
  L98-S1866      1435.007  1514.485  14.856   0.010 1.20000    0.244591  15.914   0.872   1.034   0.519  24  21  18  16
  L98-S1906      1900.664  2202.024  15.266   0.016 1.20000    0.244591  16.397   0.942   1.156   0.608  30  27  27  21
c L98-S1910      1741.044  2238.725  14.222   0.008 1.20000    0.244591  14.949   0.628   0.724   0.401  27  25  25  21
  L98-S1926      1842.727  2565.319  12.152   0.001 1.20000    0.244591  13.160   0.897   1.014   0.506  28  27  25  21
c L98-S1944      1341.254  2825.842  14.677   0.012 1.20000    0.244591  15.581   0.688   0.850   0.432  26  24  18  15
  L98-S1950       631.191  2911.799  15.412   0.017 1.20000    0.244591  17.726   1.504   2.258   1.205  18  18  11  11
  L98-S1954       751.764  3041.750  15.234   0.015 1.20000    0.244591  16.085   0.675   0.882   0.451  22  21  15  14
  L98-S1970       694.343  3276.847  15.776   0.023 1.20000    0.244591  16.717   0.733   0.923   0.471  18  17  12  12
