#Star             Xc        Yc      Mag      Merr  Airmass UT             V       B-V     V-I      R-I   nV nBV nVI nRI 
  L101-338       1783.808   590.556  13.163   0.003 1.71700    5.428327  13.806   0.614   0.720   0.346  66  66  66  57
  L101-339        886.590   620.963  13.671   0.005 1.71700    5.428327  14.518   0.809   0.901   0.414  63  63  62  56
  L101-341       1580.806  1263.050  13.778   0.005 1.71700    5.428327  14.374   0.567   0.643   0.305  92  86  53  51
  L101-342       1590.920  1340.654  14.964   0.015 1.71700    5.428327  15.592   0.537   0.668   0.325  91  85  53  50
  L101-343       1351.313  1343.741  14.812   0.012 1.71700    5.428327  15.510   0.648   0.757   0.360  59  59  52  50
  L101-S13       1245.231    85.752  14.974   0.014 1.71700    5.428327  16.011   0.933   1.100   0.500  61  61  61  64
  L101-S14       1514.796   104.581  17.348   0.124 1.71700    5.428327  18.801   0.892   1.061   0.489  64  60  58  58
  L101-S15       1636.920   115.878  14.460   0.009 1.71700    5.428327  15.127   0.642   0.743   0.361  68  68  65  64
  L101-S18        612.326   283.061  17.113   0.105 1.71700    5.428327  17.940   0.841   1.008   0.484  54  54  54  56
  L101-S19        284.979   303.608  16.573   0.063 1.71700    5.428327  17.550   0.867   1.013   0.475  52  52  52  58
  L101-S21       1349.953   400.975  17.066   0.094 1.71700    5.428327  17.749   0.569   0.706   0.346  60  60  60  60
  L101-S22       1799.711   450.770  17.228   0.109 1.71700    5.428327  18.807   1.473   1.793   0.853  57  51  57  61
  L101-S23        894.924   475.266  16.695   0.070 1.71700    5.428327  17.934   0.978   1.170   0.525  58  58  58  61
  L101-S25        476.549   543.791  15.487   0.024 1.71700    5.428327  16.509   0.920   1.067   0.489  55  55  55  51
  L101-S30        395.979   681.986  17.713   0.178 1.71700    5.428327  18.748   0.580   0.754   0.384  57  51  52  52
  L101-S31        864.318   694.032  16.456   0.055 1.71700    5.428327  17.175   0.760   0.837   0.394  59  59  59  52
  L101-S33        501.339   727.089  16.256   0.047 1.71700    5.428327  18.267   1.455   1.904   0.963  59  48  58  54
  L101-S36       1993.774   783.000  16.060   0.036 1.71700    5.428327  17.888   1.472   1.901   0.956  98  77  72  63
  L101-S37        904.714   795.973  17.529   0.147 1.71700    5.428327  18.022   0.460   0.638   0.319  74  71  54  54
  L101-S38       1918.064   814.299  17.621   0.155 1.71700    5.428327  19.460   1.478   1.959   0.979  80  37  62  57
  L101-S39        922.229   840.167  16.303   0.049 1.71700    5.428327  17.065   0.578   0.733   0.355  71  68  49  49
  L101-S40       1937.947   871.061  16.824   0.076 1.71700    5.428327  19.011   1.472   2.097   1.115  78  47  55  47
  L101-S42        622.882   905.426  16.570   0.060 1.71700    5.428327  18.317   1.460   1.815   0.874  48  38  36  34
  L101-S44        277.512  1124.849  16.192   0.044 1.71700    5.428327  18.025   1.494   1.853   0.908  63  54  44  44
  L101-S46        883.888  1171.888  16.025   0.036 1.71700    5.428327  18.066   1.470   2.095   1.112  69  57  44  44
  L101-S47       1543.233  1177.043  17.586   0.158 1.71700    5.428327  18.231   0.621   0.792   0.382  85  73  51  51
  L101-S48       2002.980  1182.380  13.373   0.004 1.71700    5.428327  14.184   0.788   0.892   0.407  96  90  57  51
  L101-S49        648.829  1185.590  16.847   0.079 1.71700    5.428327  17.943   0.831   0.951   0.452  65  61  44  44
  L101-S50       1182.697  1194.250  15.521   0.024 1.71700    5.428327  16.274   0.720   0.791   0.369  61  61  53  51
  L101-S51       1796.670  1223.649  17.036   0.090 1.71700    5.428327  18.558   1.208   1.456   0.649  88  63  53  50
  L101-S53        291.398  1278.727  16.578   0.058 1.71700    5.428327  18.269   1.290   1.513   0.687  62  52  42  42
  L101-S56       1425.559  1349.655  16.103   0.040 1.71700    5.428327  16.898   0.631   0.814   0.399  59  59  52  50
  L101-S57        449.515  1357.943  17.329   0.120 1.71700    5.428327  18.960   1.431   1.765   0.844  59  42  43  42
  L101-S59        647.027  1385.600  16.509   0.054 1.71700    5.428327  17.205   0.747   0.800   0.384  62  62  43  41
  L101-S60       1556.174  1403.357  15.440   0.021 1.71700    5.428327  16.447   1.024   1.110   0.486  90  81  52  49
  L101-S61        985.338  1442.005  16.444   0.055 1.71700    5.428327  17.212   0.582   0.716   0.358  66  66  48  44
  L101-S62       1466.575  1464.626  16.120   0.041 1.71700    5.428327  16.827   0.516   0.659   0.323  75  75  52  47
  L101-S63        773.045  1514.158  17.017   0.092 1.71700    5.428327  18.045   0.940   1.105   0.517  60  56  43  40
  L101-S64        420.071  1533.267  16.809   0.077 1.71700    5.428327  19.155   1.582   2.364   1.319  56  33  43  40
  L101-S65       1924.814  1551.072  12.045   0.001 1.71700    5.428327  12.749   0.658   0.783   0.368  91  88  56  47
  L101-S67       2031.343  1666.173   0.000   0.000 1.71700    5.428327  15.191   0.647   0.812   0.399  85  81  49  47
  L101-S70       1095.227  1914.156  13.751   0.005 1.71700    5.428327  14.517   0.742   0.813   0.376  59  59  47  47
  L101-S71        295.011  1926.092  16.990   0.089 1.71700    5.428327  18.851   1.434   1.830   0.916  53  38  39  39
  L101-S72       1385.256  1988.991  17.882   0.199 1.71700    5.428327  19.696   1.611   2.118   1.087  39  20  39  45
  L101-S73       1569.887  2063.945  12.704   0.002 1.71700    5.428327  13.449   0.737   0.809   0.371  82  72  47  46
  L101-S74        833.960  2095.823  17.415   0.127 1.71700    5.428327  18.612   1.094   1.320   0.592  56  43  40  39
  L101-S75       1088.991  2149.933  16.464   0.054 1.71700    5.428327  18.497   1.576   1.981   0.989  55  43  43  43
  L101-S76       1815.207  2185.785  17.499   0.143 1.71700    5.428327  19.245   1.328   1.587   0.711  73  44  42  42
  L101-S80       2001.440  2253.432  17.732   0.167 1.71700    5.428327  19.610   1.527   1.960   0.974  65  30  42  42
  L101-S81       1816.968  2283.867  17.279   0.115 1.71700    5.428327  18.512   0.770   0.944   0.459  71  63  42  42
  L101-S82       1232.596  2322.033  13.691   0.005 1.71700    5.428327  14.390   0.649   0.738   0.348  48  48  42  42
  L101-S83        455.157  2327.697  17.173   0.107 1.71700    5.428327  19.652   1.619   2.555   1.450  47  15  39  39
  L101-S84       1483.389  2348.217  18.482   0.358 1.71700    5.428327  18.871   0.473   0.647   0.328  60  58  39  39
  L101-S85       1849.721  2353.676  15.262   0.019 1.71700    5.428327  16.886   1.413   1.717   0.799  69  69  42  42
  L101-S86       2034.839  2359.881   0.000   0.000 1.71700    5.428327  18.078   0.018  -0.175  -0.090  67  66  40  40
  L101-S87       1213.076  2429.759  13.910   0.006 1.71700    5.428327  14.765   0.806   0.906   0.435  48  48  42  42
  L101-S89        927.024  2503.623  15.437   0.021 1.71700    5.428327  17.268   1.458   1.834   0.893  40  40  39  33
  L101-S91       1882.554  2541.350  17.002   0.091 1.71700    5.428327  19.332   1.553   2.260   1.229  36  22  36  36
  L101-S272      1347.084  2707.880  16.617   0.062 1.71700    5.428327  18.441   1.474   1.821   0.890  43  31  39  33
  L101-S275      1102.203  2784.555  16.442   0.052 1.71700    5.428327  18.493   1.518   2.124   1.129  23  20  16  13
  L101-S277      1728.368  2842.768  14.099   0.007 1.71700    5.428327  14.772   0.628   0.739   0.365  29  29  25  20
  L101-S346       317.923  2903.789  15.693   0.027 1.71700    5.428327  17.236   1.270   1.598   0.731  31  31  30  26
  L101-S347      1509.208  2906.694  15.660   0.027 1.71700    5.428327  16.664   0.783   0.971   0.474  44  43  33  30
  L101-S349      1251.958  2949.009  12.405   0.002 1.71700    5.428327  13.431   0.995   1.070   0.506  35  35  31  30
  L101-S354       247.107  3017.938  15.394   0.021 1.71700    5.428327  16.100   0.628   0.741   0.350  38  34  30  25
  L101-S362       985.112  3200.649  12.690   0.002 1.71700    5.428327  13.453   0.710   0.810   0.394  33  33  30  27
  L101-S363      1344.869  3205.649  13.054   0.003 1.71700    5.428327  13.751   0.623   0.747   0.367  36  36  33  30
  L101-S365      1187.281  3258.657  13.747   0.005 1.71700    5.428327  14.459   0.656   0.759   0.377  36  36  33  30
  L101-S368      1384.605  3325.338  16.449   0.053 1.71700    5.428327  18.298   1.456   1.826   0.896  36  29  33  30
  L101-S375       444.637  3799.556  16.413   0.052 1.71700    5.428327  17.255   0.621   0.775   0.394  39  36  30  25
  L101-S378       854.035  3830.871  16.617   0.062 1.71700    5.428327  18.338   1.324   1.645   0.765  40  31  30  27
  L101-S386      1610.520  4108.129   0.000   0.000 1.71700    5.428327  16.659   1.206   1.387   0.618  52  45  33  30
  L101-S521       350.406  3028.401  17.418   0.128 1.71700    5.428327  18.311   0.756   0.929   0.430  39  30  30  25
e L101-S524      1669.942  3180.624  14.512   0.010 1.71700    5.428327  15.271   0.656   0.770   0.387  52  45  33  29
  L101-S773      1137.691   241.640  18.040   0.230 1.71700    5.428327  19.720  80.279   1.771   0.820  24   0  13  13
  L101-S796      1738.833  1597.909  17.733   0.178 1.71700    5.428327  20.062  79.937   2.269   1.200  27   0  13   8
  L101-S816      2019.651  2679.783  18.172   0.274 1.71700    5.428327  20.260  79.739   1.822  81.561  12   0   8   0
  L104-334        840.954   228.207  12.904   0.003 1.72800    1.750587  13.486   0.523   0.646   0.328 122  98 115  71
  L104-336        951.383   462.877  13.611   0.005 1.72800    1.750587  14.409   0.822   0.867   0.409 117  90 109  64
  L104-338       1268.727   770.797  15.469   0.023 1.72800    1.750587  16.074   0.590   0.701   0.356  94  70  92  56
  L104-339        569.795   944.183  14.584   0.011 1.72800    1.750587  15.474   0.836   0.947   0.452  96  77  95  47
  L104-S46       2025.921   475.090  16.085   0.043 1.72800    1.750587  16.890   0.730   0.817   0.399  98  76  95  48
  L104-S47       1380.720   529.624  16.064   0.038 1.72800    1.750587  17.481   1.279   1.464   0.651  93  68  90  48
  L104-S51        393.892   784.913  16.987   0.092 1.72800    1.750587  18.046   0.911   1.088   0.534  84  68  82  50
  L104-S53        531.801   901.214  16.364   0.051 1.72800    1.750587  17.361   0.819   0.925   0.449  90  72  90  46
  L104-S56       1730.109  1128.655  15.439   0.022 1.72800    1.750587  16.203   0.706   0.817   0.411 102  79  96  51
  L104-S61       1710.765  1721.288  17.051   0.101 1.72800    1.750587  17.835   0.586   0.682   0.360  96  75  88  56
  L104-S62       1771.745  1749.406  16.078   0.040 1.72800    1.750587  16.748   0.616   0.718   0.366  96  76  95  56
  L104-S66       1534.673  2017.246  15.338   0.022 1.72800    1.750587  16.589   1.157   1.350   0.601  84  61  79  47
  L104-S201        85.326   103.941  16.762   0.075 1.72800    1.750587  19.314   1.532   2.561   1.495  63  25  63  44
  L104-S204      1986.581   187.484  17.202   0.111 1.72800    1.750587  19.301   1.490   2.117   1.138  67  25  67  49
  L104-S206      1752.688   209.140  17.730   0.176 1.72800    1.750587  18.458   0.518   0.660   0.344  88  72  81  49
  L104-S211       526.626   301.327  18.284   0.307 1.72800    1.750587  19.815  80.184   0.951   0.447  48   0  48  35
  L104-S219      1754.169   614.442  19.003   0.564 1.72800    1.750587  20.658  79.341   0.874   0.412  21   0  21  20
  L104-S223      1663.242   650.941  16.892   0.085 1.72800    1.750587  18.138   0.922   1.061   0.497  95  69  86  42
  L104-S226        81.652   829.350  19.023   0.611 1.72800    1.750587  20.247   1.131   1.316   0.582  34  12  34  34
  L104-S229      1919.184   876.833  18.703   0.441 1.72800    1.750587  19.973   0.377   0.474   0.230  42  36  26  26
  L104-S232      1076.046   946.822  17.313   0.126 1.72800    1.750587  19.326   1.486   2.243   1.225  62  22  62  44
  L104-S233      2013.337   965.406  18.244   0.302 1.72800    1.750587  20.691  79.308   1.218   0.582  16   0  16  18
  L104-S234      1122.439   993.428  18.429   0.340 1.72800    1.750587  19.422   0.566   0.722   0.376  62  48  57  39
  L104-S235       842.918  1016.533  19.416   0.868 1.72800    1.750587  19.942   0.976   1.146   0.538  41  17  41  36
  L104-S238      1636.574  1059.269  17.997   0.235 1.72800    1.750587  20.055   1.533   2.026   1.029  37   9  37  36
  L104-S240       155.660  1092.633  19.332   0.795 1.72800    1.750587  20.449   0.695   0.800   0.404  32  14  20  20
  L104-S242       464.239  1160.211  18.323   0.320 1.72800    1.750587  20.302   1.281   1.532   0.722  35  12  35  33
  L104-S243       654.964  1166.846  17.690   0.174 1.72800    1.750587  19.732   1.428   1.759   0.866  52  19  52  47
  L104-S244      1196.787  1172.806  17.725   0.183 1.72800    1.750587  20.280  79.719   2.555   1.470  35   0  35  40
  L104-S245      1862.134  1195.307  18.222   0.291 1.72800    1.750587  19.131   0.551   0.684   0.366  81  63  69  49
  L104-S247      1455.838  1223.255  17.387   0.129 1.72800    1.750587  19.905   1.592   2.106   1.103  38  12  38  38
  L104-S248      1775.100  1242.715  17.654   0.174 1.72800    1.750587  19.447   1.430   1.706   0.791  63  22  63  52
  L104-S251      1648.714  1307.996  21.751   7.373 1.72800    1.750587  20.436   0.568   0.740   0.397  32  17  22  22
  L104-S254       521.590  1330.493  18.235   0.283 1.72800    1.750587  19.726   0.727   0.840   0.450  53  34  48  38
  L104-S255       166.337  1351.893  19.984   1.405 1.72800    1.750587  20.452   0.502   0.563   0.322  29  14  16  16
  L104-S266       483.881  1504.349  18.444   0.364 1.72800    1.750587  18.810   0.436   0.590   0.319  81  64  68  47
  L104-S268      1188.702  1540.681  17.563   0.157 1.72800    1.750587  19.562   1.408   1.801   0.902  57  16  57  44
  L104-S271        70.439  1573.959  19.738   1.137 1.72800    1.750587  20.307   0.714   0.880   0.432  29  14  24  24
  L104-S274       409.233  1630.465  19.059   0.626 1.72800    1.750587  19.529   0.469   0.601   0.330  57  46  38  34
  L104-S276       545.480  1672.200  18.302   0.312 1.72800    1.750587  20.404   0.578   0.745   0.395  26  15  20  20
  L104-S285       642.269  1916.532  17.424   0.138 1.72800    1.750587  20.062  79.937   2.361   1.336  21   0  21  33
  L104-S287      1507.450  1952.959  18.508   0.361 1.72800    1.750587  19.478   0.440   0.616   0.346  51  37  39  39
  L104-S291      1724.444  2116.873  17.671   0.170 1.72800    1.750587  19.812   1.501   2.228   1.201  34  14  34  46
  L104-S295      1739.399  2246.984  17.637   0.169 1.72800    1.750587  20.080   0.987   1.235   0.552  28  14  28  36
  L104-S296      1573.070  2265.292  18.477   0.352 1.72800    1.750587  20.208  79.791   1.962   0.992  28   0  28  41
  L104-S297      1411.367  2292.198  18.525   0.378 1.72800    1.750587  20.868  79.131   2.224   1.186   9   0   9  17
  L104-S300      1562.937  2333.794  18.297   0.302 1.72800    1.750587  18.961   0.486   0.665   0.350  75  56  66  50
  L104-S301      1742.252  2340.771   0.000   0.000 1.72800    1.750587  20.604   0.566   0.713   0.367  22  13  14  14
  L104-S302      1778.663  2400.033  17.736   0.179 1.72800    1.750587  19.002   1.117   1.432   0.677  69  40  69  53
  L104-S307      1533.216  2520.331  20.323   1.957 1.72800    1.750587  20.256   1.246   1.591   0.719  23   7  23  29
  L104-S309      1995.262  2560.099  17.705   0.179 1.72800    1.750587  19.954   1.539   1.953   0.971  24   8  24  29
  L104-S313      1733.415  2688.100  18.685   0.432 1.72800    1.750587  20.099   0.734   0.939   0.442  24  14  24  26
  L104-S317      1802.885  2819.873  17.613   0.157 1.72800    1.750587  19.656  80.343   2.311   1.267  38   0  38  46
  L104-S323        -6.900  3382.581   0.000   0.000 1.72800    1.750587  19.964  80.035   1.432   0.669  20   0  20  25
  L104-S324      2011.945  3411.152  16.822   0.075 1.72800    1.750587  19.055   1.534   2.131   1.170  50  19  50  38
  L104-S351      1810.788   305.194  16.550   0.060 1.72800    1.750587  18.273   1.358   1.747   0.851  94  68  94  51
e L104-S362      1735.192  1769.813  15.014   0.014 1.72800    1.750587  15.632   0.640   0.740   0.373 101  77  98  56
  L104-S363       427.878  1796.929  17.615   0.168 1.72800    1.750587  18.952   1.124   1.318   0.590  75  42  74  47
  L104-S364      1290.442  1807.351  16.797   0.078 1.72800    1.750587  19.024   1.411   2.050   1.103  70  37  70  53
  L104-S367       417.091  2091.162  17.407   0.135 1.72800    1.750587  18.957   1.127   1.338   0.589  64  33  64  43
  L104-S371      1287.857  2560.753  18.830   0.493 1.72800    1.750587  19.398   0.438   0.646   0.346  42  31  33  22
  L104-S373      1404.578  2615.715  17.794   0.197 1.72800    1.750587  18.304   0.493   0.694   0.361  52  44  52  29
  L104-S374      1888.257  2622.937  15.264   0.019 1.72800    1.750587  16.068   0.755   0.891   0.438  61  51  61  34
  L104-S375       208.322  2667.820  16.614   0.068 1.72800    1.750587  17.634   0.594   0.766   0.389  60  49  60  39
  L104-S376       567.908  2679.973  17.781   0.182 1.72800    1.750587  18.663   0.742   0.882   0.454  63  50  63  39
  L104-S377       235.022  2684.169  16.674   0.072 1.72800    1.750587  17.531   0.564   0.736   0.380  64  53  64  41
  L104-S378        70.162  2690.738  16.722   0.073 1.72800    1.750587  17.405   0.566   0.697   0.362  64  55  64  41
  L104-S515       829.409  2860.999  13.154   0.003 1.72800    1.750587  14.071   0.788   0.969   0.496  78  61  78  41
  L104-S519        83.083  3047.008  16.915   0.083 1.72800    1.750587  17.880   0.839   0.958   0.481  65  51  65  37
  L104-S520      1126.772  3068.467  17.106   0.100 1.72800    1.750587  17.948   0.670   0.751   0.382  70  54  68  37
  L104-S521       617.772  3073.608  15.564   0.025 1.72800    1.750587  17.172   1.343   1.638   0.771  70  54  70  37
  L104-S523       364.238  3144.107  12.378   0.002 1.72800    1.750587  13.354   0.981   1.034   0.507  67  52  67  37
  L104-S527       747.138  3252.749  14.641   0.010 1.72800    1.750587  16.257   1.325   1.646   0.787  74  56  74  37
  L104-S528       392.979  3342.865  16.346   0.050 1.72800    1.750587  17.593   1.036   1.239   0.579  62  47  62  35
  L104-S529       781.836  3348.874  15.944   0.034 1.72800    1.750587  16.830   0.795   0.894   0.451  66  50  66  35
  L104-S530      1616.843  3365.481  16.937   0.084 1.72800    1.750587  17.880   0.704   0.789   0.400  69  53  69  40
  L104-S535      1900.909  3721.906  14.052   0.006 1.72800    1.750587  14.970   0.863   0.975   0.457  56  41  56  34
  L104-S670      1226.687  3656.031  16.571   0.062 1.72800    1.750587  17.318   0.614   0.754   0.396  56  42  56  32
e L104-S673       793.989  3982.838  14.691   0.012 1.72800    1.750587  15.443   0.713   0.797   0.398  42  25  33  18
  L104-S782      1776.199  2722.141  19.107   0.622 1.72800    1.750587  20.521  79.478   1.048   0.451  21   0  21  21
  L104-S784       978.260  2872.472  18.560   0.381 1.72800    1.750587  19.942   0.460   0.599   0.331  25  18  22  21
  L104-S785       402.583  3056.152  18.521   0.379 1.72800    1.750587  19.650   0.946   1.233   0.570  28  13  28  29
  L104-S787       472.709  3208.627  18.215   0.282 1.72800    1.750587  20.122   0.521   0.672   0.393  18   9  17  16
  L104-S789       426.362  3294.430  18.709   0.449 1.72800    1.750587  20.035   0.516   0.644   0.358  19  11  18  16
  L104-S794       565.804  3450.333  18.786   0.482 1.72800    1.750587  19.036   0.512   0.604   0.350  50  42  47  30
  L104-S797       293.711  3581.650  11.753   0.001 1.72800    1.750587  12.342   0.542   0.638   0.328  52  40  52  32
  L104-S798       773.057  3766.649  16.768   0.078 1.72800    1.750587  18.419   1.266   1.570   0.736  47  27  47  29
  L104-334        688.320   234.215  12.863   0.002 1.15100    5.199145  13.486   0.523   0.646   0.328 122  98 115  71
  L104-336        798.860   469.042  13.580   0.004 1.15100    5.199145  14.409   0.822   0.867   0.409 117  90 109  64
  L104-338       1116.202   777.106  15.419   0.021 1.15100    5.199145  16.074   0.590   0.701   0.356  94  70  92  56
  L104-339        416.761   950.696  14.565   0.010 1.15100    5.199145  15.474   0.836   0.947   0.452  96  77  95  47
  L104-S46       1873.748   481.390  16.062   0.036 1.15100    5.199145  16.890   0.730   0.817   0.399  98  76  95  48
  L104-S47       1228.562   535.762  16.003   0.035 1.15100    5.199145  17.481   1.279   1.464   0.651  93  68  90  48
  L104-S56       1577.981  1135.143  15.451   0.021 1.15100    5.199145  16.203   0.706   0.817   0.411 102  79  96  51
  L104-S57       2013.014  1224.133  15.757   0.028 1.15100    5.199145  16.533   0.600   0.726   0.377  98  78  90  48
  L104-S62       1619.274  1755.993  16.085   0.039 1.15100    5.199145  16.748   0.616   0.718   0.366  96  76  95  56
  L104-S66       1382.399  2024.177  15.276   0.018 1.15100    5.199145  16.589   1.157   1.350   0.601  84  61  79  47
e L104-S362      1582.937  1776.354  14.928   0.013 1.15100    5.199145  15.632   0.640   0.740   0.373 101  77  98  56
  L104-S374      1735.841  2630.049  15.186   0.017 1.15100    5.199145  16.068   0.755   0.891   0.438  61  51  61  34
  L104-S515       676.095  2868.484  13.119   0.003 1.15100    5.199145  14.071   0.788   0.969   0.496  78  61  78  41
  L104-S518      1916.944  2942.691  15.215   0.017 1.15100    5.199145  15.934   0.564   0.725   0.376  79  61  79  43
  L104-S521       464.268  3081.266  15.524   0.023 1.15100    5.199145  17.172   1.343   1.638   0.771  70  54  70  37
  L104-S523       210.759  3151.816  12.333   0.002 1.15100    5.199145  13.354   0.981   1.034   0.507  67  52  67  37
  L104-S527       593.966  3260.527  14.628   0.010 1.15100    5.199145  16.257   1.325   1.646   0.787  74  56  74  37
  L104-S529       628.652  3356.831  15.833   0.030 1.15100    5.199145  16.830   0.795   0.894   0.451  66  50  66  35
  L104-S535      1748.125  3729.532  14.026   0.006 1.15100    5.199145  14.970   0.863   0.975   0.457  56  41  56  34
e L104-S673       640.675  3991.118  14.631   0.011 1.15100    5.199145  15.443   0.713   0.797   0.398  42  25  33  18
  L104-S797       139.952  3589.802  11.709   0.001 1.15100    5.199145  12.342   0.542   0.638   0.328  52  40  52  32
  L107-469        345.910   330.270  11.520   0.001 1.39000    5.658227  12.159   0.582   0.695   0.353  58  49  54  39
  L107-S4        1974.101  1935.113  16.360   0.040 1.39000    5.658227  17.472   0.903   1.054   0.510  69  49  66  44
  L107-S8        1241.284  1991.023  14.989   0.012 1.39000    5.658227  15.807   0.726   0.845   0.420  66  44  61  46
  L107-S9        1734.897  2016.079  15.090   0.013 1.39000    5.658227  15.911   0.735   0.883   0.454  70  51  66  46
  L107-S10       1628.803  2087.009  15.930   0.027 1.39000    5.658227  16.903   0.801   0.924   0.468  68  52  66  45
  L107-S12       1767.439  2194.764  13.046   0.002 1.39000    5.658227  14.068   0.958   1.069   0.503  62  46  57  38
  L107-S14       1416.735  2283.025  14.821   0.010 1.39000    5.658227  15.596   0.659   0.810   0.413  49  42  49  38
  L107-S16       2016.330  2350.777  13.358   0.003 1.39000    5.658227  14.295   0.880   0.998   0.477  57  41  57  39
  L107-S17       1425.824  2352.510  15.426   0.017 1.39000    5.658227  17.612   1.611   2.230   1.192  59  40  59  39
  L107-S23       1736.806  2520.156  16.425   0.043 1.39000    5.658227  17.533   0.933   1.069   0.529  57  42  54  33
  L107-S28       1176.470  2788.859  13.491   0.003 1.39000    5.658227  14.530   0.923   1.097   0.561  46  33  40  32
  L107-S55       1757.420  1695.895  16.249   0.036 1.39000    5.658227  17.584   1.194   1.396   0.621  77  59  74  51
  L107-S202      1298.690   124.815  16.437   0.044 1.39000    5.658227  17.458   0.862   0.966   0.468  71  51  61  51
  L107-S204      1953.169   140.981  15.655   0.021 1.39000    5.658227  17.188   1.294   1.526   0.682  76  51  71  51
  L107-S214      1416.815   242.565  16.430   0.042 1.39000    5.658227  17.208   0.696   0.840   0.425  67  51  59  50
  L107-S217      2025.739   337.629  15.840   0.027 1.39000    5.658227  16.666   0.672   0.822   0.423  55  41  55  40
  L107-S219       263.899   371.130  14.779   0.010 1.39000    5.658227  15.607   0.726   0.871   0.439  48  40  48  40
  L107-S237       191.725   511.795  15.604   0.021 1.39000    5.658227  16.685   0.947   1.077   0.531  63  56  63  48
  L107-S240      1564.241   542.950  16.041   0.030 1.39000    5.658227  16.898   0.746   0.880   0.447  77  56  73  49
  L107-S252      1799.389   703.820  15.947   0.028 1.39000    5.658227  16.729   0.682   0.823   0.421  80  57  75  52
  L107-S261       803.251   783.064  15.681   0.022 1.39000    5.658227  16.526   0.682   0.849   0.434  70  57  70  51
  L107-S262      1802.111   790.267  16.358   0.038 1.39000    5.658227  17.292   0.843   0.968   0.473  81  57  77  52
e L107-S275      1596.661   990.534  15.092   0.013 1.39000    5.658227  16.061   0.817   0.983   0.493  79  56  72  47
  L107-S279       958.977  1007.634  15.995   0.028 1.39000    5.658227  17.848   1.505   1.868   0.897  65  51  65  47
  L107-S280       108.154  1046.653  15.925   0.028 1.39000    5.658227  16.083   0.166   0.164   0.121  66  57  66  49
  L107-S286       336.533  1096.377  16.478   0.044 1.39000    5.658227  17.679   0.961   1.155   0.546  68  58  68  52
  L107-S293       403.202  1203.139  16.429   0.043 1.39000    5.658227  18.224   1.399   1.706   0.795  67  47  67  46
  L107-S299       805.595  1283.606  16.409   0.042 1.39000    5.658227  17.663   1.083   1.305   0.603  67  58  67  51
  L107-S302       184.635  1310.411  15.732   0.024 1.39000    5.658227  16.746   0.914   1.047   0.504  65  58  65  52
  L107-S303      1795.124  1332.443  13.288   0.003 1.39000    5.658227  14.131   0.807   0.910   0.438  76  60  73  51
  L107-S320       721.846  1546.050  15.628   0.021 1.39000    5.658227  17.642   1.557   1.974   0.976  69  57  69  51
  L107-S321        71.393  1568.383  16.432   0.042 1.39000    5.658227  17.280   0.642   0.788   0.404  66  56  66  51
  L107-S322      1214.388  1581.451  16.559   0.048 1.39000    5.658227  17.328   0.680   0.812   0.417  78  59  73  51
  L107-S325      1147.231  1630.248  15.874   0.026 1.39000    5.658227  16.683   0.629   0.806   0.418  78  59  73  51
  L107-S549      1487.735    78.949  16.184   0.034 1.39000    5.658227  17.026   0.748   0.895   0.454  71  47  62  49
  L107-S552      1644.846   212.478  16.500   0.048 1.39000    5.658227  17.535   0.959   1.071   0.508  74  53  72  51
  L107-S565      1174.793   652.958  15.785   0.024 1.39000    5.658227  18.261   1.608   2.468   1.415  65  46  64  43
  L107-S602      1072.011  1564.439  14.436   0.007 1.39000    5.658227  15.531   0.988   1.137   0.525  76  58  71  51
  L107-S610       331.173  1776.901  15.573   0.019 1.39000    5.658227  16.979   1.281   1.491   0.660  66  56  66  52
  L107-S616        98.206  1834.386  15.298   0.016 1.39000    5.658227  17.728   1.632   2.444   1.374  59  51  59  50
  L107-S622       755.976  1885.987  16.109   0.031 1.39000    5.658227  18.663   1.731   2.514   1.414  56  36  56  46
  L107-S628       698.238  1950.152  15.625   0.020 1.39000    5.658227  16.946   1.128   1.336   0.602  56  44  56  44
  L107-S633       329.274  2062.195  15.776   0.023 1.39000    5.658227  16.881   1.001   1.141   0.536  55  46  55  46
  L107-S637      1020.104  2091.074  16.421   0.042 1.39000    5.658227  18.842   1.554   2.289   1.262  53  35  53  45
  L107-S648       900.132  2170.870  15.745   0.023 1.39000    5.658227  16.519   0.706   0.811   0.425  48  36  47  35
  L107-S660       134.285  2362.145  14.462   0.008 1.39000    5.658227  15.622   1.018   1.197   0.543  49  39  49  37
  L107-S662       907.556  2393.905  16.199   0.035 1.39000    5.658227  18.836   1.631   2.648   1.534  41  24  41  35
  L107-S663       768.378  2395.707  15.456   0.017 1.39000    5.658227  16.560   0.915   1.054   0.540  49  38  49  37
  L107-S673       992.852  2498.041  15.220   0.014 1.39000    5.658227  16.025   0.634   0.832   0.434  46  37  46  33
  L107-S674        93.436  2516.007  15.731   0.023 1.39000    5.658227  16.526   0.686   0.805   0.428  45  37  45  32
  L107-S688       549.010  2652.194  14.009   0.005 1.39000    5.658227  14.822   0.770   0.856   0.440  45  36  45  32
  L107-S690       591.778  2663.233  15.901   0.026 1.39000    5.658227  17.939   1.532   1.992   1.016  43  32  43  31
  L107-S694       743.676  2735.902  16.577   0.048 1.39000    5.658227  18.691   1.538   1.956   0.976  38  24  38  32
  L107-S695        92.597  2736.065  14.822   0.010 1.39000    5.658227  15.859   0.911   1.086   0.538  41  33  40  31
  L107-S700      1014.762  2799.951  15.224   0.014 1.39000    5.658227  17.758   1.629   2.547   1.487  42  29  40  32
  L107-S705       320.841  2841.045  14.590   0.008 1.39000    5.658227  15.323   0.598   0.765   0.427  40  34  40  32
  L107-S721      1174.044  3046.160  13.549   0.004 1.39000    5.658227  14.601   1.020   1.114   0.554  43  32  35  28
  L107-S732      1400.976  3199.735  15.561   0.020 1.39000    5.658227  16.569   0.935   1.053   0.525  41  31  35  28
  L107-S737       702.756  3280.024  13.614   0.004 1.39000    5.658227  14.490   0.809   0.912   0.472  36  32  35  28
  L107-S740       321.939  3331.030  16.129   0.033 1.39000    5.658227  17.005   0.701   0.849   0.456  36  32  35  28
  L107-S746      1678.390  3379.902  15.047   0.011 1.39000    5.658227  15.934   0.802   0.955   0.486  41  33  35  28
e L107-S748       546.975  3398.636  15.048   0.013 1.39000    5.658227  15.821   0.610   0.787   0.434  36  32  35  28
  L107-S749       382.878  3412.454  13.327   0.003 1.39000    5.658227  14.242   0.840   0.963   0.493  36  32  35  28
  L107-S750       352.882  3441.510  13.408   0.003 1.39000    5.658227  14.221   0.742   0.845   0.438  36  32  35  28
  L107-S753      1652.958  3488.314  16.635   0.049 1.39000    5.658227  17.505   0.724   0.852   0.442  39  33  35  28
  L107-S756      1175.801  3539.116  15.215   0.014 1.39000    5.658227  15.192  -0.021   0.022   0.032  41  32  35  28
  L107-S761      1597.755  3572.436  16.640   0.050 1.39000    5.658227  18.066   1.270   1.513   0.686  41  29  35  28
  L107-S762       895.061  3576.454  13.986   0.005 1.39000    5.658227  14.861   0.871   0.934   0.449  36  32  35  28
  L107-S765      1783.975  3588.381  16.172   0.033 1.39000    5.658227  17.871   1.437   1.747   0.833  41  29  35  28
  L107-S771       914.508  3656.470  13.158   0.003 1.39000    5.658227  13.881   0.627   0.776   0.400  35  32  35  28
  L107-S775       362.828  3685.247  16.499   0.046 1.39000    5.658227  17.574   0.966   1.165   0.571  35  32  34  27
  L107-S777      1909.303  3717.829  15.954   0.028 1.39000    5.658227  16.738   0.672   0.813   0.422  41  32  35  28
  L107-S1156      475.850  1755.986  13.737   0.004 1.39000    5.658227  15.452   1.436   1.735   0.801  67  56  67  51
  L107-S1207      256.712  2629.563  16.403   0.041 1.39000    5.658227  19.164   1.735   2.763   1.652  37  20  37  31
  L107-S1313     1711.283  3877.846  16.126   0.032 1.39000    5.658227  17.418   1.121   1.327   0.593  34  24  26  20
e L107-S1323      318.722  3997.334  14.457   0.008 1.39000    5.658227  16.051   1.326   1.567   0.688  27  22  25  18
e L107-S1324     1741.581  4009.921  15.110   0.013 1.39000    5.658227  16.108   0.850   0.980   0.450  32  22  25  18
  L107-S1325      113.667  4026.750  16.479   0.045 1.39000    5.658227  17.379   0.762   0.937   0.452  26  21  25  18
  L107-S4        1864.392  1950.058  16.327   0.040 1.17700    8.703643  17.472   0.903   1.054   0.510  69  49  66  44
  L107-S8        1130.999  2006.189  14.974   0.012 1.17700    8.703643  15.807   0.726   0.845   0.420  66  44  61  46
  L107-S9        1625.005  2031.202  15.074   0.013 1.17700    8.703643  15.911   0.735   0.883   0.454  70  51  66  46
  L107-S10       1518.916  2102.119  15.962   0.029 1.17700    8.703643  16.903   0.801   0.924   0.468  68  52  66  45
  L107-S12       1657.655  2209.919  13.024   0.002 1.17700    8.703643  14.068   0.958   1.069   0.503  62  46  57  38
  L107-S14       1306.328  2298.333  14.807   0.010 1.17700    8.703643  15.596   0.659   0.810   0.413  49  42  49  38
  L107-S16       1906.378  2365.916  13.339   0.003 1.17700    8.703643  14.295   0.880   0.998   0.477  57  41  57  39
  L107-S17       1315.446  2367.894  15.353   0.017 1.17700    8.703643  17.612   1.611   2.230   1.192  59  40  59  39
  L107-S23       1626.814  2535.452  16.458   0.045 1.17700    8.703643  17.533   0.933   1.069   0.529  57  42  54  33
  L107-S28       1065.774  2804.322  13.461   0.003 1.17700    8.703643  14.530   0.923   1.097   0.561  46  33  40  32
  L107-S55       1647.704  1710.586  16.145   0.034 1.17700    8.703643  17.584   1.194   1.396   0.621  77  59  74  51
  L107-S202      1188.977   138.856  16.412   0.044 1.17700    8.703643  17.458   0.862   0.966   0.468  71  51  61  51
  L107-S204      1843.400   155.091  15.713   0.023 1.17700    8.703643  17.188   1.294   1.526   0.682  76  51  71  51
  L107-S214      1306.952   256.742  16.365   0.041 1.17700    8.703643  17.208   0.696   0.840   0.425  67  51  59  50
  L107-S217      1915.952   351.883  15.900   0.027 1.17700    8.703643  16.666   0.672   0.822   0.423  55  41  55  40
  L107-S219       153.076   385.353  14.769   0.010 1.17700    8.703643  15.607   0.726   0.871   0.439  48  40  48  40
  L107-S237        80.796   526.016  15.639   0.022 1.17700    8.703643  16.685   0.947   1.077   0.531  63  56  63  48
  L107-S240      1454.554   557.186  16.001   0.029 1.17700    8.703643  16.898   0.746   0.880   0.447  77  56  73  49
  L107-S252      1689.657   718.098  15.928   0.028 1.17700    8.703643  16.729   0.682   0.823   0.421  80  57  75  52
b L107-S261       693.135   797.395  15.639   0.021 1.17700    8.703643  16.526   0.682   0.849   0.434  70  57  70  51
  L107-S262      1692.480   804.713  16.334   0.040 1.17700    8.703643  17.292   0.843   0.968   0.473  81  57  77  52
e L107-S275      1486.916  1004.864  15.113   0.013 1.17700    8.703643  16.061   0.817   0.983   0.493  79  56  72  47
  L107-S279       848.961  1021.965  16.040   0.030 1.17700    8.703643  17.848   1.505   1.868   0.897  65  51  65  47
  L107-S286       225.555  1111.075  16.539   0.048 1.17700    8.703643  17.679   0.961   1.155   0.546  68  58  68  52
  L107-S299       695.148  1298.311  16.360   0.041 1.17700    8.703643  17.663   1.083   1.305   0.603  67  58  67  51
  L107-S300      1988.766  1307.446  12.690   0.002 1.17700    8.703643  14.980   1.560   2.335   1.320  72  58  70  51
  L107-S302        73.230  1325.279  15.703   0.023 1.17700    8.703643  16.746   0.914   1.047   0.504  65  58  65  52
  L107-S303      1685.532  1346.949  13.277   0.003 1.17700    8.703643  14.131   0.807   0.910   0.438  76  60  73  51
  L107-S320       611.303  1561.014  15.644   0.021 1.17700    8.703643  17.642   1.557   1.974   0.976  69  57  69  51
  L107-S322      1104.201  1596.281  16.455   0.044 1.17700    8.703643  17.328   0.680   0.812   0.417  78  59  73  51
  L107-S325      1037.036  1645.183  15.804   0.024 1.17700    8.703643  16.683   0.629   0.806   0.418  78  59  73  51
  L107-S549      1377.992    93.005  16.122   0.034 1.17700    8.703643  17.026   0.748   0.895   0.454  71  47  62  49
  L107-S552      1535.105   226.591  16.452   0.045 1.17700    8.703643  17.535   0.959   1.071   0.508  74  53  72  51
  L107-S565      1064.872   667.287  15.789   0.024 1.17700    8.703643  18.261   1.608   2.468   1.415  65  46  64  43
  L107-S602       961.782  1579.290  14.406   0.008 1.17700    8.703643  15.531   0.988   1.137   0.525  76  58  71  51
  L107-S610       220.172  1792.193  15.492   0.018 1.17700    8.703643  16.979   1.281   1.491   0.660  66  56  66  52
  L107-S622       645.468  1901.232  16.197   0.037 1.17700    8.703643  18.663   1.731   2.514   1.414  56  36  56  46
  L107-S628       587.740  1965.647  15.624   0.022 1.17700    8.703643  16.946   1.128   1.336   0.602  56  44  56  44
  L107-S633       218.172  2077.778  15.802   0.025 1.17700    8.703643  16.881   1.001   1.141   0.536  55  46  55  46
  L107-S648       789.734  2186.413  15.732   0.022 1.17700    8.703643  16.519   0.706   0.811   0.425  48  36  47  35
  L107-S660        23.007  2378.004  14.417   0.008 1.17700    8.703643  15.622   1.018   1.197   0.543  49  39  49  37
  L107-S662       796.852  2409.423  16.260   0.036 1.17700    8.703643  18.836   1.631   2.648   1.534  41  24  41  35
  L107-S663       657.730  2411.212  15.495   0.018 1.17700    8.703643  16.560   0.915   1.054   0.540  49  38  49  37
  L107-S673       882.007  2513.547  15.247   0.015 1.17700    8.703643  16.025   0.634   0.832   0.434  46  37  46  33
  L107-S688       437.923  2668.035  13.985   0.005 1.17700    8.703643  14.822   0.770   0.856   0.440  45  36  45  32
  L107-S690       480.773  2679.039  15.997   0.031 1.17700    8.703643  17.939   1.532   1.992   1.016  43  32  43  31
  L107-S694       632.894  2751.701  16.519   0.046 1.17700    8.703643  18.691   1.538   1.956   0.976  38  24  38  32
  L107-S700       903.862  2815.609  15.251   0.015 1.17700    8.703643  17.758   1.629   2.547   1.487  42  29  40  32
  L107-S705       209.339  2856.956  14.562   0.009 1.17700    8.703643  15.323   0.598   0.765   0.427  40  34  40  32
  L107-S709      1877.991  2884.499  16.451   0.043 1.17700    8.703643  17.495   0.785   0.954   0.482  44  34  37  29
  L107-S721      1063.131  3061.972  13.529   0.004 1.17700    8.703643  14.601   1.020   1.114   0.554  43  32  35  28
  L107-S732      1290.200  3215.385  15.538   0.020 1.17700    8.703643  16.569   0.935   1.053   0.525  41  31  35  28
  L107-S737       591.718  3296.087  13.602   0.004 1.17700    8.703643  14.490   0.809   0.912   0.472  36  32  35  28
  L107-S740       210.197  3347.147  16.122   0.033 1.17700    8.703643  17.005   0.701   0.849   0.456  36  32  35  28
  L107-S746      1568.008  3395.598  15.012   0.012 1.17700    8.703643  15.934   0.802   0.955   0.486  41  33  35  28
e L107-S748       435.764  3414.722  15.015   0.012 1.17700    8.703643  15.821   0.610   0.787   0.434  36  32  35  28
  L107-S749       271.264  3428.609  13.304   0.003 1.17700    8.703643  14.242   0.840   0.963   0.493  36  32  35  28
  L107-S750       241.237  3457.641  13.392   0.003 1.17700    8.703643  14.221   0.742   0.845   0.438  36  32  35  28
  L107-S753      1542.388  3504.014  16.473   0.043 1.17700    8.703643  17.505   0.724   0.852   0.442  39  33  35  28
  L107-S756      1064.753  3555.077  15.197   0.015 1.17700    8.703643  15.192  -0.021   0.022   0.032  41  32  35  28
  L107-S761      1487.156  3588.152  16.573   0.049 1.17700    8.703643  18.066   1.270   1.513   0.686  41  29  35  28
  L107-S762       783.959  3592.471  13.966   0.005 1.17700    8.703643  14.861   0.871   0.934   0.449  36  32  35  28
  L107-S765      1673.560  3604.079  16.147   0.033 1.17700    8.703643  17.871   1.437   1.747   0.833  41  29  35  28
  L107-S771       803.258  3672.545  13.138   0.003 1.17700    8.703643  13.881   0.627   0.776   0.400  35  32  35  28
  L107-S773      1937.875  3684.125  13.608   0.004 1.17700    8.703643  14.422   0.794   0.852   0.412  41  32  35  28
  L107-S775       251.166  3701.573  16.395   0.041 1.17700    8.703643  17.574   0.966   1.165   0.571  35  32  34  27
  L107-S777      1798.961  3733.250  15.968   0.028 1.17700    8.703643  16.738   0.672   0.813   0.422  41  32  35  28
  L107-S1156      364.946  1771.134  13.718   0.004 1.17700    8.703643  15.452   1.436   1.735   0.801  67  56  67  51
  L107-S1207      145.209  2645.382  16.365   0.041 1.17700    8.703643  19.164   1.735   2.763   1.652  37  20  37  31
  L107-S1313     1600.716  3893.521  16.077   0.032 1.17700    8.703643  17.418   1.121   1.327   0.593  34  24  26  20
e L107-S1323      206.863  4013.888  14.441   0.008 1.17700    8.703643  16.051   1.326   1.567   0.688  27  22  25  18
e L107-S1324     1630.867  4025.708  15.098   0.014 1.17700    8.703643  16.108   0.850   0.980   0.450  32  22  25  18
  L110-349       1554.352   845.771  13.764   0.005 1.34700    8.922780  14.992   1.123   1.293   0.620  89  72  61  41
e L110-360       1305.071  2357.977  13.214   0.003 1.34700    8.922780  14.643   1.203   1.424   0.711 106 105  86  61
c L110-364       1016.583  3052.587  12.367   0.002 1.34700    8.922780  13.615   1.125   1.263   0.567 173 132 104  71
e L110-S49        451.068  1975.503  13.127   0.003 1.34700    8.922780  14.964   1.576   1.918   1.017  99  78  64  34
  L110-S50         55.939  2061.835  13.529   0.005 1.34700    8.922780  15.205   1.443   1.711   0.868  93  83  62  39
  L110-S51        903.640  2078.070  15.636   0.028 1.34700    8.922780  17.947   1.666   2.304   1.215 110  78  71  47
  L110-S53        623.662  2219.073  14.908   0.014 1.34700    8.922780  18.469   3.047   3.593   1.610 140  20  79  57
e L110-S54        780.431  2257.544  14.718   0.012 1.34700    8.922780  18.568  81.431   3.836   1.669 137   0  79  54
  L110-S55        867.937  2289.975  15.009   0.018 1.34700    8.922780  17.466   2.066   2.548   1.276 147  96  80  52
  L110-S56        507.377  2311.607  15.298   0.021 1.34700    8.922780  17.594   1.838   2.200   1.060 142  95  76  50
  L110-S58       1664.034  2334.668  14.396   0.009 1.34700    8.922780  16.902   2.114   2.569   1.246  98  96  76  54
  L110-S61       1277.278  2371.169  14.958   0.016 1.34700    8.922780  19.162  80.837   4.173   1.764 133   0  86  57
  L110-S64        761.088  2521.813  16.115   0.041 1.34700    8.922780  18.730   2.095   2.632   1.282 139  42  85  57
  L110-S65       1461.260  2530.876  14.585   0.011 1.34700    8.922780  17.981   2.928   3.478   1.571 115  35  85  58
  L110-S66       1693.626  2611.732  14.874   0.014 1.34700    8.922780  17.020   1.853   2.193   1.066 106  95  81  57
  L110-S70       1734.281  2720.883  15.206   0.019 1.34700    8.922780  18.416   2.773   3.281   1.496 100  22  83  58
  L110-S71        890.066  2766.600  15.537   0.026 1.34700    8.922780  17.720   1.883   2.187   1.041 151 102  88  57
  L110-S72        624.841  2818.649  16.147   0.046 1.34700    8.922780  18.675   1.847   2.411   1.210 148  60  86  57
c L110-S76        523.157  2898.870  14.767   0.012 1.34700    8.922780  17.566   2.290   2.786   1.327 153  89  81  56
c L110-S77       1717.923  2904.075  15.240   0.019 1.34700    8.922780  18.671   2.952   3.460   1.566  97  12  83  58
  L110-S80        485.018  2933.462  14.170   0.007 1.34700    8.922780  16.537   1.967   2.414   1.174 152 110  82  55
  L110-S81        521.425  2946.045  16.138   0.046 1.34700    8.922780  19.193   2.699   3.169   1.450 133  11  85  55
  L110-S82        584.083  2947.078  16.248   0.048 1.34700    8.922780  19.646  80.353   3.573   1.599 120   0  86  55
  L110-S83        653.713  2950.638  16.159   0.043 1.34700    8.922780  19.177   2.576   3.111   1.436 133  16  86  56
  L110-S84        886.323  2956.651  15.609   0.026 1.34700    8.922780  18.254   2.245   2.698   1.286 155  58  88  57
  L110-S85        602.911  2960.633  15.794   0.032 1.34700    8.922780  20.082  79.917   4.317   1.849  10   0  10  45
c L110-S86        550.295  2973.937  13.482   0.004 1.34700    8.922780  17.080   3.067   3.609   1.594 154  79  85  56
c L110-S87        274.184  2979.113  14.189   0.008 1.34700    8.922780  16.003   1.551   1.844   0.866 149 108  80  54
  L110-S88        242.046  2999.263  13.783   0.006 1.34700    8.922780  15.818   1.713   2.103   1.078 148 107  80  52
  L110-S89       1299.432  3014.058  14.605   0.011 1.34700    8.922780  16.906   1.942   2.354   1.145 156 112  85  55
  L110-S90       1494.566  3025.072  14.829   0.013 1.34700    8.922780  17.026   1.842   2.272   1.130 106  97  85  57
  L110-S91       1127.008  3026.749  13.987   0.006 1.34700    8.922780  17.159   2.697   3.215   1.466 157  98  91  56
  L110-S93       1532.850  3077.179  12.582   0.002 1.34700    8.922780  15.446   2.547   2.934   1.362 106 100  81  57
e L110-S94       1251.067  3083.281  14.829   0.014 1.34700    8.922780  18.112   2.713   3.261   1.484 155  52  87  55
  L110-S95        742.080  3093.282  15.647   0.028 1.34700    8.922780  18.119   2.018   2.425   1.176 152  78  86  56
c L110-S96       1580.861  3100.878  14.433   0.010 1.34700    8.922780  19.429  80.570   4.946   2.184  78   0  78  57
e L110-S97        848.250  3128.933  14.807   0.013 1.34700    8.922780  18.496  81.503   3.571   1.585 152   0  88  57
  L110-S98        712.218  3132.073  16.201   0.050 1.34700    8.922780  19.987  80.012   3.678   1.620 108   0  86  55
  L110-S100       983.065  3138.529  13.725   0.005 1.34700    8.922780  16.741   2.525   3.052   1.428 151 108  89  54
  L110-S101      1199.203  3141.677  14.613   0.011 1.34700    8.922780  17.863   2.846   3.270   1.474 153  51  89  54
  L110-S102      1644.276  3172.881  13.905   0.006 1.34700    8.922780  17.351   3.038   3.504   1.560 105  53  82  57
  L110-S108      1061.668  3246.167  15.758   0.032 1.34700    8.922780  19.779  80.220   4.026   1.719 115   0  87  52
  L110-S111       692.572  3289.772  15.780   0.032 1.34700    8.922780  19.691  80.308   3.930   1.705 115   0  80  51
  L110-S112       665.452  3295.050  15.153   0.018 1.34700    8.922780  18.361   1.723   2.465   1.298 145  73  80  51
e L110-S115       632.956  3324.495  14.775   0.013 1.34700    8.922780  17.907   2.640   3.093   1.412 147  61  78  51
  L110-S116      1452.196  3350.089  14.664   0.012 1.34700    8.922780  17.122   2.112   2.518   1.207 114  95  77  51
  L110-S120       750.491  3362.106  16.242   0.049 1.34700    8.922780  18.320   1.803   2.208   1.138 144  72  77  50
  L110-S122       491.408  3387.934  12.770   0.002 1.34700    8.922780  14.388   1.342   1.656   0.844 147 107  78  51
  L110-S126       804.059  3421.932  16.114   0.041 1.34700    8.922780  18.561   2.014   2.413   1.166 140  56  80  52
  L110-S127      1289.338  3438.786  15.900   0.037 1.34700    8.922780  18.336   1.950   2.388   1.218 145  70  77  51
  L110-S130       897.367  3462.285  15.387   0.022 1.34700    8.922780  18.865  81.134   3.475   1.558 136   0  79  51
  L110-S135      1016.232  3534.268  15.040   0.016 1.34700    8.922780  18.985  81.014   4.014   1.718 138   0  83  50
  L110-S136       759.835  3552.749  15.895   0.035 1.34700    8.922780  18.930   2.491   2.982   1.405 135  29  71  50
  L110-S138      1007.322  3603.832  16.136   0.044 1.34700    8.922780  18.681   2.124   2.603   1.248 140  51  75  50
c L110-S154       785.101  3835.319  13.006   0.003 1.34700    8.922780  15.050   1.701   2.088   1.061 112  91  62  46
  L110-S174      1163.721  4054.222  14.093   0.008 1.34700    8.922780  16.317   1.813   2.241   1.158  62  62  44  30
  L110-S384       644.126   501.743  12.068   0.001 1.34700    8.922780  13.913   1.528   1.905   0.969  95  71  49  39
e L110-S392       805.467   672.598  12.785   0.002 1.34700    8.922780  17.782  82.217   4.995   2.207 102   0  52  39
  L110-S410      1056.333   971.230  12.908   0.003 1.34700    8.922780  14.354   1.187   1.495   0.769 104  78  60  40
e L110-S416       370.135  1088.083  13.703   0.006 1.34700    8.922780  15.791   1.789   2.189   1.129 105  78  59  40
  L110-S421       398.102  1121.013  11.816   0.001 1.34700    8.922780  13.201   1.169   1.446   0.767 106  78  59  39
  L110-S427      1096.998  1278.605  13.677   0.005 1.34700    8.922780  17.229   3.097   3.613   1.636 111  60  69  41
  L110-S449      1756.460  1746.415  13.350   0.004 1.34700    8.922780  17.596   3.502   4.274   1.869  92  24  74  43
  L110-S455       107.112  1848.109  12.943   0.003 1.34700    8.922780  15.503   2.301   2.607   1.228  95  78  73  41
  L110-S458       442.917  1899.662  14.390   0.009 1.34700    8.922780  16.892   2.087   2.540   1.282  94  72  73  39
e L110-S459      1995.965  1916.826  11.704   0.001 1.34700    8.922780  16.699   3.394   4.983   2.305  94  62  72  39
  L110-S468        24.920  2071.693  12.583   0.002 1.34700    8.922780  13.991   1.234   1.454   0.726 101  87  64  43
e L110-S477      1684.291  2258.666  12.885   0.003 1.34700    8.922780  17.776   3.424   4.864   2.150  92  23  75  53
  L110-S478       443.509  2268.845  13.490   0.004 1.34700    8.922780  17.477   3.308   4.006   1.756  96  31  74  50
  L110-S483      1682.012  2462.777  14.840   0.013 1.34700    8.922780  16.730   1.552   1.915   0.931  98  98  82  58
  L110-S495        85.276  2756.190  13.904   0.006 1.34700    8.922780  17.471   3.031   3.608   1.594 146  56  80  54
c L110-S526      1763.063  3201.212  13.637   0.005 1.34700    8.922780  16.810   2.759   3.214   1.468 102  87  79  54
  L110-S529      1814.186  3374.491  14.337   0.009 1.34700    8.922780  17.199   2.477   2.941   1.366  99  81  74  50
  L110-S537       308.182  3609.011  14.660   0.011 1.34700    8.922780  16.870   1.824   2.253   1.134 144 102  69  50
  L110-S545       489.901  3716.326  13.235   0.004 1.34700    8.922780  17.275   3.410   4.071   1.755 131  46  68  49
c L110-S553       190.646  3900.592  14.317   0.009 1.34700    8.922780  16.642   1.873   2.259   1.105 108  86  51  40
  L110-S558       430.723  3998.895  14.135   0.008 1.34700    8.922780  16.445   1.995   2.336   1.134  72  69  50  33
  L110-S944      1243.042   168.261  15.889   0.036 1.34700    8.922780  18.450   2.269   2.686   1.313  71  20  30  20
  L110-S946       622.497   218.311  15.683   0.030 1.34700    8.922780  18.384   1.641   2.721   1.614  86  50  41  35
  L110-S947      1800.708   230.966  16.079   0.042 1.34700    8.922780  18.936   2.317   2.843   1.378  57  14  46  38
  L110-S948       335.230   239.382  15.667   0.029 1.34700    8.922780  18.252   2.220   2.689   1.311  91  39  46  39
  L110-S953       327.132   270.309  15.961   0.041 1.34700    8.922780  18.684   2.258   2.801   1.374  90  26  48  39
  L110-S954       743.275   279.698  15.651   0.029 1.34700    8.922780  18.093   2.110   2.567   1.248  92  45  49  39
  L110-S958      2019.807   311.944  15.363   0.023 1.34700    8.922780  18.110   2.293   2.829   1.360  79  40  51  39
c L110-S962        86.853   326.375  14.599   0.011 1.34700    8.922780  18.067   2.912   3.499   1.602  92  27  49  39
  L110-S970       861.529   379.286  16.039   0.040 1.34700    8.922780  19.036   2.439   3.039   1.466  81  19  45  35
  L110-S973       552.178   409.581  14.684   0.012 1.34700    8.922780  18.271   3.046   3.660   1.647  86  23  44  34
  L110-S980      1911.659   454.721  15.247   0.020 1.34700    8.922780  18.876  81.123   3.732   1.670  71   0  48  39
  L110-S981      1779.586   455.779  15.927   0.036 1.34700    8.922780  18.714   2.402   2.930   1.452  63  14  49  39
c L110-S985      1367.006   463.977  14.543   0.010 1.34700    8.922780  18.070   2.975   3.567   1.628  89  25  49  38
  L110-S991       291.198   501.040  14.864   0.014 1.34700    8.922780  18.757  81.242   3.962   1.748  87   0  50  39
  L110-S996      1511.844   561.427  14.429   0.009 1.34700    8.922780  17.932   3.045   3.586   1.643  78  28  53  40
  L110-S1003     1976.758   603.797  15.261   0.020 1.34700    8.922780  17.872   2.206   2.707   1.313  79  59  54  40
  L110-S1013      155.006   713.220  16.206   0.047 1.34700    8.922780  18.625   2.171   2.634   1.275  96  31  48  35
  L110-S1015      768.318   740.180  16.065   0.041 1.34700    8.922780  18.621   2.119   2.563   1.246  96  33  52  39
  L110-S1019      417.881   752.127  15.946   0.037 1.34700    8.922780  18.583   2.095   2.561   1.243  98  35  56  40
  L110-S1020      995.395   763.204  15.841   0.033 1.34700    8.922780  18.315   2.059   2.544   1.297 101  45  59  40
c L110-S1029     1450.988   856.255  14.473   0.010 1.34700    8.922780  17.873   2.921   3.456   1.584  89  30  61  41
  L110-S1032      912.247   866.568  15.071   0.016 1.34700    8.922780  17.839   2.338   2.819   1.345 102  54  58  40
  L110-S1038      162.554   894.264  16.269   0.048 1.34700    8.922780  18.775   2.222   2.695   1.307  94  28  54  36
c L110-S1048     1179.305   962.759  15.072   0.019 1.34700    8.922780  18.588  81.411   3.599   1.631  68   0  31  31
  L110-S1053     1966.827   989.811  15.097   0.017 1.34700    8.922780  18.633   3.151   3.624   1.631  83  10  58  41
c L110-S1058      813.805  1016.194  13.970   0.006 1.34700    8.922780  17.876   3.289   3.934   1.718 105  27  59  40
  L110-S1065     1975.665  1076.019  16.212   0.047 1.34700    8.922780  18.832   2.168   2.644   1.322  87  26  65  41
  L110-S1072      605.206  1103.871  16.107   0.043 1.34700    8.922780  18.861   2.321   2.840   1.368  99  24  59  40
  L110-S1104     1546.882  1279.765  16.070   0.041 1.34700    8.922780  18.827   2.299   2.838   1.371  90  23  70  42
  L110-S1113      381.185  1326.183  15.801   0.030 1.34700    8.922780  18.314   2.063   2.505   1.235 107  39  63  41
  L110-S1118      420.397  1379.725  14.652   0.011 1.34700    8.922780  17.098   2.027   2.518   1.259 112  76  66  41
  L110-S1125      777.589  1426.221  16.177   0.047 1.34700    8.922780  19.051   2.308   2.774   1.336  97  20  65  41
  L110-S1126     1150.765  1433.163  15.494   0.024 1.34700    8.922780  18.161   2.151   2.648   1.304 111  54  62  41
  L110-S1127     1950.716  1437.942  15.757   0.032 1.34700    8.922780  18.756   2.515   3.044   1.419  94  22  69  42
  L110-S1129      929.726  1446.734  14.361   0.009 1.34700    8.922780  18.836  81.163   4.486   1.973 103   0  66  41
  L110-S1151     1446.044  1621.612  15.587   0.028 1.34700    8.922780  18.358   1.667   2.755   1.633  76  44  61  30
  L110-S1153     1159.033  1628.007  15.271   0.020 1.34700    8.922780  18.763   2.984   3.546   1.605  67  12  54  41
  L110-S1154     1313.206  1627.554  15.920   0.036 1.34700    8.922780  19.189  80.810   3.321   1.544  69   0  64  32
  L110-S1167      388.267  1712.206  14.831   0.014 1.34700    8.922780  17.123   1.934   2.350   1.156  91  72  69  42
  L110-S1188       36.187  1834.179  15.484   0.025 1.34700    8.922780  17.825   2.021   2.444   1.234  94  62  73  41
c L110-S1189      880.757  1840.302  14.615   0.013 1.34700    8.922780  16.950   1.989   2.339   1.142  96  77  76  41
c L110-S1199     1624.866  1888.891  15.088   0.018 1.34700    8.922780  17.792   2.274   2.787   1.376  98  61  78  40
  L110-S1201     1873.046  1909.148  15.392   0.022 1.34700    8.922780  18.701   2.894   3.413   1.553  84  13  76  40
  L110-S1203      132.585  1929.038  14.995   0.017 1.34700    8.922780  17.256   1.924   2.301   1.143  90  67  70  35
  L110-S1210     1958.255  1970.077  15.325   0.021 1.34700    8.922780  17.624   1.943   2.332   1.141 100  70  69  34
  L110-S1218     1265.948  1985.623  14.744   0.012 1.34700    8.922780  17.121   2.005   2.444   1.202  97  82  67  30
  L110-S1241     1659.286  2120.981  15.840   0.034 1.34700    8.922780  18.533   2.229   2.733   1.360  91  32  77  55
  L110-S1242     1730.004  2125.815  15.970   0.038 1.34700    8.922780  18.568   2.193   2.720   1.317  91  31  76  55
  L110-S1256      147.895  2173.634  14.515   0.011 1.34700    8.922780  16.132   1.456   1.637   0.767 145 105  73  50
  L110-S1281      150.280  2312.717  16.022   0.040 1.34700    8.922780  18.874   2.143   2.702   1.330 134  37  73  45
  L110-S1305      462.272  2460.305  16.112   0.042 1.34700    8.922780  18.536   1.993   2.463   1.235 139  53  81  54
  L110-S1317     1132.607  2491.044  16.292   0.050 1.34700    8.922780  19.312   2.404   3.003   1.437 128  19  91  57
  L110-S1357      177.106  2665.431  15.956   0.039 1.34700    8.922780  18.508   2.125   2.624   1.273 143  47  79  50
  L110-S1368     1804.097  2701.002  14.985   0.016 1.34700    8.922780  16.983   1.727   2.086   1.024 102  93  80  55
  L110-S1388      139.042  2790.777  14.914   0.016 1.34700    8.922780  17.949   2.647   3.070   1.405 147  57  80  50
  L110-S1399     1993.043  2860.554  14.992   0.015 1.34700    8.922780  17.533   2.130   2.629   1.308 124  80  76  42
  L110-S1452      111.720  3123.199  15.025   0.017 1.34700    8.922780  17.416   2.011   2.414   1.175 151  98  82  54
c L110-S1456       82.079  3142.856  15.307   0.022 1.34700    8.922780  17.413   1.756   2.164   1.112 107  97  48  34
  L110-S1457     1394.171  3142.133  14.637   0.011 1.34700    8.922780  18.445   3.193   3.824   1.668 142  21  82  55
  L110-S1461      177.690  3154.264  15.519   0.027 1.34700    8.922780  17.789   1.889   2.295   1.163 149  92  80  50
c L110-S1464     1955.842  3163.887  15.152   0.018 1.34700    8.922780  17.499   1.973   2.421   1.220 122  82  75  42
  L110-S1497     1712.053  3401.830  16.025   0.039 1.34700    8.922780  18.820   2.156   2.593   1.261  93  26  77  53
  L110-S1512     1811.259  3491.596  15.205   0.019 1.34700    8.922780  17.367   1.638   2.123   1.051  98  91  75  52
  L110-S1530      497.122  3629.005  15.279   0.021 1.34700    8.922780  17.498   1.787   2.191   1.127 141  95  69  50
  L110-S1543      659.827  3720.882  16.181   0.045 1.34700    8.922780  19.189   2.402   2.962   1.400 114  16  68  48
  L110-S1546     1093.986  3746.927  15.511   0.025 1.34700    8.922780  19.240  80.759   3.108   1.426 112   0  74  49
  L110-S1557     1534.876  3778.078  15.257   0.020 1.34700    8.922780  18.526   2.775   3.291   1.504  90  17  71  50
  L110-S1578     1505.964  3903.546  14.786   0.013 1.34700    8.922780  17.439   2.200   2.694   1.332  84  65  53  37
  L110-S1580      778.804  3915.295  15.465   0.025 1.34700    8.922780  18.418  81.581   2.954   1.373  82   0  47  30
c L110-S1586     1871.492  3958.163  15.451   0.022 1.34700    8.922780  18.381   2.299   2.830   1.405  70  23  47  29
  L110-S1589      974.656  3973.127  16.227   0.048 1.34700    8.922780  18.974  81.025   2.846   1.338  66   0  50  31
  L110-S1590      133.222  3984.962  14.480   0.010 1.34700    8.922780  17.485   2.604   3.015   1.404  73  42  43  29
  L110-S1592     1967.115  3999.017  15.332   0.021 1.34700    8.922780  17.846   2.077   2.582   1.302  75  48  50  26
c L110-S1594      654.939  4011.758  15.513   0.026 1.34700    8.922780  18.445   2.313   2.785   1.337  66  24  51  40
  L110-S2134      145.569  1683.778  15.677   0.028 1.34700    8.922780  19.386  80.613   3.787   1.688  64   0  63  37
  L110-S2138      982.891  2127.989  14.638   0.012 1.34700    8.922780  18.709  81.290   4.114   1.773 113   0  77  54
  L110-S2141      586.165  2269.110  15.646   0.028 1.34700    8.922780  19.405  80.594   3.807   1.664 124   0  77  52
  L110-S2147     1835.183  2619.812  15.394   0.022 1.34700    8.922780  19.201  80.798   3.873   1.692  85   0  78  54
c L110-S2155      292.499  3695.919  14.310   0.009 1.34700    8.922780  18.434   3.387   4.107   1.824 127  10  68  49
c L110-S2156     1630.844  3765.134  14.373   0.009 1.34700    8.922780  18.670  81.329   4.296   1.824  87   0  71  50
e L111-S305      1675.090   152.256  14.368   0.009 1.54900    9.131989  15.451   1.039   1.180  85.728   6   6   6   0
e L111-S306      1375.140   167.150  14.302   0.008 1.54900    9.131989  15.838   1.527   1.653  85.814   6   6   6   0
e L111-S323      1167.019   478.103  12.744   0.002 1.54900    9.131989  14.517   1.724   1.883  87.365   6   6   6   0
  L111-S333      1824.031   888.182  15.462   0.023 1.54900    9.131989  16.852   1.395   1.518  84.665   6   6   6   0
  L111-S337      1721.731   960.939  15.735   0.029 1.54900    9.131989  16.759  83.240   1.160  84.400   6   0   6   0
  L111-S346      1183.976  1234.923  14.980   0.016 1.54900    9.131989  15.961   0.929   1.093  85.131   6   6   6   0
  L98-S91        1948.563   176.244  12.587   0.002 1.20000    0.244591  13.185   0.548   0.643   0.312 135 135 122  77
  L98-S142       2025.878   554.108  13.830   0.006 1.20000    0.244591  15.048   1.114   1.265   0.552 145 145 133  83
e L98-S200       2014.527   876.231  13.368   0.004 1.20000    0.244591  14.162   0.789   0.848   0.404 142 142 129  82
c L98-S226       1954.702   991.199  13.099   0.003 1.20000    0.244591  14.608   1.384   1.584   0.782 140 139 128  80
  L98-S233       2007.860  1043.240  15.593   0.024 1.20000    0.244591  16.472   0.721   0.912   0.512 146 140 132  82
  L98-S321       2014.786  1581.611  15.274   0.020 1.20000    0.244591  16.462   0.886   1.128   0.580 155 153 137  85
  L98-S347       1885.313  1759.785  15.512   0.024 1.20000    0.244591  16.589   0.848   1.044   0.531 150 145 127  79
  L98-S447       1977.490  2379.789  14.361   0.009 1.20000    0.244591  15.098   0.630   0.784   0.399 158 154 138  82
  L98-S617        987.938  4065.081  13.052   0.003 1.20000    0.244591  13.730   0.538   0.671   0.337  98  90  91  63
e L98-S649        408.911  3919.930  14.870   0.014 1.20000    0.244591  15.875   0.884   1.066   0.521  74  72  63  38
  L98-S652       1576.374  3892.898  15.176   0.017 1.20000    0.244591  16.145   0.784   0.939   0.469 106 101  95  67
  L98-S656        330.973  3941.080  15.082   0.016 1.20000    0.244591  15.962   0.688   0.917   0.490  62  62  52  30
  L98-S661       1043.017  3898.716  15.063   0.016 1.20000    0.244591  16.176   0.920   1.135   0.570  97  92  94  66
c L98-S972       1879.873   426.839  13.808   0.005 1.20000    0.244591  14.415   0.518   0.641   0.332 131 128 115  72
  L98-S1003      1457.927   954.766  14.207   0.007 1.20000    0.244591  14.870   0.625   0.742   0.366 127 121 112  75
  L98-S1007      1649.093   998.485  12.838   0.002 1.20000    0.244591  13.349   0.471   0.568   0.282 134 129 116  79
  L98-S1012      1689.870  1104.306  13.973   0.006 1.20000    0.244591  14.758   0.690   0.835   0.423 132 129 112  78
  L98-S1018      1505.285  1244.707  15.599   0.027 1.20000    0.244591  16.475   0.746   0.942   0.489 132 122 113  74
c L98-S1022      1801.108  1369.036  15.138   0.017 1.20000    0.244591  16.032   0.750   0.898   0.447 143 135 121  83
c L98-S1023      1494.611  1371.334  15.772   0.029 1.20000    0.244591  16.844   0.826   1.059   0.542 135 123 119  83
  L98-S1024      1609.141  1373.379  13.845   0.005 1.20000    0.244591  14.450   0.540   0.673   0.345 138 130 119  82
  L98-S1040      1460.254  1595.053  15.492   0.022 1.20000    0.244591  16.576   0.823   0.959   0.470 138 127 117  75
  L98-S1046      1727.733  1670.083  14.173   0.007 1.20000    0.244591  14.984   0.714   0.865   0.435 151 139 128  81
  L98-S1047      1644.288  1675.401  15.698   0.026 1.20000    0.244591  16.670   0.848   0.986   0.476 148 132 123  78
  L98-S1051      1664.265  1718.586  15.090   0.015 1.20000    0.244591  15.838   0.654   0.827   0.436 141 140 116  76
  L98-S1052      1363.892  1719.007  12.562   0.002 1.20000    0.244591  13.168   0.527   0.657   0.324 128 128 111  73
  L98-S1056      1597.999  1913.573  15.715   0.028 1.20000    0.244591  16.714   0.938   1.047   0.497 133 120 122  80
  L98-S1058      1422.103  1934.189  14.986   0.014 1.20000    0.244591  16.006   0.871   1.094   0.551 128 128 119  78
  L98-S1065      1750.133  2016.524  14.359   0.009 1.20000    0.244591  15.085   0.620   0.786   0.411 157 145 133  86
e L98-S1066      1557.351  2035.060  14.656   0.011 1.20000    0.244591  15.639   0.800   0.972   0.479 141 131 120  78
  L98-S1072      1726.589  2066.881  13.290   0.004 1.20000    0.244591  13.872   0.516   0.628   0.315 157 142 131  86
  L98-S1079      1530.826  2157.112  15.134   0.017 1.20000    0.244591  16.272   1.049   1.186   0.553 139 123 121  78
  L98-S1080      1800.540  2165.857  15.774   0.030 1.20000    0.244591  16.771   0.944   1.065   0.515 150 135 124  79
c L98-S1084      1829.194  2206.673  15.177   0.017 1.20000    0.244591  16.664   1.372   1.565   0.768 148 137 129  81
  L98-S1086      1470.026  2241.060  14.101   0.007 1.20000    0.244591  14.891   0.694   0.854   0.432 138 129 118  77
  L98-S1088      1470.728  2320.357  14.794   0.013 1.20000    0.244591  15.653   0.738   0.858   0.419 135 125 114  71
c L98-S1090      1475.094  2348.849  14.893   0.014 1.20000    0.244591  15.781   0.711   0.901   0.463 138 127 120  75
c L98-S1096      1408.031  2502.077  13.004   0.003 1.20000    0.244591  13.441   0.398   0.474   0.254 136 126 116  77
c L98-S1099      1436.269  2518.207  12.481   0.002 1.20000    0.244591  13.651   1.091   1.220   0.592 134 123 113  74
  L98-S1103      1761.433  2569.471  14.563   0.011 1.20000    0.244591  15.308   0.639   0.800   0.419 145 135 121  77
  L98-S1104      1543.573  2668.236  14.876   0.013 1.20000    0.244591  15.667   0.672   0.825   0.416 133 120 114  73
c L98-S1106      1831.341  2690.322  14.092   0.007 1.20000    0.244591  14.909   0.685   0.846   0.438 139 132 120  75
  L98-S1285       523.711   647.072  13.837   0.006 1.20000    0.244591  14.721   0.780   0.953   0.481  93  93  85  48
  L98-S1298        99.230  1052.988  14.139   0.007 1.20000    0.244591  14.902   0.649   0.795   0.415  39  36  35  26
c L98-S1299       484.342  1097.303  13.124   0.003 1.20000    0.244591  13.662   0.420   0.604   0.346  82  82  72  44
  L98-S1302       472.899  1221.066  13.659   0.005 1.20000    0.244591  14.170   0.379   0.532   0.305  83  83  68  37
c L98-S1303       117.175  1236.315  13.901   0.006 1.20000    0.244591  14.651   0.605   0.754   0.405  41  40  30  24
  L98-S1323       372.825  2110.322  13.979   0.006 1.20000    0.244591  14.734   0.637   0.808   0.433  84  82  69  38
  L98-S1327       225.205  2239.330  13.939   0.006 1.20000    0.244591  14.697   0.608   0.775   0.402  52  52  42  33
e L98-S1328       593.443  2248.867  12.972   0.003 1.20000    0.244591  14.398   1.318   1.488   0.728 102  99  93  59
  L98-S1343       131.741  2709.366  13.002   0.003 1.20000    0.244591  13.751   0.635   0.764   0.391  44  42  38  29
  L98-S1345       488.742  2784.837  11.942   0.001 1.20000    0.244591  13.275   1.210   1.400   0.694  89  87  80  46
  L98-S1346       507.070  2991.562  13.646   0.005 1.20000    0.244591  14.086   0.367   0.514   0.293  88  84  77  47
e L98-S1803       640.605   448.565  14.197   0.007 1.20000    0.244591  14.979   0.666   0.846   0.431  94  94  91  56
  L98-S1823       186.801   717.004  15.317   0.020 1.20000    0.244591  16.446   0.985   1.120   0.536  46  43  39  32
  L98-S1836       480.937  1023.281  14.917   0.014 1.20000    0.244591  15.758   0.674   0.876   0.459  87  86  76  43
  L98-S1844      1551.658  1198.318  14.749   0.012 1.20000    0.244591  16.652   1.721   1.975   0.971 126 111 111  72
  L98-S1879       304.021  1777.846  15.230   0.019 1.20000    0.244591  16.040   0.672   0.876   0.467  73  65  65  35
  L98-S1898       971.973  2094.350  14.329   0.008 1.20000    0.244591  15.309   0.796   1.016   0.517 120 113 109  73
  L98-S1912       891.937  2278.408  15.614   0.025 1.20000    0.244591  16.387   0.647   0.867   0.486 109 100  98  62
  L98-S1914       979.637  2335.270  13.548   0.004 1.20000    0.244591  14.338   0.678   0.816   0.406 112 105 103  64
  L98-S1923       160.027  2550.413  14.176   0.007 1.20000    0.244591  15.400   1.127   1.249   0.595  47  45  38  32
  L98-S1932       435.373  2671.327  14.610   0.011 1.20000    0.244591  15.969   1.167   1.383   0.605  90  84  77  39
  L98-S1946      1487.289  2859.740  15.204   0.017 1.20000    0.244591  17.156   1.475   1.969   0.988 125 113 111  76
  L98-S1951      1612.521  2910.349  15.514   0.024 1.20000    0.244591  16.444   0.760   0.941   0.476 132 120 109  76
  L98-S1960      1053.851  3084.208  15.736   0.027 1.20000    0.244591  17.659   1.645   1.997   0.992 109  95 100  69
  L98-S1974       309.418  3321.967  15.714   0.028 1.20000    0.244591  16.860   0.931   1.188   0.614  58  58  51  29
  L98-S1975       447.318  3330.727  15.147   0.017 1.20000    0.244591  15.919   0.629   0.907   0.490  76  72  64  38
e L98-S1978       392.360  3342.353  13.317   0.004 1.20000    0.244591  13.904   0.469   0.656   0.384  76  72  60  33
  L98-S2000      1104.696  3811.690  14.432   0.009 1.20000    0.244591  14.956   0.453   0.574   0.328 101  92  95  66
  L98-S2002        96.488  3828.042  13.851   0.006 1.20000    0.244591  14.382   0.454   0.565   0.325  38  35  35  25
