#Star             Xc        Yc      Mag      Merr  Airmass UT             V       B-V     V-I      R-I   nV nBV nVI nRI 
  L101-421        508.521   500.113  12.640   0.002 1.71700    5.428327  13.184   0.514   0.618   0.303  61  61  61  63
  L101-424        701.774   732.868  14.348   0.006 1.71700    5.428327  15.081   0.745   0.805   0.381  69  69  60  59
  L101-427        509.992  1074.123  14.188   0.005 1.71700    5.428327  14.996   0.779   0.881   0.421  92  84  53  53
  L101-429        293.787  1367.996  12.431   0.001 1.71700    5.428327  13.499   0.978   1.144   0.515 114 108  75  72
  L101-431        372.317  1682.245  12.246   0.001 1.71700    5.428327  13.686   1.242   1.516   0.709 105 101  68  68
  L101-L6         369.861  1805.681  15.756   0.019 1.71700    5.428327  16.530   0.715   0.830   0.405  83  79  47  47
  L101-S17        -14.700   224.988   0.000   0.000 1.71700    5.428327  17.588   0.880   1.064   0.489  60  60  60  63
  L101-S20        637.871   330.324  17.624   0.101 1.71700    5.428327  18.655   0.714   0.868   0.439  60  58  57  57
  L101-S26        410.730   542.056  17.512   0.087 1.71700    5.428327  19.167   1.382   1.702   0.807  61  47  58  58
  L101-S29        148.216   660.455  16.180   0.026 1.71700    5.428327  16.800   0.621   0.739   0.361  71  70  60  56
  L101-S32        431.140   712.271  15.998   0.023 1.71700    5.428327  16.747   0.715   0.824   0.396  70  70  63  56
  L101-S35        868.155   753.687  14.571   0.007 1.71700    5.428327  15.539   0.924   1.044   0.484  83  81  65  62
  L101-S41        676.813   888.971  16.179   0.026 1.71700    5.428327  17.096   0.839   0.958   0.456  73  72  41  38
  L101-S45        457.103  1118.943  17.140   0.063 1.71700    5.428327  17.856   0.718   0.823   0.396  91  81  52  52
  L101-S66        689.448  1641.974  17.326   0.077 1.71700    5.428327  18.503   0.997   1.163   0.538  76  59  39  39
  L101-S77        185.158  2198.825  17.422   0.080 1.71700    5.428327  19.491   1.541   2.127   1.115  67  31  42  42
  L101-S78         41.410  2212.382  13.588   0.003 1.71700    5.428327  14.767   1.036   1.242   0.551  73  72  42  42
  L101-S88        126.690  2457.164  14.883   0.009 1.71700    5.428327  15.466   0.531   0.657   0.329  47  47  32  27
  L101-S90        869.206  2532.955  16.590   0.038 1.71700    5.428327  18.571   1.533   2.045   1.071  43  35  40  35
  L101-S92        363.980  2565.789  15.509   0.014 1.71700    5.428327  16.189   0.655   0.740   0.367  39  39  39  32
  L101-S93        770.296  2593.646  13.435   0.003 1.71700    5.428327  14.080   0.580   0.701   0.357  39  39  39  31
  L101-S260       954.015    26.918  16.195   0.028 1.71700    5.428327  17.621   1.215   1.468   0.663  69  69  65  64
  L101-S261      1045.703   560.006  15.107   0.010 1.71700    5.428327  15.991   0.833   0.956   0.448  54  54  54  57
  L101-S262      1353.948   784.029  15.195   0.011 1.71700    5.428327  16.794   1.338   1.630   0.740  61  61  50  50
  L101-S263      1196.783   923.550  15.858   0.019 1.71700    5.428327  18.336   1.628   2.518   1.456  31  31  30  30
  L101-S264      1197.193  1083.792  17.664   0.101 1.71700    5.428327  18.170   0.447   0.615   0.315  48  48  36  36
  L101-S265      1344.789  1126.615  15.295   0.013 1.71700    5.428327  17.539   1.561   2.281   1.267  57  55  34  34
  L101-S266      1176.723  1159.377  16.243   0.027 1.71700    5.428327  18.635   1.597   2.470   1.408  50  40  38  38
  L101-S267      1014.132  1186.530  16.796   0.046 1.71700    5.428327  19.101   1.585   2.217   1.209  47  33  43  43
  L101-S268      1339.706  1425.944  17.042   0.059 1.71700    5.428327  18.658   1.238   1.544   0.703  55  49  34  34
  L101-S269      1106.798  1554.757  13.674   0.003 1.71700    5.428327  14.356   0.664   0.739   0.364  48  47  42  38
  L101-S270      1236.798  1821.142  16.341   0.030 1.71700    5.428327  18.966   1.771   2.679   1.551  35  32  34  34
  L101-S271       614.432  2708.596  16.133   0.026 1.71700    5.428327  17.541   1.231   1.446   0.651  44  44  39  33
  L101-S274       554.849  2753.080  16.799   0.047 1.71700    5.428327  18.129   1.095   1.367   0.653  35  33  27  25
  L101-S276      1177.368  2843.488  16.307   0.030 1.71700    5.428327  18.611   1.583   2.240   1.212  19  19  19  20
  L101-S311      1766.444    71.018  15.835   0.020 1.71700    5.428327  17.170   1.165   1.385   0.604  57  57  52  52
  L101-S312      1804.021   172.058  13.859   0.004 1.71700    5.428327  14.453   0.525   0.637   0.308  57  57  52  52
  L101-S313      1882.973   193.731  14.959   0.009 1.71700    5.428327  15.514   0.533   0.674   0.333  57  57  52  52
  L101-S314      1901.740   276.636  15.345   0.013 1.71700    5.428327  16.017   0.588   0.710   0.348  50  50  50  52
  L101-S318      1960.461   518.944  14.339   0.006 1.71700    5.428327  15.033   0.622   0.741   0.357  49  49  48  48
s L101-S338      1542.978  2062.491  11.746   0.001 1.71700    5.428327  12.946   1.195   1.249   0.582  55  55  34  34
  L101-S345       706.208  2897.263  16.449   0.034 1.71700    5.428327  17.457   0.898   1.040   0.477  42  41  31  31
  L101-S348      1358.953  2959.159  15.452   0.014 1.71700    5.428327  16.358   0.818   0.933   0.435  44  42  33  30
  L101-S350       646.013  2958.008  17.151   0.064 1.71700    5.428327  17.590   0.459   0.614   0.316  42  42  31  30
  L101-S352       783.793  2994.268  14.309   0.005 1.71700    5.428327  15.062   0.656   0.798   0.395  44  41  33  30
  L101-S356      1056.421  3057.114  12.545   0.002 1.71700    5.428327  13.498   0.879   1.007   0.455  36  36  33  30
  L101-S358      1040.913  3105.823  13.592   0.003 1.71700    5.428327  14.233   0.617   0.701   0.347  36  36  33  30
  L101-S360      1679.569  3204.714  16.146   0.025 1.71700    5.428327  18.198   1.530   2.065   1.084  44  34  33  30
  L101-S364      1409.810  3261.589  13.557   0.003 1.71700    5.428327  14.216   0.629   0.705   0.341  44  41  33  30
  L101-S366       541.601  3270.687  14.203   0.005 1.71700    5.428327  14.784   0.528   0.654   0.336  52  45  33  30
  L101-S376       -11.627  3826.810   0.000   0.000 1.71700    5.428327  15.508   0.733   0.857   0.427  52  45  33  30
  L101-S381      1791.077  4023.367  15.896   0.022 1.71700    5.428327  17.871   1.482   1.998   1.020  44  36  33  30
  L101-S384       522.934  4080.231   0.000   0.000 1.71700    5.428327  17.521   1.293   1.531   0.688  52  42  33  30
  L101-S506      1417.162  1146.706  14.863   0.008 1.71700    5.428327  15.518   0.577   0.705   0.344  60  60  34  34
  L101-S512      1843.265  1724.905  16.769   0.045 1.71700    5.428327  17.835   0.890   1.046   0.476  55  54  33  33
  L101-S523       375.950  3168.142  16.635   0.040 1.71700    5.428327  19.227   1.624   2.535   1.467  45  22  33  30
  L101-S525        80.020  3285.018  17.253   0.067 1.71700    5.428327  17.906   0.601   0.783   0.391  29  24  13  10
  L101-S527      1237.050  3925.783  16.317   0.031 1.71700    5.428327  18.260   1.508   1.909   0.948  36  29  33  29
  L101-S777       944.114   502.044  19.032   0.349 1.71700    5.428327  20.220   0.760   0.942   0.406  23  12  12  12
  L101-S790       719.661  1266.646  17.800   0.112 1.71700    5.428327  19.715   1.551   2.201   1.173  32  11  11  11
  L104-350        314.288  3243.421  12.987   0.002 1.72800    1.750587  13.641   0.658   0.733   0.359  98  77  98  57
  L104-444        523.240   209.958  12.603   0.002 1.72800    1.750587  13.270   0.678   0.744   0.356 110  85  83  42
s L104-456        616.839  2076.580  11.753   0.001 1.72800    1.750587  12.368   0.623   0.686   0.333  89  68  87  50
  L104-457       1331.689  2122.457  15.172   0.013 1.72800    1.750587  16.044   0.795   0.908   0.428  92  74  91  52
s L104-460       1442.204  2606.576  11.446   0.001 1.72800    1.750587  12.896   1.275   1.504   0.679  84  71  84  53
  L104-470       1090.306  3710.098  13.713   0.004 1.72800    1.750587  14.366   0.631   0.713   0.352  72  52  69  42
  L104-L2          94.373   185.138  15.383   0.015 1.72800    1.750587  16.013   0.582   0.715   0.367 112  90  93  49
  L104-S5         534.407   791.843  12.769   0.002 1.72800    1.750587  13.551   0.820   0.862   0.409  90  70  77  43
  L104-S9        1060.052  3631.712  13.901   0.004 1.72800    1.750587  14.618   0.679   0.779   0.386  71  51  71  39
  L104-S55         41.844   955.136  17.130   0.066 1.72800    1.750587  17.850   0.513   0.652   0.347  89  72  82  44
  L104-S57         66.165  1212.840  15.865   0.023 1.72800    1.750587  16.533   0.600   0.726   0.377  98  78  90  48
  L104-S68       1188.016  2188.835  13.845   0.004 1.72800    1.750587  14.808   0.854   1.021   0.475  85  66  84  44
  L104-S69        709.996  2607.551  14.421   0.006 1.72800    1.750587  16.028   1.335   1.647   0.754  63  43  63  29
  L104-S198      1432.221    60.306  18.116   0.174 1.72800    1.750587  20.252   1.478   2.068   1.124  19   5  19  26
  L104-S210      1302.002   290.850  18.270   0.198 1.72800    1.750587  19.028   0.445   0.607   0.306  66  53  56  40
  L104-S212       398.785   405.993  17.995   0.157 1.72800    1.750587  19.787   1.157   1.401   0.631  35  12  35  36
  L104-S216      1030.897   521.347  17.433   0.096 1.72800    1.750587  19.865   1.670   2.194   1.182  30   6  30  37
  L104-S217       464.168   523.919  17.868   0.134 1.72800    1.750587  19.440   1.047   1.259   0.588  54  23  54  38
  L104-S222       638.090   645.695  17.548   0.105 1.72800    1.750587  20.399  79.600   2.789   1.698  16   0  16  25
  L104-S224      1351.412   756.634  17.136   0.073 1.72800    1.750587  19.714  80.285   2.541   1.486  25   0  25  32
  L104-S227        22.798   846.892  18.954   0.385 1.72800    1.750587  20.295   1.137   1.394   0.659  23  11  23  25
  L104-S228       970.089   876.738  15.945   0.025 1.72800    1.750587  18.510   1.560   2.215   1.222  76  42  76  41
  L104-S237       876.852  1052.058  17.495   0.100 1.72800    1.750587  20.403  79.596   2.513   1.487  13   0  13  29
  L104-S241       200.864  1148.327  18.798   0.315 1.72800    1.750587  19.032   0.574   0.728   0.391  77  60  70  41
  L104-S252       458.315  1315.787  18.193   0.179 1.72800    1.750587  20.422  79.577   1.951   1.023  22   0  22  34
  L104-S257       815.958  1376.271  17.455   0.095 1.72800    1.750587  19.882   1.687   2.434   1.389  31   6  31  45
  L104-S258       102.838  1380.839  18.953   0.372 1.72800    1.750587  20.480   0.876   1.010   0.504  21   9  21  22
  L104-S261       245.918  1436.809  16.832   0.054 1.72800    1.750587  18.328   1.276   1.533   0.710  84  65  84  49
  L104-S265       841.850  1474.120  18.082   0.161 1.72800    1.750587  19.414   1.153   1.425   0.674  54  22  54  47
  L104-S267       600.425  1525.398  18.211   0.191 1.72800    1.750587  19.464   0.877   1.057   0.522  51  31  51  40
  L104-S272       762.412  1591.381  20.013   0.998 1.72800    1.750587  19.726   0.520   0.624   0.322  44  34  29  29
  L104-S273        48.324  1604.998  18.334   0.218 1.72800    1.750587  18.901   0.515   0.665   0.350  79  64  71  48
  L104-S275       793.451  1645.631  19.374   0.562 1.72800    1.750587  20.340  79.659   0.977   0.459  24   0  21  21
  L104-S279       575.407  1801.194  16.611   0.042 1.72800    1.750587  18.620   1.478   1.950   0.978  72  41  72  45
  L104-S280      1838.013  1840.963  18.059   0.166 1.72800    1.750587  19.557   0.693   0.842   0.422  43  26  42  35
  L104-S282       115.706  1837.584  20.160   1.149 1.72800    1.750587  20.362   0.469   0.640   0.346  24  16  16  16
  L104-S284       839.894  1859.618  18.720   0.297 1.72800    1.750587  20.389  79.610   1.392   0.629  23   0  23  32
  L104-S288       468.850  2024.762  19.005   0.378 1.72800    1.750587  19.864   0.701   0.865   0.446  30  19  30  33
  L104-S289       141.839  2037.013  19.005   0.392 1.72800    1.750587  19.352   0.462   0.613   0.336  61  45  48  40
  L104-S290      1313.808  2062.440  17.471   0.099 1.72800    1.750587  19.474   1.469   2.038   1.089  44  15  44  42
  L104-S292       503.988  2158.396  16.606   0.043 1.72800    1.750587  18.983   1.498   2.370   1.342  69  27  69  47
  L104-S293       995.615  2233.972  20.538   1.639 1.72800    1.750587  20.579   0.493   0.588   0.322  22  13  10  10
  L104-S294       746.269  2240.280  18.029   0.159 1.72800    1.750587  18.973   0.830   0.997   0.469  71  47  71  49
  L104-S299      1484.168  2324.444  18.078   0.160 1.72800    1.750587  19.991   1.525   1.952   0.978  24   9  24  36
  L104-S304       606.617  2461.054  18.801   0.328 1.72800    1.750587  19.993   0.595   0.721   0.375  31  16  27  27
  L104-S308       201.256  2522.384  17.703   0.117 1.72800    1.750587  20.379   1.447   2.086   1.090  20   6  20  28
  L104-S311       475.505  2671.144  17.470   0.099 1.72800    1.750587  19.252   1.395   1.705   0.808  49  17  49  44
  L104-S312       239.489  2681.364  18.565   0.255 1.72800    1.750587  20.026   0.874   1.082   0.528  22  13  22  26
  L104-S316       780.059  2780.872  16.091   0.028 1.72800    1.750587  18.114   1.511   2.074   1.081  75  50  75  46
  L104-S322      1429.439  3379.890  17.166   0.071 1.72800    1.750587  19.904  80.095   2.718   1.589  24   0  24  36
  L104-S350      1040.902   287.350  16.942   0.060 1.72800    1.750587  17.788   0.709   0.808   0.405  83  62  78  43
  L104-S354       767.161   960.427  17.190   0.075 1.72800    1.750587  18.699   1.062   1.238   0.565  69  49  69  41
  L104-S356       979.016  1130.768  15.919   0.024 1.72800    1.750587  17.244   1.165   1.419   0.643  88  63  83  44
  L104-S357       832.591  1279.963  15.885   0.022 1.72800    1.750587  16.902   0.935   1.111   0.513  89  67  87  50
  L104-S358       989.021  1603.355  16.451   0.037 1.72800    1.750587  17.252   0.699   0.829   0.421  86  65  83  48
  L104-S360        82.816  1731.830  17.144   0.072 1.72800    1.750587  18.585   1.218   1.534   0.735  88  61  88  52
  L104-S361      1388.918  1748.881  16.247   0.031 1.72800    1.750587  17.186   0.868   1.003   0.464  83  65  83  46
  L104-S365       828.901  1972.630  16.230   0.031 1.72800    1.750587  17.269   0.875   1.031   0.477  74  52  66  45
  L104-S368       352.277  2416.009  15.350   0.014 1.72800    1.750587  16.283   0.893   1.001   0.468  93  68  90  52
  L104-S370       945.820  2526.154  16.332   0.035 1.72800    1.750587  17.182   0.696   0.866   0.431  80  64  80  44
  L104-S372      1087.965  2614.583  15.765   0.019 1.72800    1.750587  17.106   1.059   1.279   0.557  63  48  63  31
  L104-S379      2020.750  2810.655  15.011   0.011 1.72800    1.750587  16.137   1.077   1.175   0.501  84  65  84  46
  L104-S490      1803.137   253.982  14.752   0.009 1.72800    1.750587  15.414   0.563   0.705   0.360  83  63  80  41
  L104-S492      1722.823   301.570  17.289   0.083 1.72800    1.750587  18.608   0.832   1.013   0.482  70  54  69  41
  L104-S494      1530.591   393.823  14.756   0.009 1.72800    1.750587  16.004   1.089   1.289   0.563  79  61  79  41
  L104-S497      1464.958   735.955  15.699   0.020 1.72800    1.750587  16.826   0.925   1.173   0.564  55  44  55  28
  L104-S499      1389.187   977.065  14.086   0.005 1.72800    1.750587  14.801   0.709   0.758   0.368  82  63  82  41
  L104-S522      1856.288  3112.655  14.755   0.009 1.72800    1.750587  16.410   1.394   1.698   0.787  80  59  80  42
  L104-S525      1566.168  3229.837  15.336   0.014 1.72800    1.750587  16.097   0.622   0.759   0.378  81  62  81  42
  L104-S526      1403.112  3259.244  18.181   0.179 1.72800    1.750587  18.740   0.484   0.640   0.333  69  55  61  42
  L104-S532        33.966  3474.160  16.834   0.053 1.72800    1.750587  17.606   0.574   0.695   0.369  65  48  65  36
  L104-S533      1720.835  3649.584  15.804   0.021 1.72800    1.750587  16.467   0.543   0.699   0.357  67  50  67  37
  L104-S534        24.133  3646.388  17.224   0.073 1.72800    1.750587  18.136   0.476   0.668   0.357  59  43  57  36
  L104-S536      1872.522  3735.821  17.711   0.118 1.72800    1.750587  18.976   1.195   1.413   0.626  43  22  43  35
  L104-S537      1962.382  3772.908  19.388   0.564 1.72800    1.750587  18.856   0.046   0.147   0.103  48  40  30  30
  L104-S538      1953.853  3811.038  16.936   0.059 1.72800    1.750587  18.060   0.815   0.979   0.463  54  37  52  32
  L104-S539      1935.448  3845.476  16.327   0.035 1.72800    1.750587  17.915   1.247   1.518   0.684  48  33  48  31
  L104-S540      1146.880  3883.017  14.733   0.008 1.72800    1.750587  15.825   1.004   1.150   0.509  50  32  44  29
  L104-S541      1092.123  3934.402  16.524   0.040 1.72800    1.750587  17.941   1.173   1.427   0.637  43  25  38  25
  L104-S750      1183.997   371.513  18.377   0.224 1.72800    1.750587  19.480   0.813   0.972   0.444  48  32  48  34
  L104-S751      2044.028   422.913   0.000   0.000 1.72800    1.750587  20.075   0.522   0.688   0.338  20  16  19  19
  L104-S752      1894.789   463.628  17.959   0.147 1.72800    1.750587  18.789   0.601   0.734   0.379  65  51  62  40
  L104-S753       770.354   594.921  18.326   0.214 1.72800    1.750587  19.827   1.425   1.756   0.836  33   8  33  37
  L104-S754       814.755   773.567  18.191   0.186 1.72800    1.750587  20.333   0.524   0.638   0.306  21   7  14  14
  L104-S757       534.243  1220.641  20.446   1.395 1.72800    1.750587  20.276   0.559   0.699   0.383  21  10  16  16
  L104-S763      1544.899  1559.891  19.442   0.584 1.72800    1.750587  20.682   0.804   0.939  80.256  10   6  10   0
  L104-S773      1956.116  2377.762  18.931   0.369 1.72800    1.750587  20.736  79.263   0.859   0.456  16   0  15  10
  L104-S774      1911.675  2432.346  18.918   0.354 1.72800    1.750587  20.252   0.555   0.774   0.369  21  15  18  18
  L104-S776      1450.300  2475.541  18.477   0.233 1.72800    1.750587  19.315   0.533   0.650   0.345  51  43  43  38
  L104-S790       229.960  3314.862  17.114   0.069 1.72800    1.750587  19.271   1.552   2.208   1.226  46  13  46  40
  L104-S796      1781.229  3487.133  19.508   0.612 1.72800    1.750587  19.929  80.070   0.674   0.357  19   0  19  19
  L104-S799      1135.383  3784.978  18.183   0.186 1.72800    1.750587  18.871   0.661   0.834   0.416  43  29  43  32
  L104-350        162.041  3250.711  12.945   0.002 1.15100    5.199145  13.641   0.658   0.733   0.359  98  77  98  57
  L104-443       1958.767   212.717  13.790   0.004 1.15100    5.199145  15.387   1.296   1.605   0.751  81  63  81  43
  L104-444        371.023   216.304  12.577   0.002 1.15100    5.199145  13.270   0.678   0.744   0.356 110  85  83  42
s L104-456        464.466  2083.318  11.719   0.001 1.15100    5.199145  12.368   0.623   0.686   0.333  89  68  87  50
  L104-457       1179.124  2129.386  15.159   0.011 1.15100    5.199145  16.044   0.795   0.908   0.428  92  74  91  52
  L104-470        937.624  3717.262  13.682   0.003 1.15100    5.199145  14.366   0.631   0.713   0.352  72  52  69  42
  L104-S5         381.939   798.286  12.741   0.002 1.15100    5.199145  13.551   0.820   0.862   0.409  90  70  77  43
  L104-S9         907.361  3638.837  13.869   0.004 1.15100    5.199145  14.618   0.679   0.779   0.386  71  51  71  39
  L104-S68       1035.629  2195.757  13.822   0.004 1.15100    5.199145  14.808   0.854   1.021   0.475  85  66  84  44
  L104-S69        557.664  2614.643  14.390   0.006 1.15100    5.199145  16.028   1.335   1.647   0.754  63  43  63  29
  L104-S202      1960.781   142.204  16.524   0.035 1.15100    5.199145  19.100   1.592   2.590   1.537  57  17  57  36
  L104-S228       817.544   883.075  16.278   0.028 1.15100    5.199145  18.510   1.560   2.215   1.222  76  42  76  41
  L104-S261        93.730  1443.233  16.752   0.043 1.15100    5.199145  18.328   1.276   1.533   0.710  84  65  84  49
  L104-S279       423.101  1807.909  16.684   0.040 1.15100    5.199145  18.620   1.478   1.950   0.978  72  41  72  45
  L104-S292       351.772  2165.218  16.652   0.040 1.15100    5.199145  18.983   1.498   2.370   1.342  69  27  69  47
  L104-S315      1945.569  2758.629  14.789   0.008 1.15100    5.199145  17.414   1.675   2.602   1.495  73  59  73  46
  L104-S316       627.816  2787.997  16.050   0.023 1.15100    5.199145  18.114   1.511   2.074   1.081  75  50  75  46
  L104-S356       826.567  1137.061  15.849   0.019 1.15100    5.199145  17.244   1.165   1.419   0.643  88  63  83  44
  L104-S357       680.192  1286.367  15.839   0.019 1.15100    5.199145  16.902   0.935   1.111   0.513  89  67  87  50
  L104-S358       836.413  1609.996  16.477   0.033 1.15100    5.199145  17.252   0.699   0.829   0.421  86  65  83  48
  L104-S361      1236.238  1755.617  16.246   0.025 1.15100    5.199145  17.186   0.868   1.003   0.464  83  65  83  46
  L104-S365       676.612  1979.381  16.183   0.025 1.15100    5.199145  17.269   0.875   1.031   0.477  74  52  66  45
  L104-S368       199.972  2423.072  15.323   0.012 1.15100    5.199145  16.283   0.893   1.001   0.468  93  68  90  52
  L104-S370       793.351  2533.293  16.391   0.031 1.15100    5.199145  17.182   0.696   0.866   0.431  80  64  80  44
  L104-S372       935.643  2621.783  15.773   0.017 1.15100    5.199145  17.106   1.059   1.279   0.557  63  48  63  31
  L104-S379      1867.110  2817.195  14.978   0.009 1.15100    5.199145  16.137   1.077   1.175   0.501  84  65  84  46
  L104-S488      1993.783    63.903  15.997   0.022 1.15100    5.199145  16.950   0.832   0.985   0.477  68  51  66  38
  L104-S490      1649.905   260.640  14.729   0.007 1.15100    5.199145  15.414   0.563   0.705   0.360  83  63  80  41
  L104-S494      1377.471   400.142  14.739   0.008 1.15100    5.199145  16.004   1.089   1.289   0.563  79  61  79  41
  L104-S497      1312.053   742.491  15.718   0.017 1.15100    5.199145  16.826   0.925   1.173   0.564  55  44  55  28
  L104-S499      1236.378   983.719  14.070   0.004 1.15100    5.199145  14.801   0.709   0.758   0.368  82  63  82  41
  L104-S522      1702.986  3119.135  14.740   0.008 1.15100    5.199145  16.410   1.394   1.698   0.787  80  59  80  42
  L104-S525      1413.036  3236.673  15.366   0.013 1.15100    5.199145  16.097   0.622   0.759   0.378  81  62  81  42
  L104-S533      1567.198  3656.293  15.762   0.017 1.15100    5.199145  16.467   0.543   0.699   0.357  67  50  67  37
  L104-S539      1781.762  3852.242  16.386   0.031 1.15100    5.199145  17.915   1.247   1.518   0.684  48  33  48  31
  L104-S540       993.865  3890.097  14.701   0.007 1.15100    5.199145  15.825   1.004   1.150   0.509  50  32  44  29
  L104-S541       939.258  3941.600  16.556   0.038 1.15100    5.199145  17.941   1.173   1.427   0.637  43  25  38  25
  L104-S671      2003.926  3789.716  16.383   0.030 1.15100    5.199145  17.568   1.064   1.253   0.547  56  40  56  34
  L107-611       1368.935   153.134  13.344   0.003 1.39000    5.658227  14.287   0.870   0.997   0.469  87  64  87  62
  L107-612        804.488   170.124  13.242   0.002 1.39000    5.658227  14.267   0.914   1.089   0.544  83  61  83  58
  L107-614       1236.251   490.136  13.257   0.002 1.39000    5.658227  13.939   0.611   0.742   0.380  85  65  81  61
  L107-626        271.805  1836.399  12.430   0.001 1.39000    5.658227  13.484   0.994   1.127   0.519 102  85 100  79
  L107-627        294.700  1954.415  12.490   0.001 1.39000    5.658227  13.351   0.781   0.916   0.457  92  76  87  75
  L107-636        848.718  3825.802  14.015   0.004 1.39000    5.658227  14.882   0.742   0.882   0.448  39  32  32  25
  L107-639        334.407  4066.592  13.381   0.003 1.39000    5.658227  14.185   0.657   0.805   0.381  44  36  36  30
  L107-S20        360.575  2455.996  15.129   0.010 1.39000    5.658227  15.985   0.803   0.916   0.446  62  47  60  40
  L107-S56        106.407  1739.988  16.811   0.043 1.39000    5.658227  19.456   1.610   2.657   1.568  53  23  53  51
  L107-S57        266.857  1668.141  16.872   0.045 1.39000    5.658227  17.517   0.138   0.229   0.165  81  65  75  56
  L107-S197      1045.680    91.618  12.222   0.001 1.39000    5.658227  13.329   1.022   1.169   0.521  84  55  84  56
  L107-S199        89.264    95.075  16.912   0.045 1.39000    5.658227  18.396   1.251   1.557   0.726  74  44  74  53
  L107-S205      1299.397   150.709  15.990   0.020 1.39000    5.658227  16.890   0.814   0.959   0.478  85  60  85  58
  L107-S208       575.403   156.109  15.865   0.019 1.39000    5.658227  17.085   1.056   1.256   0.574  83  60  83  58
  L107-S210       223.113   199.675  16.781   0.042 1.39000    5.658227  17.752   0.825   0.997   0.491  83  60  83  58
  L107-S218      1023.761   366.931  15.322   0.011 1.39000    5.658227  17.277   1.557   2.001   0.993  64  48  64  49
  L107-S220      1083.053   386.130  15.669   0.015 1.39000    5.658227  17.029   1.163   1.434   0.649  60  48  60  51
  L107-S222       278.329   387.898  14.926   0.008 1.39000    5.658227  15.938   0.951   1.092   0.536  62  49  62  52
  L107-S247      1373.404   616.273  16.109   0.023 1.39000    5.658227  16.913   0.723   0.879   0.448  79  60  74  54
  L107-S250       510.498   675.118  15.346   0.012 1.39000    5.658227  16.355   0.893   1.097   0.545  82  61  77  56
  L107-S263       550.113   840.070  16.591   0.035 1.39000    5.658227  17.645   0.922   1.090   0.521  80  59  75  56
  L107-S266       421.317   877.249  14.001   0.004 1.39000    5.658227  14.801   0.774   0.870   0.427  80  60  76  56
  L107-S267        92.953   896.352  15.291   0.011 1.39000    5.658227  16.101   0.735   0.863   0.431  74  56  70  51
  L107-S289       179.053  1114.990  16.724   0.041 1.39000    5.658227  17.798   0.989   1.134   0.525  77  61  76  54
  L107-S298       928.615  1283.172  15.589   0.015 1.39000    5.658227  16.398   0.779   0.880   0.431  76  58  74  51
  L107-S313      1313.812  1417.848  14.927   0.008 1.39000    5.658227  15.868   0.901   0.989   0.463  79  63  74  57
  L107-S319      1775.676  1508.430  15.549   0.013 1.39000    5.658227  16.638   0.931   1.151   0.541  67  51  62  44
  L107-S323       391.855  1592.100  16.390   0.029 1.39000    5.658227  18.354   1.597   2.011   0.987  76  49  76  56
  L107-S327      1267.036  1669.713  15.736   0.017 1.39000    5.658227  15.950   0.150   0.256   0.175  79  62  74  57
  L107-S550      1801.326    97.388  15.384   0.012 1.39000    5.658227  16.276   0.813   0.964   0.483  79  51  77  53
  L107-S556       362.756   353.616  16.880   0.045 1.39000    5.658227  18.928   1.614   2.087   1.046  49  22  49  46
  L107-S558      1584.962   410.988  16.802   0.043 1.39000    5.658227  17.874   1.011   1.171   0.544  61  49  61  47
  L107-S563      1955.605   558.902  13.461   0.003 1.39000    5.658227  14.505   0.988   1.105   0.541  76  56  71  49
  L107-S566      1058.220   675.929  16.925   0.048 1.39000    5.658227  18.700   1.451   1.782   0.833  72  45  72  56
  L107-S575      1955.181   870.104  14.808   0.007 1.39000    5.658227  16.443   1.388   1.664   0.752  72  52  67  48
  L107-S578      1973.677   988.243  15.516   0.013 1.39000    5.658227  16.892   1.134   1.392   0.649  72  55  70  47
  L107-S579      1143.279   994.813  11.917   0.001 1.39000    5.658227  13.008   0.990   1.150   0.529  82  61  76  51
  L107-S589      1840.386  1282.288  15.648   0.015 1.39000    5.658227  16.245   0.517   0.659   0.340  69  56  66  48
  L107-S609      1709.230  1767.332  15.117   0.010 1.39000    5.658227  15.901   0.693   0.843   0.426  67  53  62  47
  L107-S632      1787.250  2057.708  16.161   0.023 1.39000    5.658227  17.126   0.829   0.962   0.458  63  48  58  47
  L107-S638       970.221  2102.463  16.828   0.044 1.39000    5.658227  18.461   1.368   1.697   0.775  61  41  61  51
  L107-S639       741.943  2100.528  14.303   0.005 1.39000    5.658227  15.109   0.734   0.862   0.431  61  50  58  45
  L107-S666      2016.875  2461.625  16.899   0.049 1.39000    5.658227  17.792   0.741   0.898   0.433  52  40  45  34
  L107-S680       903.696  2564.939  16.492   0.031 1.39000    5.658227  17.282   0.692   0.844   0.424  53  40  49  37
  L107-S682      1342.673  2569.407  15.425   0.012 1.39000    5.658227  16.280   0.710   0.890   0.436  54  41  50  37
  L107-S693      1196.224  2730.758  16.583   0.037 1.39000    5.658227  17.299   0.672   0.830   0.413  52  39  47  37
  L107-S698      1652.406  2782.877  16.129   0.024 1.39000    5.658227  17.563   1.223   1.469   0.644  45  33  39  31
  L107-S707      1037.548  2845.956  16.119   0.023 1.39000    5.658227  18.032   1.508   1.976   0.992  49  31  42  35
  L107-S708       744.672  2868.020  16.909   0.048 1.39000    5.658227  18.970   1.545   2.052   1.039  42  24  39  32
  L107-S714      1259.829  2927.774  16.332   0.027 1.39000    5.658227  18.757   1.685   2.461   1.409  43  26  38  32
  L107-S716      1361.331  2972.295  16.335   0.027 1.39000    5.658227  17.520   1.033   1.278   0.584  47  37  38  33
  L107-S733      1621.866  3240.719  16.508   0.033 1.39000    5.658227  18.009   1.104   1.433   0.673  40  29  32  29
  L107-S736       163.314  3271.042  16.686   0.038 1.39000    5.658227  17.428   0.604   0.778   0.413  43  36  37  31
  L107-S742      1320.646  3350.931  16.332   0.027 1.39000    5.658227  17.112   0.706   0.851   0.428  45  37  38  33
  L107-S745      1661.151  3387.568  16.317   0.028 1.39000    5.658227  17.458   0.921   1.128   0.542  38  29  34  30
  L107-S755      1197.938  3542.015  13.684   0.003 1.39000    5.658227  14.496   0.811   0.870   0.412  44  36  38  32
  L107-S758      1937.107  3566.334  16.447   0.032 1.39000    5.658227  17.341   0.714   0.871   0.423  41  33  33  29
  L107-S766      1201.650  3594.210  16.851   0.045 1.39000    5.658227  17.660   0.725   0.884   0.439  44  36  37  32
  L107-S770       953.362  3624.891  16.811   0.041 1.39000    5.658227  18.762   1.606   2.076   1.063  41  26  38  32
  L107-S779       400.020  3731.562  15.754   0.017 1.39000    5.658227  16.404   0.534   0.705   0.371  44  35  38  31
  L107-S781       242.077  3768.073  16.536   0.032 1.39000    5.658227  18.759   1.509   2.124   1.125  40  25  36  29
  L107-S782       973.344  3774.117  15.126   0.010 1.39000    5.658227  15.885   0.660   0.803   0.411  43  35  36  31
  L107-S783       391.291  3784.086  16.427   0.031 1.39000    5.658227  17.215   0.675   0.818   0.419  42  33  36  27
  L107-S785      1345.283  3868.952  16.074   0.022 1.39000    5.658227  16.813   0.676   0.797   0.392  38  28  30  24
  L107-S786       954.126  3891.246  15.932   0.020 1.39000    5.658227  18.469   1.706   2.531   1.463  37  24  29  23
  L107-S787       721.060  3897.094  16.666   0.037 1.39000    5.658227  17.424   0.653   0.806   0.409  37  27  29  23
  L107-S788      1172.956  3908.267  15.975   0.020 1.39000    5.658227  16.782   0.711   0.809   0.393  37  27  28  23
  L107-S789      1258.741  3965.767  15.025   0.009 1.39000    5.658227  15.994   0.832   0.966   0.463  37  26  28  23
  L107-S790       981.810  3963.585  13.863   0.004 1.39000    5.658227  14.673   0.713   0.805   0.377  37  27  28  23
  L107-S887      1121.923   591.772  16.858   0.044 1.39000    5.658227  19.416   1.585   2.595   1.515  60  26  60  53
  L107-S1162     1255.645  1894.544  15.808   0.017 1.39000    5.658227  16.782   0.877   1.004   0.468  69  54  66  49
  L107-S1191     1905.241  2321.671  16.620   0.035 1.39000    5.658227  19.201  80.798   2.471   1.357  32   0  32  36
  L107-S1276     1720.830  3391.122  15.107   0.010 1.39000    5.658227  17.111   1.567   2.034   1.025  37  28  33  29
  L107-S1317     1759.110  3949.214  14.483   0.006 1.39000    5.658227  16.079   1.252   1.584   0.738  35  26  28  21
  L107-S1326     1440.786  4035.286  16.491   0.033 1.39000    5.658227  17.575   0.886   1.007   0.452  35  26  28  21
  L107-611       1258.555   167.742  13.336   0.003 1.17700    8.703643  14.287   0.870   0.997   0.469  87  64  87  62
  L107-612        694.412   184.716  13.236   0.002 1.17700    8.703643  14.267   0.914   1.089   0.544  83  61  83  58
  L107-614       1126.058   504.828  13.243   0.002 1.17700    8.703643  13.939   0.611   0.742   0.380  85  65  81  61
  L107-626        162.039  1851.242  12.421   0.001 1.17700    8.703643  13.484   0.994   1.127   0.519 102  85 100  79
  L107-627        184.924  1969.351  12.481   0.002 1.17700    8.703643  13.351   0.781   0.916   0.457  92  76  87  75
  L107-636        737.850  3840.934  13.996   0.004 1.17700    8.703643  14.882   0.742   0.882   0.448  39  32  32  25
  L107-S20        250.664  2471.035  15.083   0.010 1.17700    8.703643  15.985   0.803   0.916   0.446  62  47  60  40
  L107-S57        157.028  1682.895  16.828   0.042 1.17700    8.703643  17.517   0.138   0.229   0.165  81  65  75  56
  L107-S193      1656.733    24.189  16.570   0.038 1.17700    8.703643  17.627   0.948   1.142   0.536  74  52  74  50
  L107-S197       935.664   106.027  12.208   0.001 1.17700    8.703643  13.329   1.022   1.169   0.521  84  55  84  56
  L107-S205      1189.066   165.156  15.980   0.021 1.17700    8.703643  16.890   0.814   0.959   0.478  85  60  85  58
  L107-S208       465.592   170.568  15.897   0.018 1.17700    8.703643  17.085   1.056   1.256   0.574  83  60  83  58
c L107-S210       113.319   213.961  16.730   0.040 1.17700    8.703643  17.752   0.825   0.997   0.491  83  60  83  58
  L107-S218       913.681   381.499  15.323   0.012 1.17700    8.703643  17.277   1.557   2.001   0.993  64  48  64  49
  L107-S220       972.906   400.849  15.643   0.015 1.17700    8.703643  17.029   1.163   1.434   0.649  60  48  60  51
  L107-S222       168.738   402.198  14.911   0.008 1.17700    8.703643  15.938   0.951   1.092   0.536  62  49  62  52
  L107-S236       472.051   531.107  17.019   0.050 1.17700    8.703643  18.034   0.916   1.073   0.518  83  62  76  57
  L107-S247      1262.923   630.946  16.027   0.021 1.17700    8.703643  16.913   0.723   0.879   0.448  79  60  74  54
  L107-S250       400.777   689.773  15.262   0.011 1.17700    8.703643  16.355   0.893   1.097   0.545  82  61  77  56
  L107-S263       440.227   854.639  16.468   0.031 1.17700    8.703643  17.645   0.922   1.090   0.521  80  59  75  56
  L107-S266       311.704   891.853  13.988   0.004 1.17700    8.703643  14.801   0.774   0.870   0.427  80  60  76  56
  L107-S289        69.435  1129.675  16.723   0.040 1.17700    8.703643  17.798   0.989   1.134   0.525  77  61  76  54
  L107-S291      2016.341  1192.840  16.676   0.041 1.17700    8.703643  17.600   0.713   0.913   0.460  70  56  65  48
  L107-S298       818.745  1297.929  15.543   0.014 1.17700    8.703643  16.398   0.779   0.880   0.431  76  58  74  51
  L107-S313      1203.507  1432.488  14.913   0.008 1.17700    8.703643  15.868   0.901   0.989   0.463  79  63  74  57
  L107-S319      1665.011  1523.195  15.506   0.014 1.17700    8.703643  16.638   0.931   1.151   0.541  67  51  62  44
  L107-S323       281.937  1606.812  16.350   0.028 1.17700    8.703643  18.354   1.597   2.011   0.987  76  49  76  56
  L107-S324      1942.019  1631.775  16.741   0.042 1.17700    8.703643  17.828   0.823   0.996   0.489  70  55  63  48
  L107-S327      1156.726  1684.311  15.683   0.016 1.17700    8.703643  15.950   0.150   0.256   0.175  79  62  74  57
  L107-S351       474.828  1937.217  16.037   0.022 1.17700    8.703643  17.174   0.885   1.065   0.515  52  40  43  31
  L107-S550      1690.866   111.929  15.334   0.012 1.17700    8.703643  16.276   0.813   0.964   0.483  79  51  77  53
  L107-S556       252.915   368.070  16.831   0.042 1.17700    8.703643  18.928   1.614   2.087   1.046  49  22  49  46
  L107-S558      1474.503   425.655  16.802   0.043 1.17700    8.703643  17.874   1.011   1.171   0.544  61  49  61  47
  L107-S563      1844.726   573.390  13.457   0.003 1.17700    8.703643  14.505   0.988   1.105   0.541  76  56  71  49
  L107-S566       948.034   690.403  16.873   0.044 1.17700    8.703643  18.700   1.451   1.782   0.833  72  45  72  56
  L107-S575      1844.152   884.920  14.794   0.008 1.17700    8.703643  16.443   1.388   1.664   0.752  72  52  67  48
  L107-S578      1862.628  1003.051  15.488   0.013 1.17700    8.703643  16.892   1.134   1.392   0.649  72  55  70  47
  L107-S579      1033.129  1009.501  11.907   0.001 1.17700    8.703643  13.008   0.990   1.150   0.529  82  61  76  51
  L107-S589      1729.631  1297.085  15.601   0.015 1.17700    8.703643  16.245   0.517   0.659   0.340  69  56  66  48
  L107-S596      1936.676  1478.619  14.501   0.006 1.17700    8.703643  15.332   0.777   0.877   0.426  71  56  66  48
  L107-S609      1598.732  1782.145  15.087   0.009 1.17700    8.703643  15.901   0.693   0.843   0.426  67  53  62  47
  L107-S630      1930.064  2059.229  15.542   0.015 1.17700    8.703643  16.364   0.706   0.844   0.417  62  47  57  46
  L107-S632      1676.459  2072.392  16.159   0.024 1.17700    8.703643  17.126   0.829   0.962   0.458  63  48  58  47
  L107-S638       860.129  2117.229  16.723   0.040 1.17700    8.703643  18.461   1.368   1.697   0.775  61  41  61  51
  L107-S639       632.108  2115.404  14.298   0.005 1.17700    8.703643  15.109   0.734   0.862   0.431  61  50  58  45
  L107-S646      2002.685  2171.720  16.539   0.034 1.17700    8.703643  17.803   0.963   1.237   0.584  60  48  54  46
  L107-S661      1965.695  2395.993  16.300   0.029 1.17700    8.703643  17.197   0.829   0.998   0.477  52  38  49  37
  L107-S666      1905.594  2476.260  16.791   0.045 1.17700    8.703643  17.792   0.741   0.898   0.433  52  40  45  34
  L107-S670       599.905  2480.655  16.967   0.049 1.17700    8.703643  18.906   1.404   1.794   0.855  50  31  50  38
  L107-S680       793.590  2579.791  16.473   0.032 1.17700    8.703643  17.282   0.692   0.844   0.424  53  40  49  37
c L107-S682      1232.084  2584.078  15.404   0.012 1.17700    8.703643  16.280   0.710   0.890   0.436  54  41  50  37
  L107-S693      1085.787  2745.287  16.533   0.034 1.17700    8.703643  17.299   0.672   0.830   0.413  52  39  47  37
  L107-S698      1541.553  2797.251  16.178   0.025 1.17700    8.703643  17.563   1.223   1.469   0.644  45  33  39  31
  L107-S707       926.997  2860.641  16.051   0.022 1.17700    8.703643  18.032   1.508   1.976   0.992  49  31  42  35
  L107-S714      1149.307  2942.345  16.283   0.026 1.17700    8.703643  18.757   1.685   2.461   1.409  43  26  38  32
  L107-S716      1250.765  2987.039  16.296   0.027 1.17700    8.703643  17.520   1.033   1.278   0.584  47  37  38  33
  L107-S725      1959.879  3180.821  16.431   0.031 1.17700    8.703643  17.268   0.772   0.896   0.432  44  34  32  30
  L107-S733      1510.746  3255.134  16.536   0.034 1.17700    8.703643  18.009   1.104   1.433   0.673  40  29  32  29
  L107-S736        52.981  3286.377  16.758   0.040 1.17700    8.703643  17.428   0.604   0.778   0.413  43  36  37  31
  L107-S742      1209.842  3365.768  16.287   0.027 1.17700    8.703643  17.112   0.706   0.851   0.428  45  37  38  33
  L107-S745      1550.038  3402.195  16.300   0.026 1.17700    8.703643  17.458   0.921   1.128   0.542  38  29  34  30
  L107-S755      1087.088  3556.992  13.665   0.003 1.17700    8.703643  14.496   0.811   0.870   0.412  44  36  38  32
  L107-S758      1825.724  3580.829  16.446   0.030 1.17700    8.703643  17.341   0.714   0.871   0.423  41  33  33  29
  L107-S763       530.509  3599.072  16.937   0.047 1.17700    8.703643  18.013   0.779   0.905   0.454  43  34  34  31
  L107-S766      1090.807  3609.159  16.834   0.043 1.17700    8.703643  17.660   0.725   0.884   0.439  44  36  37  32
  L107-S770       842.547  3640.008  16.754   0.040 1.17700    8.703643  18.762   1.606   2.076   1.063  41  26  38  32
  L107-S779       289.441  3746.880  15.734   0.017 1.17700    8.703643  16.404   0.534   0.705   0.371  44  35  38  31
  L107-S781       131.476  3783.582  16.512   0.033 1.17700    8.703643  18.759   1.509   2.124   1.125  40  25  36  29
  L107-S782       862.515  3789.241  15.097   0.010 1.17700    8.703643  15.885   0.660   0.803   0.411  43  35  36  31
  L107-S783       280.755  3799.366  16.428   0.031 1.17700    8.703643  17.215   0.675   0.818   0.419  42  33  36  27
  L107-S785      1234.195  3883.998  15.981   0.021 1.17700    8.703643  16.813   0.676   0.797   0.392  38  28  30  24
  L107-S786       843.116  3906.395  15.898   0.019 1.17700    8.703643  18.469   1.706   2.531   1.463  37  24  29  23
  L107-S787       610.115  3912.307  16.621   0.036 1.17700    8.703643  17.424   0.653   0.806   0.409  37  27  29  23
  L107-S788      1061.896  3923.416  15.972   0.021 1.17700    8.703643  16.782   0.711   0.809   0.393  37  27  28  23
  L107-S789      1147.716  3980.786  15.017   0.009 1.17700    8.703643  15.994   0.832   0.966   0.463  37  26  28  23
  L107-S790       870.896  3978.735  13.864   0.004 1.17700    8.703643  14.673   0.713   0.805   0.377  37  27  28  23
  L107-S884      1924.783   589.727  16.462   0.032 1.17700    8.703643  18.981   1.629   2.459   1.382  64  33  64  47
  L107-S887      1011.661   606.281  16.760   0.041 1.17700    8.703643  19.416   1.585   2.595   1.515  60  26  60  53
  L107-S1162     1145.118  1909.297  15.847   0.018 1.17700    8.703643  16.782   0.877   1.004   0.468  69  54  66  49
  L107-S1191     1794.042  2336.301  16.675   0.039 1.17700    8.703643  19.201  80.798   2.471   1.357  32   0  32  36
  L107-S1276     1609.765  3405.872  15.103   0.010 1.17700    8.703643  17.111   1.567   2.034   1.025  37  28  33  29
  L107-S1317     1647.729  3964.012  14.462   0.006 1.17700    8.703643  16.079   1.252   1.584   0.738  35  26  28  21
  L107-S1326     1329.491  4050.241  16.481   0.033 1.17700    8.703643  17.575   0.886   1.007   0.452  35  26  28  21
  L110-358        514.329  2079.917  13.206   0.003 1.34700    8.922780  14.417   1.079   1.282   0.639  79  70  50  31
c L110-S366      2021.937    32.048  13.748   0.005 1.34700    8.922780  16.077   1.831   2.309   1.098  55  41  48  32
c L110-S368       893.186    56.694  14.258   0.006 1.34700    8.922780  16.689   2.045   2.519   1.229  70  39  38  25
  L110-S369      2020.060   105.709  14.747   0.009 1.34700    8.922780  16.865   1.762   2.143   1.031  50  38  38  25
c L110-S371      1524.450   223.130  12.924   0.002 1.34700    8.922780  16.561   3.123   3.673   1.634  55  37  52  36
c L110-S372      1287.301   229.897  13.916   0.005 1.34700    8.922780  15.948   1.761   2.144   1.112  72  49  49  39
  L110-S374       178.068   261.220  13.673   0.004 1.34700    8.922780  17.430   3.236   3.811   1.684  82  27  50  39
  L110-S375       763.086   273.768  12.753   0.002 1.34700    8.922780  14.922   1.847   2.274   1.116  79  50  50  37
  L110-S378       599.874   381.503  13.767   0.004 1.34700    8.922780  15.833   1.759   2.161   1.071  58  35  33  18
c L110-S379      1217.875   435.901  14.095   0.005 1.34700    8.922780  15.574   1.336   1.514   0.701  72  52  50  39
  L110-S381      1278.303   488.141  14.479   0.007 1.34700    8.922780  16.628   1.830   2.222   1.088  78  56  54  43
c L110-S382      1800.338   507.295  13.311   0.003 1.34700    8.922780  16.673   2.910   3.370   1.507  65  63  54  41
  L110-S390       229.875   604.896  13.880   0.004 1.34700    8.922780  15.491   1.430   1.690   0.837  82  55  55  40
c L110-S397      1354.054   721.010  14.461   0.007 1.34700    8.922780  16.809   1.943   2.376   1.165  71  71  60  45
  L110-S404       860.892   802.256  14.338   0.006 1.34700    8.922780  16.529   1.814   2.252   1.108  84  74  56  39
c L110-S405       113.069   883.897  13.206   0.003 1.34700    8.922780  16.291   2.666   3.168   1.486  93  74  62  41
  L110-S407      1980.380   927.953  13.785   0.004 1.34700    8.922780  16.158   1.987   2.452   1.231  61  61  49  35
  L110-S409       155.570   969.083  12.413   0.002 1.34700    8.922780  14.756   1.965   2.433   1.197  92  69  60  41
c L110-S412      1369.013   997.108  14.160   0.006 1.34700    8.922780  15.717   1.315   1.587   0.724  68  68  56  36
  L110-S413      1840.627  1009.766  14.028   0.005 1.34700    8.922780  15.680   1.409   1.664   0.758  64  64  53  34
  L110-S417        77.151  1092.350  13.464   0.003 1.34700    8.922780  14.905   1.300   1.521   0.759  99  82  67  41
  L110-S420      1417.731  1125.822  12.572   0.002 1.34700    8.922780  16.656   3.345   4.105   1.827  65  65  53  33
  L110-S423      1999.535  1187.024  13.463   0.003 1.34700    8.922780  17.290   3.282   3.837   1.667  66  46  55  33
c L110-S424      1311.812  1211.661  14.191   0.006 1.34700    8.922780  15.750   1.358   1.588   0.729  84  84  60  37
  L110-S426       630.953  1279.655  13.436   0.003 1.34700    8.922780  15.813   2.016   2.463   1.203  78  67  46  23
  L110-S428       372.990  1289.901  14.063   0.005 1.34700    8.922780  16.667   1.636   2.637   1.547  96  79  65  39
  L110-S429       770.261  1323.681  14.159   0.006 1.34700    8.922780  17.432   2.832   3.350   1.512  88  51  57  38
  L110-S431      1030.667  1353.176  13.314   0.003 1.34700    8.922780  17.201   3.260   3.913   1.710  83  54  59  36
c L110-S442       261.478  1580.048  14.078   0.005 1.34700    8.922780  15.734   1.371   1.698   0.807  95  78  59  37
  L110-S444       838.085  1633.833  13.664   0.004 1.34700    8.922780  16.413   2.363   2.829   1.308  79  75  57  38
  L110-S463      1884.422  1991.369  11.328   0.001 1.34700    8.922780  12.288   0.861   1.016   0.556  57  57  42  24
  L110-S467       551.646  2024.542  12.277   0.001 1.34700    8.922780  15.131   2.406   2.917   1.379  71  67  43  23
  L110-S474      1961.907  2249.136  14.181   0.006 1.34700    8.922780  16.164   1.713   2.006   0.969  62  62  53  31
c L110-S480      1968.156  2421.512  14.001   0.005 1.34700    8.922780  17.292   2.765   3.211   1.451  66  64  57  33
  L110-S485      2024.847  2512.132  13.400   0.003 1.34700    8.922780  16.101   2.318   2.739   1.280  63  63  57  32
  L110-S487       602.020  2594.542  13.195   0.003 1.34700    8.922780  18.054  81.945   4.840   2.196  87   0  42  23
  L110-S491      1220.533  2721.175  13.758   0.004 1.34700    8.922780  17.465   3.192   3.734   1.606  93  45  62  35
  L110-S494      1716.991  2763.263  13.575   0.004 1.34700    8.922780  15.828   1.858   2.303   1.135  68  68  59  34
  L110-S498      1757.246  2796.003  13.781   0.004 1.34700    8.922780  17.251   2.914   3.490   1.537  69  56  59  34
  L110-S499       650.961  2787.184  13.671   0.004 1.34700    8.922780  16.028   1.991   2.403   1.161 105  82  60  35
  L110-S504      2005.145  2917.813  12.165   0.001 1.34700    8.922780  16.287   3.333   4.101   1.807  67  67  57  33
  L110-S505       539.997  2909.580  12.712   0.002 1.34700    8.922780  13.638   0.884   0.986   0.474 104  86  61  40
c L110-S507       770.168  2934.240  14.544   0.007 1.34700    8.922780  17.032   2.036   2.505   1.209 106  80  60  39
  L110-S518       821.286  3066.447  13.987   0.005 1.34700    8.922780  17.340   2.829   3.414   1.525 107  63  61  37
  L110-S519      1705.276  3082.878  11.628   0.001 1.34700    8.922780  13.355   1.434   1.787   0.929  68  68  55  33
c L110-S520      1774.782  3087.802  13.840   0.004 1.34700    8.922780  16.165   1.898   2.326   1.123  67  67  55  32
c L110-S521      1800.096  3090.189  13.697   0.004 1.34700    8.922780  16.954   2.714   3.282   1.477  67  67  55  31
  L110-S534       711.883  3502.214  14.665   0.008 1.34700    8.922780  16.934   1.933   2.345   1.147 102  82  58  39
  L110-S546      1650.378  3744.545  12.737   0.002 1.34700    8.922780  14.680   1.616   1.994   1.022  71  71  57  36
c L110-S555      1723.937  3943.496  13.943   0.004 1.34700    8.922780  15.349   1.204   1.397   0.647  55  55  39  14
  L110-S935        23.863    46.336  16.573   0.048 1.34700    8.922780  19.498   1.676   2.852   1.673  61  13  49  30
  L110-S942      1048.953   160.729  15.246   0.013 1.34700    8.922780  17.820   2.076   2.565   1.251  54  27  32  18
  L110-S952       397.538   272.185  16.207   0.030 1.34700    8.922780  19.149  80.850   2.923   1.404  68   0  48  39
  L110-S966      1431.151   363.872  15.636   0.019 1.34700    8.922780  18.206   2.132   2.563   1.240  61  28  53  39
  L110-S967       476.828   373.922  16.083   0.030 1.34700    8.922780  18.628   2.171   2.673   1.330  75  24  50  35
  L110-S978       520.927   440.890  15.600   0.019 1.34700    8.922780  18.065   2.018   2.521   1.247  77  41  49  36
  L110-S983       457.361   458.574  15.981   0.028 1.34700    8.922780  18.573   2.146   2.588   1.258  77  27  50  39
  L110-S997       453.922   571.241  16.313   0.035 1.34700    8.922780  19.315  80.684   3.043   1.449  64   0  55  40
c L110-S1000     1281.438   589.734  15.250   0.014 1.34700    8.922780  17.442   1.803   2.253   1.118  78  68  57  43
  L110-S1002      366.612   586.554  16.107   0.028 1.34700    8.922780  18.691   2.163   2.635   1.261  78  28  54  40
  L110-S1023      177.714   790.242  16.550   0.042 1.34700    8.922780  19.140   2.190   2.695   1.312  78  18  60  40
c L110-S1026     1800.150   822.629  15.525   0.018 1.34700    8.922780  18.431   1.666   2.890   1.722  59  48  50  37
  L110-S1051      519.054   972.942  15.721   0.021 1.34700    8.922780  18.352   2.248   2.696   1.276  83  36  54  41
  L110-S1052       36.593   975.442  16.682   0.046 1.34700    8.922780  19.787  80.212   2.990   1.434  63   0  60  40
  L110-S1057      616.015  1013.089  14.609   0.008 1.34700    8.922780  17.812   2.708   3.218   1.494  77  32  44  22
  L110-S1080      550.369  1141.798  16.187   0.033 1.34700    8.922780  19.006   2.112   2.678   1.314  76  24  60  40
  L110-S1081      792.606  1145.669  15.374   0.016 1.34700    8.922780  18.724   2.910   3.390   1.518  83  19  59  39
  L110-S1084      704.116  1149.541  16.158   0.030 1.34700    8.922780  19.022   2.341   2.861   1.366  76  18  58  39
  L110-S1088      566.051  1162.432  15.752   0.022 1.34700    8.922780  18.381   2.149   2.663   1.315  84  42  57  38
  L110-S1091      424.250  1185.105  15.796   0.021 1.34700    8.922780  18.476   2.233   2.728   1.340  96  36  66  40
  L110-S1097     1123.322  1228.825  15.676   0.021 1.34700    8.922780  19.011  80.988   3.379   1.515  71   0  59  37
  L110-S1102     1791.271  1271.891  16.526   0.044 1.34700    8.922780  19.415   2.110   2.903   1.464  50  17  50  34
  L110-S1109     1272.350  1310.569  15.509   0.018 1.34700    8.922780  18.068   2.129   2.643   1.300  83  58  60  37
  L110-S1132     1907.170  1465.890  15.567   0.019 1.34700    8.922780  18.028   2.038   2.457   1.144  63  54  53  34
  L110-S1133     1658.043  1475.113  14.562   0.008 1.34700    8.922780  17.847   2.798   3.307   1.495  70  42  59  39
c L110-S1140     1519.890  1529.569  14.924   0.010 1.34700    8.922780  18.390   2.967   3.466   1.535  67  23  60  39
  L110-S1162     1951.133  1690.106  15.736   0.020 1.34700    8.922780  18.352   2.164   2.641   1.249  59  38  48  32
  L110-S1168     1914.780  1742.797  16.396   0.041 1.34700    8.922780  19.025   2.278   2.779   1.308  52  17  52  32
  L110-S1169      911.506  1751.370  14.971   0.010 1.34700    8.922780  18.480  81.519   3.561   1.572  65   0  57  36
  L110-S1170     1843.462  1768.562  14.668   0.009 1.34700    8.922780  17.280   2.145   2.631   1.271  66  66  54  32
  L110-S1171     1987.024  1771.570  15.834   0.023 1.34700    8.922780  18.476   2.104   2.573   1.249  62  40  53  32
  L110-S1172      755.121  1765.896  16.024   0.028 1.34700    8.922780  18.951   2.395   2.878   1.342  68  17  59  37
  L110-S1180      151.073  1806.192  16.179   0.031 1.34700    8.922780  18.998   2.309   2.849   1.360  76  18  70  39
c L110-S1185     1795.053  1836.252  16.314   0.036 1.34700    8.922780  18.848   2.093   2.538   1.204  58  27  55  33
  L110-S1186     1373.273  1835.173  15.418   0.015 1.34700    8.922780  18.045   1.700   2.626   1.447  67  67  59  32
  L110-S1200     1986.391  1914.131  16.205   0.033 1.34700    8.922780  18.795   2.037   2.476   1.169  58  30  51  27
  L110-S1215     1758.623  1990.430  14.916   0.010 1.34700    8.922780  18.535   3.049   3.624   1.588  56  15  44  25
  L110-S1224     1321.016  2022.932  16.247   0.035 1.34700    8.922780  19.111  80.888   2.622   1.240  42   0  42  17
  L110-S1238     1747.761  2119.875  15.641   0.019 1.34700    8.922780  19.124  80.875   3.409   1.815  48   0  48  29
  L110-S1244       85.366  2130.267  15.776   0.022 1.34700    8.922780  18.543   2.277   2.867   1.397  96  36  66  38
  L110-S1266     1667.176  2252.865  14.967   0.010 1.34700    8.922780  17.340   2.025   2.470   1.235  66  66  58  35
  L110-S1269     1061.772  2254.141  15.754   0.020 1.34700    8.922780  18.379   2.146   2.641   1.311  86  47  57  30
  L110-S1271      866.127  2260.924  15.732   0.020 1.34700    8.922780  18.862   2.547   3.119   1.449  88  23  56  32
  L110-S1276     1346.796  2287.364  15.268   0.015 1.34700    8.922780  18.726   3.043   3.464   1.533  60  17  56  30
  L110-S1277      130.834  2280.773  16.181   0.031 1.34700    8.922780  19.313  80.686   2.945   1.409  92   0  64  34
  L110-S1279     1538.654  2310.734  15.396   0.015 1.34700    8.922780  17.776   1.964   2.336   1.120  64  64  56  33
  L110-S1280      446.843  2309.738  15.183   0.012 1.34700    8.922780  17.776   2.136   2.592   1.248 107  68  62  34
  L110-S1284      704.925  2331.034  14.990   0.011 1.34700    8.922780  18.746   3.115   3.696   1.607  89  12  53  34
  L110-S1300     1800.831  2447.894  15.694   0.021 1.34700    8.922780  18.198   2.021   2.533   1.214  61  49  58  33
  L110-S1304      785.089  2462.845  16.408   0.038 1.34700    8.922780  19.424  80.575   2.988   1.407  79   0  60  37
c L110-S1306      552.980  2465.935  13.501   0.003 1.34700    8.922780  18.416  81.583   4.894   2.170  97   0  60  38
  L110-S1310      830.440  2472.907  16.025   0.027 1.34700    8.922780  18.833   2.228   2.669   1.243  94  30  63  39
  L110-S1311     1651.536  2483.685  14.530   0.007 1.34700    8.922780  18.148   3.117   3.628   1.577  66  24  61  38
  L110-S1316     1854.583  2499.900  14.601   0.008 1.34700    8.922780  17.844   2.814   3.254   1.458  61  43  57  32
c L110-S1324      331.334  2521.233  15.042   0.011 1.34700    8.922780  18.537   2.997   3.520   1.558 103  21  68  39
  L110-S1326     1447.081  2526.848  16.388   0.038 1.34700    8.922780  19.000   2.107   2.577   1.192  57  24  57  37
  L110-S1329     1599.446  2542.051  15.593   0.019 1.34700    8.922780  19.084  80.915   3.453   1.516  56   0  56  38
c L110-S1330     1904.834  2549.153  15.269   0.014 1.34700    8.922780  17.536   1.873   2.271   1.102  65  65  57  33
  L110-S1336       57.657  2548.167  16.422   0.039 1.34700    8.922780  19.195   2.300   2.826   1.378  94  22  70  34
  L110-S1338     1276.068  2566.859  15.138   0.012 1.34700    8.922780  18.895  81.104   3.786   1.622  69   0  60  35
  L110-S1343     1053.971  2597.779  16.321   0.035 1.34700    8.922780  19.156   2.324   2.826   1.344  83  25  61  35
  L110-S1348     1363.846  2619.588  14.618   0.007 1.34700    8.922780  18.531   3.284   3.898   1.668  64  16  62  36
  L110-S1353     1432.964  2637.733  15.488   0.016 1.34700    8.922780  18.816   2.740   3.364   1.509  61  20  57  36
  L110-S1361      938.999  2691.001  15.252   0.013 1.34700    8.922780  17.634   2.018   2.439   1.223  95  79  60  36
  L110-S1364      335.050  2689.283  16.483   0.040 1.34700    8.922780  18.922   2.085   2.572   1.273 103  32  68  39
  L110-S1369      873.433  2703.894  15.202   0.013 1.34700    8.922780  18.680  81.319   3.524   1.562  96   0  61  36
  L110-S1384     1507.004  2784.986  15.441   0.015 1.34700    8.922780  19.054  80.945   3.581   1.567  59   0  59  38
c L110-S1387      785.078  2787.655  15.456   0.016 1.34700    8.922780  18.168   2.214   2.683   1.268 103  51  60  39
  L110-S1395      780.089  2834.935  16.362   0.041 1.34700    8.922780  18.903   2.119   2.545   1.214  95  30  60  39
  L110-S1416     1442.054  2957.730  14.862   0.010 1.34700    8.922780  17.523   2.229   2.718   1.301  71  69  58  37
  L110-S1422       24.538  2976.284  16.561   0.047 1.34700    8.922780  19.012   2.039   2.514   1.254 105  31  75  40
  L110-S1423      445.807  2985.561  14.977   0.011 1.34700    8.922780  18.317   2.909   3.384   1.516 111  32  67  40
  L110-S1444      372.410  3093.931  16.487   0.040 1.34700    8.922780  19.616  80.383   2.824   1.362  86   0  68  38
c L110-S1450     1603.343  3123.918  16.464   0.039 1.34700    8.922780  19.073   2.086   2.617   1.227  60  26  60  36
  L110-S1470       60.023  3179.116  14.767   0.009 1.34700    8.922780  17.332   2.123   2.611   1.240 118  80  71  38
  L110-S1475     1633.648  3214.637  15.236   0.014 1.34700    8.922780  18.877  81.122   3.636   1.583  60   0  60  37
  L110-S1480     1015.607  3256.903  14.203   0.006 1.34700    8.922780  17.932   3.214   3.747   1.602  94  37  61  34
  L110-S1490     1179.503  3355.175  15.916   0.024 1.34700    8.922780  18.579   2.131   2.650   1.261  91  43  61  35
  L110-S1499      658.091  3404.189  16.174   0.030 1.34700    8.922780  18.723   2.175   2.624   1.297  97  38  58  35
  L110-S1510     1625.177  3496.344  15.682   0.021 1.34700    8.922780  18.263   2.215   2.674   1.287  68  45  62  37
  L110-S1511       51.329  3487.053  14.358   0.006 1.34700    8.922780  17.778   2.853   3.469   1.545 119  52  73  40
  L110-S1523     1721.027  3598.426  14.999   0.011 1.34700    8.922780  17.820   2.257   2.767   1.272  67  55  54  33
  L110-S1532      853.329  3639.239  16.447   0.038 1.34700    8.922780  19.427  80.572   2.940   1.378  82   0  57  38
c L110-S1535     1552.753  3691.030  15.903   0.024 1.34700    8.922780  19.248  80.751   3.377   1.495  58   0  58  36
  L110-S1541     1422.943  3714.184  15.318   0.015 1.34700    8.922780  17.705   1.930   2.392   1.144  65  65  51  31
  L110-S1544      615.345  3727.017  15.558   0.019 1.34700    8.922780  18.873  81.126   3.402   1.536  69   0  42  20
c L110-S1545      576.634  3738.061  15.996   0.026 1.34700    8.922780  18.744   2.257   2.630   1.236  78  22  47  28
c L110-S1562      895.385  3811.899  14.508   0.007 1.34700    8.922780  18.116   3.004   3.615   1.586  87  32  55  33
  L110-S1565     1167.021  3826.449  15.792   0.021 1.34700    8.922780  19.288  80.711   3.477   1.549  61   0  54  31
  L110-S1572      322.201  3866.619  14.280   0.006 1.34700    8.922780  18.015   3.165   3.771   1.638  90  23  50  31
  L110-S1574      349.241  3880.914  15.066   0.012 1.34700    8.922780  18.866  81.133   3.827   1.657  77   0  50  29
c L110-S1577     1822.621  3915.568  14.341   0.006 1.34700    8.922780  17.770   2.813   3.415   1.532  60  32  41  22
c L110-S1595      878.378  4020.903  14.042   0.005 1.34700    8.922780  17.849   3.236   3.794   1.622  67  21  45  28
  L110-S1599      171.546  4050.938  13.438   0.003 1.34700    8.922780  18.009   3.390   4.504   2.037  78  13  52  31
c L110-S1601      337.982  4055.703  14.248   0.006 1.34700    8.922780  17.432   2.666   3.164   1.474  76  46  49  31
  L110-S2127     1854.964   560.019  14.791   0.009 1.34700    8.922780  19.012  80.987   4.212   1.880  50   0  50  41
c L110-S2129     1370.333  1309.067  15.243   0.013 1.34700    8.922780  19.090  80.909   3.842   1.659  59   0  59  36
c L110-S2131      916.055  1536.654  14.450   0.007 1.34700    8.922780  18.372  81.627   3.929   1.719  82   0  57  38
  L110-S2132      414.439  1620.943  14.938   0.011 1.34700    8.922780  19.093  80.906   4.195   1.805  69   0  64  39
c L110-S2137      546.041  2125.831  15.341   0.015 1.34700    8.922780  19.208  80.791   3.913   1.686  68   0  56  37
  L110-S2139      790.061  2211.967  15.173   0.013 1.34700    8.922780  18.973  81.026   3.831   1.661  69   0  56  37
  L110-S2144      692.530  2515.824  14.311   0.006 1.34700    8.922780  18.555  81.444   4.261   1.801  94   0  59  38
c L110-S2150     1585.653  3103.240  15.106   0.013 1.34700    8.922780  19.239  80.760   4.155   1.749  54   0  54  36
  L111-S303      1550.881    76.992  12.596   0.002 1.54900    9.131989  13.498   0.859   0.974  87.475   6   6   6   0
  L111-S309      1747.998   199.297  13.631   0.004 1.54900    9.131989  14.683   1.017   1.133  86.449   6   6   6   0
  L111-S311      1154.068   219.584  15.096   0.012 1.54900    9.131989  16.180   0.947   1.149  84.968   6   6   6   0
  L111-S313      1100.114   232.129  14.467   0.007 1.54900    9.131989  15.968   1.408   1.593  85.624   6   6   6   0
s L111-S315      1364.927   247.936  11.519   0.001 1.54900    9.131989  13.011   1.451   1.566  88.554   6   6   6   0
  L111-S317       581.301   342.216  14.820   0.009 1.54900    9.131989  16.234   1.283   1.481  85.246   6   6   6   0
  L111-S318       760.036   403.854  14.238   0.006 1.54900    9.131989  15.243   0.868   1.063  85.819   6   6   6   0
  L111-S321       581.850   455.150  15.730   0.022 1.54900    9.131989  16.871   0.974   1.156  84.284   6   6   6   0
  L111-S327       819.805   579.206  14.821   0.010 1.54900    9.131989  16.020   1.046   1.262  85.241   6   6   6   0
  L111-S336      1103.122   929.622  12.310   0.001 1.54900    9.131989  13.712   1.389   1.484  87.771   6   6   6   0
c L111-S341       251.282  1070.364  12.955   0.004 1.54900    9.131989  13.907  86.092   1.014  87.106   6   0   6   0
  L111-S344      1584.103  1221.590  11.566   0.001 1.54900    9.131989  13.321   1.661   1.862  88.540   6   6   6   0
  L111-S349       667.177  1368.073  15.816   0.022 1.54900    9.131989  16.983   1.151   1.297  84.313   6   6   6   0
  L111-S350       176.882  1449.372  15.522   0.017 1.54900    9.131989  16.690   1.105   1.260  84.569   6   6   6   0
  L111-S351      2011.377  1473.082  15.286   0.014 1.54900    9.131989  16.490   0.989   1.220  84.729   6   6   6   0
  L111-S352      1246.335  1492.988  13.802   0.004 1.54900    9.131989  14.845   0.930   1.122  86.276   6   6   6   0
  L98-562        1969.031    30.492  11.622   0.001 1.20000    0.244591  12.172   0.514   0.603   0.291 148 145 138  76
  L98-563         307.569    68.164  13.613   0.003 1.20000    0.244591  14.155   0.463   0.625   0.346 165 156 158  86
c L98-580         244.081   524.894  14.239   0.006 1.20000    0.244591  14.703   0.413   0.514   0.291 175 168 162  95
  L98-581         466.898   534.213  14.280   0.006 1.20000    0.244591  14.610   0.313   0.389   0.228 181 173 168  98
  L98-590        1219.828   710.814  13.194   0.002 1.20000    0.244591  14.671   1.354   1.522   0.745 175 171 158  97
s L98-613         287.134   993.024  11.632   0.001 1.20000    0.244591  11.814   0.180   0.246   0.145 162 161 145  90
  L98-614        1614.080  1029.694  14.317   0.006 1.20000    0.244591  15.441   1.041   1.210   0.572 185 170 169  97
  L98-624        1674.908  1206.851  12.957   0.002 1.20000    0.244591  13.775   0.778   0.834   0.386 197 180 176  94
  L98-626        1573.723  1239.140  13.224   0.003 1.20000    0.244591  14.771   1.446   1.598   0.777 196 182 173  92
  L98-634        1528.941  1425.839  13.918   0.004 1.20000    0.244591  14.640   0.649   0.749   0.358 202 185 175  99
  L98-642        1391.885  1607.994  14.659   0.008 1.20000    0.244591  15.315   0.544   0.694   0.382 236 216 193 106
  L98-650        1814.216  1920.781  12.129   0.001 1.20000    0.244591  12.274   0.153   0.168   0.094 276 268 221 156
  L98-652        1301.482  1931.767  14.157   0.005 1.20000    0.244591  14.820   0.531   0.664   0.338 234 222 199 120
  L98-666         941.513  2216.243  12.548   0.002 1.20000    0.244591  12.730   0.163   0.210   0.125 251 240 212 129
s L98-676        1881.834  2438.891  11.745   0.001 1.20000    0.244591  13.087   1.169   1.376   0.677 277 248 229 153
c L98-682        1803.616  2594.443  13.063   0.002 1.20000    0.244591  13.760   0.628   0.709   0.336 268 251 208 148
  L98-688         936.697  2718.888  12.427   0.002 1.20000    0.244591  12.762   0.290   0.355   0.198 236 225 199 122
c L98-696        1371.707  2891.181  11.704   0.001 1.20000    0.244591  12.408   0.400   0.522   0.296 220 201 178 111
  L98-L1          265.252   484.083  14.262   0.006 1.20000    0.244591  15.656   1.282   1.463   0.721 172 163 161  93
  L98-L2         1294.021   574.362  14.565   0.007 1.20000    0.244591  15.869   1.134   1.331   0.589 172 167 156  94
  L98-S74        1919.595    25.859  14.428   0.008 1.20000    0.244591  16.117   0.830   1.064   0.562 144 139 141  77
  L98-S75        1444.773    22.746  15.121   0.013 1.20000    0.244591  16.709   1.418   1.682   0.831 150 143 140  75
  L98-S78        1110.174    77.957  15.799   0.021 1.20000    0.244591  16.590   0.680   0.851   0.461 156 150 146  80
  L98-S79         194.380    92.921  16.006   0.025 1.20000    0.244591  17.249   1.018   1.296   0.661 161 152 154  81
  L98-S80        1285.805   116.994  14.309   0.006 1.20000    0.244591  15.079   0.660   0.806   0.408 161 153 149  83
  L98-S81         556.910   119.345  15.527   0.016 1.20000    0.244591  16.562   0.916   1.158   0.603 161 150 153  79
  L98-S82         891.696   123.286  15.958   0.023 1.20000    0.244591  18.059   1.850   2.171   1.059 168 120 159  83
  L98-S83        1339.550   139.560  15.464   0.015 1.20000    0.244591  16.261   0.690   0.857   0.464 163 155 146  83
  L98-S84         230.122   145.559  16.215   0.029 1.20000    0.244591  17.326   0.940   1.123   0.555 164 153 152  82
  L98-S88         288.356   166.883  16.094   0.026 1.20000    0.244591  16.839   0.593   0.764   0.432 164 154 153  82
  L98-S90        1733.844   189.634  14.894   0.010 1.20000    0.244591  16.945   1.792   2.085   1.012 160 147 149  84
  L98-S96        1480.819   225.905  15.538   0.017 1.20000    0.244591  16.570   0.838   1.053   0.548 162 153 148  81
  L98-S97         813.178   279.404  14.811   0.008 1.20000    0.244591  15.591   0.688   0.839   0.424 173 158 161  84
  L98-S104       1193.838   344.973  15.115   0.011 1.20000    0.244591  15.982   0.755   0.905   0.453 165 163 152  92
  L98-S105        877.745   343.745  15.201   0.013 1.20000    0.244591  17.133   1.686   1.978   0.976 170 155 162  92
  L98-S106       1238.071   361.768  16.124   0.027 1.20000    0.244591  17.191   0.864   1.095   0.584 164 159 151  91
  L98-S107        403.976   354.253  14.917   0.010 1.20000    0.244591  16.069   1.047   1.222   0.602 165 158 155  90
  L98-S108        969.023   360.799  13.925   0.004 1.20000    0.244591  15.571   1.616   1.709   0.837 163 161 148  89
  L98-S112        807.649   381.849  15.300   0.014 1.20000    0.244591  16.275   0.806   1.019   0.526 169 163 160  87
  L98-S113       1385.106   391.731  13.791   0.004 1.20000    0.244591  15.207   1.273   1.460   0.715 162 160 148  87
  L98-S114       1459.001   393.265  14.352   0.006 1.20000    0.244591  15.166   0.710   0.871   0.417 160 160 146  84
  L98-S115        557.453   394.806  12.321   0.001 1.20000    0.244591  13.647   1.226   1.388   0.679 163 155 152  83
  L98-S116        187.002   393.865  15.812   0.021 1.20000    0.244591  17.560   1.545   1.807   0.895 157 141 152  84
  L98-S117        385.160   397.127  14.404   0.006 1.20000    0.244591  15.457   0.910   1.073   0.528 158 153 148  82
  L98-S118        121.160   417.398  14.795   0.009 1.20000    0.244591  15.628   0.740   0.905   0.455 157 155 150  84
  L98-S120        541.459   433.964  15.330   0.015 1.20000    0.244591  16.181   0.742   0.923   0.472 170 161 156  86
  L98-S121       1719.020   462.773  15.584   0.018 1.20000    0.244591  16.623   0.796   1.032   0.544 163 160 155  89
  L98-S124       1510.250   467.874  15.860   0.022 1.20000    0.244591  16.817   0.816   1.038   0.565 162 157 153  89
s L98-S125        833.601   483.223  11.617   0.001 1.20000    0.244591  13.034   1.373   1.476   0.703 178 167 166  93
  L98-S126        600.370   482.127  14.602   0.007 1.20000    0.244591  15.483   0.792   0.932   0.461 171 163 159  89
  L98-S127       1085.303   490.267  15.398   0.015 1.20000    0.244591  16.344   0.797   1.010   0.517 172 168 156  93
  L98-S130       1236.350   500.809  15.852   0.025 1.20000    0.244591  16.849   0.907   1.060   0.521 171 166 156  93
  L98-S131       1192.987   500.726  12.962   0.002 1.20000    0.244591  13.470   0.382   0.517   0.299 173 169 155  93
  L98-S132       1712.649   518.179  14.525   0.007 1.20000    0.244591  15.322   0.690   0.829   0.410 172 169 158  93
  L98-S134       1963.883   526.887  15.019   0.011 1.20000    0.244591  15.861   0.704   0.864   0.435 169 165 151  91
  L98-S138       1429.019   538.921  15.799   0.020 1.20000    0.244591  16.912   0.914   1.181   0.609 170 166 154  91
  L98-S139        787.597   532.281  15.952   0.024 1.20000    0.244591  16.945   0.828   1.041   0.537 180 168 167  94
  L98-S141       1632.259   559.465  16.201   0.030 1.20000    0.244591  17.243   0.861   1.109   0.582 170 163 157  96
  L98-S144       1204.757   568.575  16.082   0.026 1.20000    0.244591  17.187   0.937   1.085   0.530 173 166 155  94
  L98-S145       1699.846   577.821  12.103   0.001 1.20000    0.244591  12.470   0.324   0.512   0.267 173 168 159  95
  L98-S147       1072.413   587.157  15.959   0.024 1.20000    0.244591  17.035   0.891   1.092   0.553 171 167 157  94
  L98-S149        949.144   601.827  14.422   0.006 1.20000    0.244591  16.154   1.512   1.790   0.896 172 168 156  94
c L98-S152        721.158   629.171  14.522   0.007 1.20000    0.244591  15.344   0.679   0.862   0.443 177 169 163  93
  L98-S153       1315.868   635.747  16.051   0.026 1.20000    0.244591  17.577   1.176   1.427   0.683 170 158 155  94
  L98-S156       1620.987   642.267  15.890   0.023 1.20000    0.244591  17.053   0.864   1.125   0.583 168 162 155  94
  L98-S158       1002.490   641.898  15.073   0.011 1.20000    0.244591  15.699   0.549   0.689   0.386 173 169 152  90
  L98-S159       1984.135   654.988  14.903   0.010 1.20000    0.244591  15.832   0.733   0.894   0.451 174 173 156  91
  L98-S165       1901.820   675.176  16.073   0.027 1.20000    0.244591  17.219   0.942   1.212   0.625 170 160 156  95
  L98-S170       1926.249   716.227  16.188   0.029 1.20000    0.244591  17.326   0.978   1.147   0.554 160 155 150  91
  L98-S171        283.949   698.507  15.933   0.023 1.20000    0.244591  16.849   0.883   1.026   0.504 157 157 145  89
  L98-S173       1710.958   716.471  14.072   0.005 1.20000    0.244591  14.849   0.641   0.806   0.410 170 167 156  93
  L98-S175        245.070   709.549  14.708   0.008 1.20000    0.244591  16.382   1.512   1.767   0.867 156 156 143  90
  L98-S176        609.828   724.200  15.115   0.011 1.20000    0.244591  15.684   0.512   0.635   0.361 161 160 144  89
  L98-S177       1573.011   742.848  15.193   0.013 1.20000    0.244591  16.032   0.703   0.912   0.490 169 165 152  93
  L98-S180        383.955   741.848  13.280   0.003 1.20000    0.244591  13.918   0.565   0.689   0.349 157 157 144  91
  L98-S181       1576.831   780.779  14.449   0.007 1.20000    0.244591  15.299   0.747   0.876   0.425 168 164 157  92
  L98-S182       1062.491   775.920  13.208   0.003 1.20000    0.244591  13.832   0.542   0.654   0.328 171 165 159  94
  L98-S184       1290.648   782.251  13.728   0.004 1.20000    0.244591  14.503   0.674   0.808   0.403 171 164 157  93
  L98-S185        884.019   779.501  14.670   0.008 1.20000    0.244591  15.396   0.600   0.751   0.389 169 164 155  91
  L98-S186       1390.694   785.865  15.526   0.016 1.20000    0.244591  16.715   0.969   1.255   0.658 172 163 158  93
  L98-S188        718.194   786.753  14.696   0.008 1.20000    0.244591  15.146   0.466   0.565   0.312 163 163 151  90
  L98-S189       1516.069   795.562  15.183   0.012 1.20000    0.244591  16.160   0.776   1.003   0.529 167 159 157  93
  L98-S192       1235.146   820.069  16.017   0.026 1.20000    0.244591  16.992   0.862   1.038   0.519 171 163 158  92
  L98-S193        713.742   840.320  15.110   0.011 1.20000    0.244591  16.085   0.876   1.015   0.495 166 165 152  91
  L98-S194       1515.436   852.150  14.978   0.010 1.20000    0.244591  15.927   0.776   0.985   0.511 174 166 164  94
  L98-S196       1360.248   860.311  15.390   0.015 1.20000    0.244591  16.116   0.619   0.808   0.450 181 165 168  94
  L98-S198        264.873   870.329  15.755   0.020 1.20000    0.244591  16.757   0.886   1.016   0.501 155 155 143  89
  L98-S199       1859.321   889.682  15.515   0.017 1.20000    0.244591  16.433   0.767   1.014   0.555 171 154 162  98
  L98-S206       1360.165   913.163  15.018   0.011 1.20000    0.244591  16.202   1.062   1.208   0.534 188 168 170  95
  L98-S207        241.235   903.053  15.929   0.027 1.20000    0.244591  16.884   0.940   1.052   0.504 157 157 144  89
  L98-S209       1702.014   920.824  13.064   0.002 1.20000    0.244591  15.243   1.525   2.181   1.173 188 171 173  96
  L98-S212       1081.495   924.727  14.358   0.006 1.20000    0.244591  15.316   0.775   0.984   0.507 182 172 165  95
  L98-S215        130.688   931.016  16.128   0.029 1.20000    0.244591  17.203   0.879   1.105   0.570 151 151 146  88
  L98-S216       1747.809   949.229  11.828   0.001 1.20000    0.244591  12.283   0.374   0.458   0.234 186 167 170  98
  L98-S222       1269.700   986.145  14.268   0.006 1.20000    0.244591  15.250   0.907   1.013   0.488 188 172 170  97
  L98-S223       1507.313   998.218  12.305   0.001 1.20000    0.244591  12.863   0.479   0.582   0.288 186 172 170  97
  L98-S225       1230.967   996.625  13.371   0.003 1.20000    0.244591  14.116   0.616   0.776   0.409 189 175 170  97
  L98-S228        777.083  1003.369  13.216   0.003 1.20000    0.244591  13.896   0.568   0.727   0.384 175 172 159  96
r L98-S231        867.782  1034.828  13.799   0.004 1.20000    0.244591  15.654   1.638   1.894   0.935 175 170 157  94
  L98-S232       1545.073  1053.177  14.728   0.009 1.20000    0.244591  15.427   0.605   0.763   0.429 185 169 171  97
  L98-S234        669.528  1049.291  15.239   0.013 1.20000    0.244591  16.174   0.771   0.969   0.505 167 166 148  95
  L98-S235        745.053  1052.755  15.728   0.020 1.20000    0.244591  16.578   0.722   0.923   0.483 176 171 158  96
  L98-S237        272.914  1062.405  14.720   0.008 1.20000    0.244591  15.582   0.674   0.837   0.429 162 162 147  93
c L98-S239        791.365  1081.449  15.724   0.020 1.20000    0.244591  17.118   1.161   1.339   0.593 173 163 154  94
  L98-S240        496.732  1086.769  13.201   0.003 1.20000    0.244591  13.872   0.598   0.712   0.356 168 165 149  93
  L98-S245       1948.389  1121.261  15.969   0.024 1.20000    0.244591  17.190   1.032   1.255   0.627 166 161 152  91
  L98-S246        589.126  1113.356  15.052   0.011 1.20000    0.244591  16.082   0.883   1.077   0.547 163 163 143  92
  L98-S248       1789.497  1138.516  15.426   0.015 1.20000    0.244591  16.795   1.120   1.427   0.736 182 163 162  98
  L98-S249        700.040  1127.688  14.758   0.008 1.20000    0.244591  15.892   1.011   1.175   0.581 169 168 149  95
  L98-S250        253.054  1131.412  13.285   0.003 1.20000    0.244591  13.873   0.521   0.630   0.316 154 154 140  93
c L98-S253       1627.795  1184.284  14.083   0.005 1.20000    0.244591  15.252   1.037   1.122   0.492 196 180 174  98
  L98-S254        302.205  1172.237  13.295   0.003 1.20000    0.244591  14.760   1.293   1.475   0.728 161 156 142  90
  L98-S256       1845.973  1216.092  15.417   0.015 1.20000    0.244591  16.695   0.937   1.224   0.619 179 166 159  95
  L98-S258        247.897  1213.942  15.635   0.017 1.20000    0.244591  16.506   0.767   0.957   0.492 168 168 148  88
  L98-S261         21.689  1221.282  15.643   0.019 1.20000    0.244591  16.638   0.841   1.066   0.544 156 155 141  82
  L98-S263       1447.068  1239.027  14.800   0.009 1.20000    0.244591  16.090   1.072   1.259   0.570 195 183 170  89
  L98-S268       1251.912  1267.580  15.961   0.025 1.20000    0.244591  17.413   1.120   1.411   0.710 196 174 172  91
  L98-S270        201.761  1259.252  15.248   0.013 1.20000    0.244591  16.901   1.369   1.658   0.767 169 167 152  88
  L98-S271       1534.234  1279.742  16.043   0.025 1.20000    0.244591  17.215   1.007   1.152   0.553 191 173 174  93
  L98-S272        219.284  1286.260  15.407   0.016 1.20000    0.244591  16.079   0.588   0.734   0.401 175 174 155  92
  L98-S275       1426.166  1307.190  15.720   0.019 1.20000    0.244591  16.417   0.607   0.780   0.428 205 192 178  92
  L98-S278       1921.188  1326.996  15.043   0.011 1.20000    0.244591  15.960   0.848   0.939   0.441 196 184 174  94
  L98-S280       1951.261  1338.151  15.162   0.013 1.20000    0.244591  16.175   0.830   0.996   0.491 191 185 168  92
  L98-S282        140.909  1328.071  15.888   0.022 1.20000    0.244591  16.808   0.736   0.959   0.528 170 170 156  96
  L98-S284       1262.239  1369.007  16.118   0.027 1.20000    0.244591  17.124   0.863   1.013   0.499 210 184 178 101
  L98-S287        184.095  1365.650  15.911   0.024 1.20000    0.244591  17.068   0.885   1.061   0.531 170 170 153  98
  L98-S288        116.891  1365.183  15.620   0.018 1.20000    0.244591  16.345   0.662   0.820   0.431 165 165 154  98
c L98-S291       1891.930  1406.596  15.136   0.012 1.20000    0.244591  16.586   0.883   1.091   0.550 209 186 174 102
  L98-S292        155.483  1393.819  16.015   0.026 1.20000    0.244591  17.385   1.174   1.424   0.663 156 152 146  92
c L98-S294       1971.563  1431.260  15.273   0.014 1.20000    0.244591  16.287   0.939   1.036   0.477 205 192 168  97
  L98-S296       1053.816  1424.113  15.129   0.011 1.20000    0.244591  16.227   0.998   1.116   0.504 194 184 163  97
  L98-S297       1581.044  1434.190  15.666   0.019 1.20000    0.244591  17.575   1.608   1.909   0.946 204 162 175 100
  L98-S299        442.986  1440.806  16.235   0.030 1.20000    0.244591  17.198   0.829   1.034   0.532 172 165 154  93
c L98-S300       1241.107  1461.602  15.037   0.010 1.20000    0.244591  15.910   0.712   0.872   0.435 210 189 179  99
  L98-S301        291.075  1454.301  15.801   0.021 1.20000    0.244591  16.969   1.031   1.145   0.525 166 157 149  89
  L98-S302         94.284  1453.154  15.531   0.016 1.20000    0.244591  16.411   0.743   0.932   0.481 164 160 148  91
  L98-S304        167.105  1464.781  16.030   0.026 1.20000    0.244591  17.325   1.128   1.364   0.641 165 156 151  91
c L98-S307       1108.005  1509.769  14.149   0.005 1.20000    0.244591  14.603   0.399   0.485   0.273 209 192 173  97
  L98-S308       2008.731  1522.021  15.044   0.011 1.20000    0.244591  16.096   0.837   1.069   0.547 208 197 172  99
  L98-S309       1151.031  1521.663  14.653   0.008 1.20000    0.244591  15.450   0.667   0.830   0.420 212 192 179  97
c L98-S314        150.020  1534.427  14.885   0.009 1.20000    0.244591  15.886   0.906   1.031   0.480 170 168 156  94
  L98-S316       1716.727  1556.967  13.543   0.003 1.20000    0.244591  15.151   1.419   1.656   0.814 217 197 186 100
c L98-S320       1188.504  1583.476  12.232   0.002 1.20000    0.244591  12.550   0.243   0.342   0.186 218 201 181  96
c L98-S324       1258.894  1605.322  15.290   0.014 1.20000    0.244591  16.200   0.765   0.972   0.502 229 206 188 102
  L98-S326       1875.039  1626.060  15.283   0.013 1.20000    0.244591  16.225   0.748   0.983   0.530 228 199 195 111
  L98-S332        519.727  1649.681  15.682   0.018 1.20000    0.244591  17.091   1.205   1.446   0.653 193 183 171 101
  L98-S336        603.183  1682.641  15.437   0.015 1.20000    0.244591  16.401   0.783   0.966   0.486 194 187 167  94
c L98-S339        182.807  1725.822  13.848   0.004 1.20000    0.244591  14.608   0.644   0.818   0.424 202 202 161  99
  L98-S340       1521.475  1750.035  15.833   0.022 1.20000    0.244591  16.875   0.845   1.094   0.577 219 201 183 103
  L98-S341       1950.788  1766.700  16.236   0.030 1.20000    0.244591  17.269   0.818   1.041   0.538 226 205 184 102
  L98-S346        608.128  1761.269  15.540   0.016 1.20000    0.244591  16.583   0.864   1.120   0.615 189 189 161  94
  L98-S348        471.157  1762.191  15.713   0.018 1.20000    0.244591  16.734   0.887   1.073   0.539 185 179 161  94
  L98-S349        795.901  1769.305  14.683   0.008 1.20000    0.244591  15.526   0.797   0.895   0.428 200 200 166  97
  L98-S351       1939.525  1804.791  15.872   0.022 1.20000    0.244591  16.998   0.897   1.135   0.569 227 210 186 104
  L98-S352        151.939  1791.456  14.627   0.015 1.20000    0.244591  15.654   0.746   0.957   0.493 184 184 163  91
  L98-S354        796.009  1802.536  16.072   0.027 1.20000    0.244591  16.981   0.763   0.965   0.508 203 193 171  86
  L98-S364        796.116  1862.840  15.344   0.014 1.20000    0.244591  16.901   1.176   1.616   0.849 199 181 169  87
c L98-S367       1264.251  1899.605  14.734   0.008 1.20000    0.244591  15.908   1.033   1.172   0.522 238 217 194 117
  L98-S369        897.932  1896.752  15.269   0.013 1.20000    0.244591  16.105   0.683   0.872   0.457 207 201 177 103
  L98-S372       1549.375  1920.171  15.715   0.019 1.20000    0.244591  16.722   0.834   1.048   0.541 236 209 201 121
  L98-S374       1005.457  1916.242  14.795   0.009 1.20000    0.244591  15.720   0.792   0.897   0.440 218 206 179 103
  L98-S375        717.201  1915.541  15.957   0.023 1.20000    0.244591  16.983   0.930   1.056   0.507 198 186 175 100
  L98-S378        820.510  1932.334  15.835   0.021 1.20000    0.244591  16.828   0.818   1.010   0.513 195 190 174 102
  L98-S379       1880.131  1958.039  15.298   0.014 1.20000    0.244591  16.249   0.762   0.936   0.464 232 218 204 127
  L98-S381        856.619  1961.797  13.892   0.004 1.20000    0.244591  14.412   0.439   0.564   0.319 203 203 175 103
c L98-S383        378.998  1964.917  15.387   0.014 1.20000    0.244591  16.539   0.858   1.086   0.554 184 182 166 100
  L98-S385       1061.556  1997.817  13.788   0.004 1.20000    0.244591  14.467   0.594   0.706   0.345 226 221 191 111
  L98-S387       1395.661  2013.164  16.027   0.026 1.20000    0.244591  17.105   0.849   1.086   0.553 246 215 202 123
  L98-S389       1542.047  2039.005  15.568   0.017 1.20000    0.244591  16.618   0.956   1.068   0.501 251 221 202 123
  L98-S391        582.800  2040.497  15.539   0.016 1.20000    0.244591  16.987   1.286   1.501   0.739 196 183 168  98
  L98-S392        488.882  2060.612  15.988   0.024 1.20000    0.244591  17.285   1.103   1.328   0.668 192 180 168 100
  L98-S394        666.028  2078.865  15.309   0.014 1.20000    0.244591  16.514   0.943   1.241   0.682 201 196 171 104
c L98-S395         82.071  2077.927  15.916   0.022 1.20000    0.244591  17.388   1.102   1.424   0.755 173 166 156  97
c L98-S397        777.146  2089.916  16.056   0.027 1.20000    0.244591  17.106   0.836   1.045   0.534 212 198 179 104
c L98-S398        587.671  2092.451  16.052   0.025 1.20000    0.244591  17.219   0.938   1.064   0.512 197 186 168 100
c L98-S400        240.098  2097.193  14.832   0.009 1.20000    0.244591  15.884   0.846   1.083   0.557 189 189 168 105
  L98-S403       1907.810  2138.873  14.914   0.010 1.20000    0.244591  15.936   0.911   1.038   0.488 259 236 210 131
  L98-S404        136.112  2123.315  14.779   0.008 1.20000    0.244591  15.679   0.735   0.933   0.474 181 181 167 104
  L98-S407        252.131  2136.971  15.209   0.012 1.20000    0.244591  16.295   0.897   1.145   0.586 189 178 168  98
  L98-S408        201.443  2137.754  15.687   0.019 1.20000    0.244591  16.821   0.897   1.187   0.647 183 173 161  96
  L98-S410       1303.596  2162.708  15.367   0.015 1.20000    0.244591  16.783   1.222   1.474   0.728 252 216 205 123
  L98-S412       1469.770  2171.893  16.199   0.029 1.20000    0.244591  17.405   1.001   1.254   0.649 257 213 208 127
  L98-S414        430.127  2180.218  15.122   0.011 1.20000    0.244591  15.915   0.650   0.841   0.450 196 190 171 100
  L98-S415       1270.858  2194.075  14.988   0.011 1.20000    0.244591  15.906   0.755   0.954   0.516 250 227 201 118
  L98-S419       1213.707  2223.348  15.440   0.015 1.20000    0.244591  16.553   0.995   1.133   0.536 242 217 199 114
  L98-S420        619.212  2223.888  15.310   0.013 1.20000    0.244591  16.348   0.789   1.029   0.523 200 192 174 102
c L98-S421       2022.853  2250.675  15.233   0.014 1.20000    0.244591  16.233   0.907   1.030   0.492 256 231 201 125
c L98-S426        115.012  2242.321  14.950   0.010 1.20000    0.244591  16.175   0.977   1.175   0.536 171 171 159  98
  L98-S427       1429.812  2259.292  13.981   0.005 1.20000    0.244591  15.494   1.386   1.554   0.744 254 234 206 126
  L98-S430        286.663  2272.932  15.941   0.024 1.20000    0.244591  17.372   1.230   1.464   0.654 175 159 154  87
c L98-S432       1805.023  2296.649  14.660   0.008 1.20000    0.244591  15.475   0.667   0.828   0.413 255 237 196 131
  L98-S433        508.563  2292.509  15.924   0.023 1.20000    0.244591  17.270   1.129   1.330   0.596 187 171 165  94
  L98-S435       1542.877  2326.251  15.396   0.014 1.20000    0.244591  16.679   1.058   1.324   0.675 255 220 207 128
  L98-S437       1379.386  2327.213  15.722   0.020 1.20000    0.244591  16.805   0.937   1.082   0.527 253 221 204 121
  L98-S442       1172.900  2358.553  13.332   0.003 1.20000    0.244591  14.465   1.030   1.162   0.560 235 217 194 107
  L98-S443       1245.918  2361.100  13.354   0.003 1.20000    0.244591  13.825   0.392   0.486   0.261 241 221 197 113
  L98-S444       1541.717  2370.918  14.892   0.009 1.20000    0.244591  15.774   0.730   0.902   0.479 254 229 209 134
  L98-S446         35.390  2371.864  14.747   0.008 1.20000    0.244591  15.727   0.821   1.030   0.523 169 169 151  90
c L98-S449       1961.095  2409.796  16.193   0.030 1.20000    0.244591  17.302   0.981   1.188   0.590 257 214 203 127
  L98-S454       1583.385  2437.781  13.684   0.004 1.20000    0.244591  14.609   0.752   0.963   0.511 262 244 212 136
  L98-S457        644.090  2436.634  15.590   0.016 1.20000    0.244591  17.573   1.610   2.015   1.007 196 168 170 100
  L98-S458         35.168  2430.653  15.204   0.012 1.20000    0.244591  16.713   1.225   1.540   0.722 168 164 150  90
  L98-S464        326.463  2502.177  13.944   0.004 1.20000    0.244591  14.735   0.699   0.826   0.410 178 170 155  90
  L98-S465       1185.916  2523.780  12.989   0.002 1.20000    0.244591  13.679   0.615   0.706   0.341 240 220 193 113
  L98-S466        691.223  2520.532  15.475   0.015 1.20000    0.244591  16.419   0.826   0.967   0.477 198 190 164  99
  L98-S470       1542.985  2568.831  12.956   0.002 1.20000    0.244591  14.146   1.094   1.213   0.582 256 232 207 133
  L98-S471       1019.033  2574.780  14.811   0.009 1.20000    0.244591  15.537   0.602   0.749   0.418 228 212 183 104
  L98-S474       1942.846  2608.887  13.971   0.004 1.20000    0.244591  15.893   1.751   1.955   0.935 245 219 195 124
  L98-S475        732.434  2591.956  15.285   0.013 1.20000    0.244591  16.355   0.896   1.096   0.553 206 194 172  99
  L98-S478        226.969  2606.391  13.733   0.004 1.20000    0.244591  14.426   0.627   0.729   0.355 172 166 148  91
  L98-S479        957.062  2653.066  15.178   0.012 1.20000    0.244591  17.178   1.727   2.085   1.033 220 184 176 102
  L98-S481       1359.667  2683.191  16.091   0.026 1.20000    0.244591  17.186   0.899   1.142   0.610 247 206 202 120
  L98-S483       1060.089  2690.557  16.168   0.029 1.20000    0.244591  17.154   0.829   1.052   0.550 222 196 181 103
c L98-S485        581.022  2687.686  14.618   0.008 1.20000    0.244591  15.613   0.715   0.912   0.495 181 174 157  90
  L98-S489       1460.115  2725.128  14.013   0.005 1.20000    0.244591  14.796   0.625   0.794   0.429 250 227 203 129
  L98-S493        420.101  2745.897  15.233   0.013 1.20000    0.244591  16.052   0.686   0.842   0.427 174 165 151  91
  L98-S494        664.932  2749.513  15.748   0.019 1.20000    0.244591  17.170   1.145   1.469   0.770 181 167 152  94
  L98-S495       1174.934  2761.249  15.146   0.011 1.20000    0.244591  15.958   0.688   0.878   0.476 228 210 186 107
  L98-S496        891.163  2757.967  16.157   0.028 1.20000    0.244591  17.323   0.891   1.103   0.568 203 184 171  98
  L98-S497       1232.183  2764.130  14.796   0.009 1.20000    0.244591  15.783   0.809   1.019   0.533 235 212 189 113
  L98-S499         56.653  2753.847  15.718   0.020 1.20000    0.244591  17.100   1.216   1.428   0.631 155 148 135  85
  L98-S501        360.080  2774.314  15.445   0.015 1.20000    0.244591  16.356   0.778   0.979   0.513 170 162 145  91
  L98-S503        486.802  2783.218  13.839   0.004 1.20000    0.244591  15.419   1.427   1.646   0.821 180 167 148  91
  L98-S504       1821.494  2804.256  13.878   0.004 1.20000    0.244591  14.678   0.656   0.789   0.389 236 218 176 128
c L98-S505        286.177  2798.904  13.652   0.004 1.20000    0.244591  14.262   0.513   0.633   0.318 168 153 139  87
  L98-S507         55.332  2807.942  15.075   0.011 1.20000    0.244591  16.220   0.956   1.194   0.613 156 146 132  86
  L98-S516        786.930  2888.704  15.488   0.016 1.20000    0.244591  16.692   0.983   1.200   0.611 190 179 159  98
  L98-S518       1050.124  2893.696  16.246   0.029 1.20000    0.244591  17.308   0.899   1.053   0.512 205 186 166 101
c L98-S519       1094.413  2894.434  14.205   0.005 1.20000    0.244591  15.187   0.775   0.987   0.505 207 193 170 102
  L98-S520       1893.094  2923.523  14.031   0.005 1.20000    0.244591  14.850   0.713   0.825   0.395 225 201 180 119
  L98-S526       1255.727  2975.990  14.746   0.008 1.20000    0.244591  15.675   0.728   0.895   0.445 201 180 158 106
  L98-S527       1340.950  2977.250  15.938   0.022 1.20000    0.244591  16.998   0.875   1.080   0.547 201 176 159 108
  L98-S528       1944.482  2990.377  15.634   0.018 1.20000    0.244591  17.134   1.160   1.509   0.803 189 163 150 101
  L98-S530        622.870  2992.083  15.839   0.020 1.20000    0.244591  17.070   0.963   1.179   0.599 165 154 136  96
  L98-S531        291.120  2994.719  15.827   0.021 1.20000    0.244591  16.793   0.903   1.036   0.497 150 136 122  88
  L98-S535        144.484  3034.500  15.810   0.021 1.20000    0.244591  16.804   0.835   1.030   0.531 139 132 118  90
  L98-S538       1816.592  3069.286  15.507   0.016 1.20000    0.244591  17.019   1.345   1.541   0.739 183 155 142 109
  L98-S540        693.688  3095.395  14.280   0.006 1.20000    0.244591  15.090   0.690   0.823   0.410 158 148 133  93
  L98-S541        454.383  3092.518  13.686   0.004 1.20000    0.244591  14.210   0.454   0.590   0.344 154 143 127  88
  L98-S542        743.610  3099.874  15.212   0.012 1.20000    0.244591  17.168   1.613   1.942   0.970 167 144 140  94
  L98-S544        969.959  3112.461  16.232   0.030 1.20000    0.244591  17.359   0.977   1.219   0.623 181 157 146  95
  L98-S546       1444.400  3132.530  15.880   0.021 1.20000    0.244591  16.663   0.693   0.851   0.466 188 169 149  99
c L98-S547        329.201  3119.716  15.355   0.014 1.20000    0.244591  16.421   0.789   0.936   0.471 151 139 123  83
  L98-S550       1063.506  3143.810  15.229   0.013 1.20000    0.244591  17.010   1.420   1.791   0.848 181 156 146  94
  L98-S552        540.780  3152.069  15.290   0.013 1.20000    0.244591  16.497   1.033   1.250   0.580 155 144 126  83
  L98-S553        657.392  3154.758  12.356   0.001 1.20000    0.244591  13.499   1.126   1.190   0.563 156 148 128  88
c L98-S554       1023.695  3171.309  15.165   0.012 1.20000    0.244591  17.103   1.387   1.698   0.788 178 157 142  89
  L98-S556        269.841  3169.888  15.868   0.022 1.20000    0.244591  16.921   0.901   1.144   0.603 147 138 118  78
  L98-S557        765.693  3181.033  14.951   0.010 1.20000    0.244591  15.892   0.801   0.944   0.465 166 154 136  87
  L98-S558       1429.112  3211.169  14.858   0.009 1.20000    0.244591  15.771   0.787   0.956   0.470 183 164 141  95
  L98-S559       1576.437  3216.220  15.978   0.024 1.20000    0.244591  17.208   0.917   1.172   0.599 181 158 141  99
  L98-S563       1374.961  3251.791  16.034   0.024 1.20000    0.244591  17.304   0.966   1.168   0.589 179 156 141 100
  L98-S564        270.870  3257.088  13.274   0.003 1.20000    0.244591  13.719   0.412   0.487   0.259 150 141 123  87
  L98-S572        136.635  3302.730  15.919   0.022 1.20000    0.244591  17.017   0.892   1.062   0.530 126 126 107  84
  L98-S573       2026.370  3337.054  14.746   0.009 1.20000    0.244591  15.687   0.774   0.975   0.502 163 143 126  89
  L98-S575       1245.775  3330.967  16.087   0.026 1.20000    0.244591  17.163   0.909   1.138   0.576 161 137 124  94
c L98-S576       1597.169  3349.572  14.605   0.007 1.20000    0.244591  16.699   1.490   1.988   1.003 162 136 132  96
  L98-S578       1565.980  3357.124  16.009   0.025 1.20000    0.244591  17.204   1.018   1.262   0.631 159 135 128  96
  L98-S580       1247.159  3397.768  15.702   0.018 1.20000    0.244591  17.285   1.278   1.534   0.680 160 135 128  95
  L98-S581       1808.653  3413.164  15.143   0.012 1.20000    0.244591  16.113   0.804   0.975   0.482 155 140 122  98
c L98-S582         75.744  3409.287  15.759   0.019 1.20000    0.244591  17.374   1.329   1.603   0.810 123 112 100  81
  L98-S584        230.984  3412.143  16.086   0.027 1.20000    0.244591  17.277   1.083   1.264   0.599 130 118 104  81
  L98-S586       1988.876  3442.681  14.503   0.007 1.20000    0.244591  15.396   0.733   0.927   0.481 156 138 123  87
  L98-S590       1535.999  3481.108  14.949   0.009 1.20000    0.244591  16.935   1.694   1.997   0.980 149 126 125  92
  L98-S593       1958.994  3505.436  15.026   0.010 1.20000    0.244591  16.024   0.823   1.022   0.513 148 136 116  85
  L98-S594       1069.699  3499.953  15.299   0.013 1.20000    0.244591  17.218   1.684   1.985   0.985 147 134 116  82
  L98-S595        312.500  3497.886  14.672   0.008 1.20000    0.244591  15.517   0.733   0.891   0.443 139 127 106  80
c L98-S597       1662.681  3533.003  16.125   0.028 1.20000    0.244591  17.332   0.976   1.259   0.680 158 136 125  92
  L98-S598         71.112  3513.156  14.951   0.010 1.20000    0.244591  15.639   0.572   0.736   0.421 132 126 105  84
  L98-S599       1554.806  3539.098  14.869   0.009 1.20000    0.244591  16.001   0.908   1.153   0.584 156 140 127  92
  L98-S600       1331.934  3535.999  15.812   0.020 1.20000    0.244591  17.306   1.237   1.473   0.653 159 136 128  92
  L98-S601        447.321  3526.001  13.600   0.003 1.20000    0.244591  14.469   0.683   0.913   0.511 146 134 117  83
  L98-S602        960.785  3538.270  15.597   0.018 1.20000    0.244591  17.614   1.793   2.078   1.022 151 120 119  82
c L98-S603        204.457  3541.579  15.236   0.013 1.20000    0.244591  16.248   0.778   1.002   0.533 137 126 109  83
  L98-S604       1012.916  3553.802  12.461   0.002 1.20000    0.244591  15.270   2.413   2.859   1.398 147 133 115  81
  L98-S607        257.883  3561.608  16.173   0.027 1.20000    0.244591  17.231   0.906   1.150   0.637 132 125 107  82
c L98-S609        386.895  3568.356  15.823   0.021 1.20000    0.244591  16.777   0.692   0.889   0.497 141 129 115  86
  L98-S612       1485.840  3611.862  15.350   0.014 1.20000    0.244591  16.328   0.824   1.001   0.495 149 136 122  87
  L98-S672        997.931   505.109  16.110   0.028 1.20000    0.244591  17.420   0.969   1.246   0.673 171 164 151  89
  L98-S676       1805.668   540.880  16.137   0.028 1.20000    0.244591  17.524   1.057   1.349   0.706 169 161 145  95
  L98-S688        369.601   781.268  16.190   0.030 1.20000    0.244591  17.383   0.912   1.172   0.606 150 150 140  85
  L98-S707       1755.355  1102.795  16.225   0.029 1.20000    0.244591  17.783   1.083   1.292   0.638 182 146 165  97
  L98-S715       1715.305  1192.089  16.120   0.029 1.20000    0.244591  18.076   1.665   2.000   0.995 179 128 173  93
  L98-S720        976.146  1273.838  16.106   0.028 1.20000    0.244591  17.620   1.277   1.567   0.796 189 173 162  89
c L98-S727       1887.296  1389.134  15.300   0.014 1.20000    0.244591  17.109   0.876   1.132   0.577 210 173 181 106
  L98-S747        426.760  1688.837  16.252   0.028 1.20000    0.244591  17.407   1.031   1.163   0.559 183 171 160  94
  L98-S758       1457.926  1962.693  15.909   0.022 1.20000    0.244591  17.914   1.108   1.278   0.587 225 191 197 119
  L98-S759       1272.850  1971.311  16.215   0.030 1.20000    0.244591  18.157   0.892   1.123   0.573 219 183 193 111
  L98-S761       1690.961  2039.658  16.190   0.030 1.20000    0.244591  17.584   1.268   1.486   0.708 249 197 208 126
  L98-S781        944.293  2374.754  16.245   0.030 1.20000    0.244591  17.835   1.184   1.546   0.821 217 187 184 100
  L98-S783       1481.377  2401.137  14.991   0.010 1.20000    0.244591  17.927   1.683   2.915   1.673 242 160 210 130
  L98-S1121      1130.915  3551.319  16.240   0.029 1.20000    0.244591  17.461   0.943   1.158   0.585 151 132 116  86
  L98-S1129       735.007  3761.957  13.780   0.004 1.20000    0.244591  14.916   0.981   1.139   0.511 139 118 111  61
  L98-S1130      1000.320  3775.200  14.796   0.009 1.20000    0.244591  15.766   0.773   1.006   0.546 140 115 106  59
  L98-S1131      1352.298  3798.284  16.108   0.028 1.20000    0.244591  17.218   0.876   1.105   0.607 140 118 119  71
  L98-S1133      1370.414  3838.409  15.363   0.014 1.20000    0.244591  17.315   1.479   1.897   0.922 137 117 121  80
  L98-S1139      1998.096  1880.066  15.909   0.023 1.20000    0.244591  18.977   1.722   3.081   1.788 182  69 182 104
  L98-S1143      1131.684  4050.085  14.416   0.007 1.20000    0.244591  16.924   2.212   2.519   1.199 137 115 116  77
  L98-S1937       528.423  2730.353  15.846   0.022 1.20000    0.244591  17.923   1.799   2.153   1.068 173 127 154  91
