#Star             Xc        Yc      Mag      Merr  Airmass UT             V       B-V     V-I      R-I   nV nBV nVI nRI 
  L101-S316      1642.723   310.753  15.444   0.019 1.71700    5.428327  16.174   0.603   0.732   0.329  34  32  29  29
  L101-S322       178.625   928.068  15.713   0.023 1.71700    5.428327  16.278   0.462   0.641   0.326  41  41  18  18
  L101-S324       198.009  1051.327  14.448   0.008 1.71700    5.428327  15.833   1.157   1.427   0.640  60  60  35  35
c L101-S325      1116.308  1064.827  15.126   0.014 1.71700    5.428327  16.670   1.291   1.638   0.788  37  37  29  29
c L101-S326       766.281  1063.910  14.550   0.011 1.71700    5.428327  15.380   0.797   0.904   0.438  46  46  32  32
c L101-S329       986.488  1182.726  12.775   0.002 1.71700    5.428327  13.881   1.108   1.159   0.560  37  37  29  29
  L101-S330       474.082  1530.782  15.614   0.021 1.71700    5.428327  16.352   0.560   0.728   0.367  51  51  34  34
  L101-S332       282.699  1616.964  15.981   0.028 1.71700    5.428327  17.663   1.287   1.542   0.695  47  47  29  29
  L101-S333      1466.705  1746.890  12.667   0.002 1.71700    5.428327  13.413   0.712   0.805   0.374  34  33  29  29
  L101-S335      1377.663  1864.775  14.965   0.012 1.71700    5.428327  17.410   1.624   2.502   1.476  34  30  29  29
  L101-S336       245.472  1889.019  15.148   0.014 1.71700    5.428327  15.918   0.679   0.761   0.363  55  55  34  34
  L101-S337      1404.352  2028.818  15.546   0.019 1.71700    5.428327  16.529   0.866   1.013   0.468  34  32  29  29
  L101-S339         7.095  2362.248   0.000   0.000 1.71700    5.428327  17.962   1.324   1.642   0.755  47  47  33  33
  L101-S342      1057.905  2628.246  16.914   0.067 1.71700    5.428327  17.574   0.600   0.766   0.372  28  25  26  24
  L101-S343      1459.737  2685.773  16.294   0.037 1.71700    5.428327  17.789   1.261   1.519   0.665  31  26  29  27
  L101-S344       -14.689  2709.605   0.000   0.000 1.71700    5.428327  17.361   0.563   0.692   0.340  36  36  31  30
  L101-S351       319.464  2980.820  15.323   0.016 1.71700    5.428327  17.661   1.514   2.307   1.304  40  34  33  26
  L101-S353       351.361  3014.587  13.709   0.004 1.71700    5.428327  14.726   0.961   1.035   0.462  41  38  33  27
  L101-S359       703.064  3154.220  15.698   0.022 1.71700    5.428327  18.252   1.627   2.477   1.439  39  30  33  28
  L101-S361        12.170  3213.969   0.000   0.000 1.71700    5.428327  15.838   0.949   1.109   0.490  44  41  33  30
  L101-S367      1258.065  3353.612  16.418   0.042 1.71700    5.428327  18.036   1.265   1.600   0.733  32  28  29  27
  L101-S370       196.349  3438.752  14.955   0.011 1.71700    5.428327  15.918   0.822   0.997   0.465  44  41  33  30
  L101-S371       837.220  3548.770  14.670   0.009 1.71700    5.428327  17.047   1.584   2.369   1.369  28  28  25  25
  L101-S372      1337.907  3605.299  12.743   0.002 1.71700    5.428327  13.667   0.856   0.966   0.454  28  28  25  25
  L101-S374       805.249  3764.479  13.101   0.002 1.71700    5.428327  14.049   0.861   0.968   0.470  32  31  29  28
  L101-S379       933.944  3869.599  15.909   0.025 1.71700    5.428327  16.648   0.598   0.723   0.353  32  31  29  28
  L101-S383      1434.007  4112.943   0.000   0.000 1.71700    5.428327  15.068   0.685   0.747   0.337  32  31  29  27
  L101-S498        36.626    -3.880   0.000   0.000 1.71700    5.428327  12.054   0.843   0.915   0.415  46  46  38  38
  L101-S500       944.103   334.885  16.708   0.058 1.71700    5.428327  18.763   1.481   1.988   0.999  34  29  29  29
  L101-S502        73.693   628.029  17.332   0.098 1.71700    5.428327  18.224   0.720   0.831   0.397  49  48  35  35
  L101-S507      1305.180  1254.060  17.023   0.077 1.71700    5.428327  17.802   0.719   0.846   0.422  34  33  29  29
  L101-S510      1667.462  1433.723  14.440   0.007 1.71700    5.428327  15.561   0.985   1.154   0.505  27  24  23  21
  L101-S516      1418.169  2001.290  16.570   0.051 1.71700    5.428327  18.579   1.537   2.089   1.086  34  25  29  29
  L101-S518      1053.289  2899.867  12.787   0.002 1.71700    5.428327  13.520   0.712   0.765   0.337  20  19  20  21
  L101-S519       938.157  2953.217  12.030   0.001 1.71700    5.428327  12.674   0.604   0.672   0.299  32  31  29  28
  L101-S526       169.027  3762.909  12.195   0.001 1.71700    5.428327  13.259   0.865   1.079   0.518  44  41  33  30
  L104-443         21.356   201.248  13.801   0.005 1.72800    1.750587  15.387   1.296   1.605   0.751  81  63  81  43
  L104-455        253.589  2010.733  14.450   0.008 1.72800    1.750587  15.090   0.576   0.701   0.348  89  69  80  48
  L104-S199       983.785   115.836  15.082   0.014 1.72800    1.750587  17.354   1.516   2.330   1.304  44  30  44  14
  L104-S202        23.459   130.908  16.581   0.057 1.72800    1.750587  19.100   1.592   2.590   1.537  57  17  57  36
  L104-S209       914.079   286.115  16.830   0.069 1.72800    1.750587  19.296   1.641   2.248   1.199  31   5  31  20
  L104-S220       481.089   632.699  17.148   0.090 1.72800    1.750587  20.058  79.941   2.622   1.534  19   0  19  32
  L104-S236       425.056  1059.662  17.511   0.123 1.72800    1.750587  19.767   1.657   2.377   1.333  29   6  29  34
  L104-S269       788.415  1577.542  17.923   0.179 1.72800    1.750587  20.355  79.644   2.373   1.369  13   0  13  26
  L104-S303       440.542  2422.366  17.779   0.153 1.72800    1.750587  20.420  79.579   2.307   1.294  16   0  16  23
  L104-S314      1094.148  2745.009  13.798   0.004 1.72800    1.750587  14.242   0.387   0.478   0.255  49  39  49  19
  L104-S488        56.812    52.641  15.988   0.031 1.72800    1.750587  16.950   0.832   0.985   0.477  68  51  66  38
  L104-S491      1124.315   261.837  16.386   0.045 1.72800    1.750587  18.112   1.419   1.836   0.906  49  34  49  19
  L104-S493       516.165   352.931  16.763   0.061 1.72800    1.750587  17.336   0.539   0.746   0.388  75  58  75  39
  L104-S495       806.723   558.377  16.036   0.032 1.72800    1.750587  17.878   1.497   1.938   0.974  75  55  75  39
  L104-S498       718.782   951.245  18.142   0.213 1.72800    1.750587  18.462   0.959   1.167   0.539  69  54  69  39
  L104-S500       485.833  1056.629  16.992   0.078 1.72800    1.750587  18.574   1.164   1.418   0.642  69  44  69  38
  L104-S503       875.245  1255.866  15.326   0.017 1.72800    1.750587  16.175   0.711   0.860   0.426  69  51  69  33
  L104-S504      1177.512  1315.969  12.736   0.002 1.72800    1.750587  13.347   0.564   0.660   0.334  56  42  56  19
  L104-S505       458.873  1326.615  16.150   0.034 1.72800    1.750587  17.284   0.986   1.183   0.525  78  60  78  41
  L104-S509       694.355  1731.904  14.740   0.010 1.72800    1.750587  15.460   0.665   0.760   0.373  79  61  78  39
  L104-S511      1057.168  2282.774  13.530   0.004 1.72800    1.750587  14.333   0.780   0.850   0.400  55  42  55  19
  L104-S516       263.649  2894.198  15.235   0.015 1.72800    1.750587  16.093   0.724   0.844   0.405  80  62  80  41
  L104-S517       743.558  2912.496  17.156   0.086 1.72800    1.750587  18.868   1.261   1.600   0.736  59  29  59  38
  L104-S531         8.736  3401.403   0.000   0.000 1.72800    1.750587  18.780   0.981   1.202   0.554  65  41  65  40
  L104-S644      1881.339   231.851  16.851   0.076 1.72800    1.750587  17.476   0.524   0.678   0.363  39  30  39  14
  L104-S645      1385.738   432.701  16.222   0.039 1.72800    1.750587  16.898   0.568   0.669   0.344  48  38  48  19
  L104-S647      1054.363   790.044  12.749   0.002 1.72800    1.750587  13.540   0.722   0.852   0.435  44  35  44  19
  L104-S648      1046.693   972.339  15.561   0.021 1.72800    1.750587  16.393   0.688   0.815   0.408  55  42  55  19
  L104-S649      2065.032  1194.119   0.000   0.000 1.72800    1.750587  17.260   0.840   1.076   0.521  33  27  33  15
  L104-S652      1735.238  1549.975  15.038   0.013 1.72800    1.750587  15.994   0.735   0.922   0.472  44  36  44  16
  L104-S653      1338.502  1641.860  16.031   0.032 1.72800    1.750587  17.117   0.933   1.077   0.498  51  39  51  19
  L104-S654      1668.367  1802.827  12.784   0.002 1.72800    1.750587  15.094   1.522   2.345   1.329  43  35  43  18
  L104-S656      1592.724  2462.068  13.571   0.004 1.72800    1.750587  14.290   0.692   0.752   0.371  48  39  48  19
  L104-S657      1903.652  2700.137  15.981   0.032 1.72800    1.750587  16.632   0.580   0.696   0.351  30  26  30  16
  L104-S658      1383.927  2792.733  16.799   0.067 1.72800    1.750587  17.626   0.672   0.786   0.425  50  38  50  19
  L104-S659      1004.759  2867.266  16.557   0.049 1.72800    1.750587  17.265   0.555   0.665   0.359  51  40  51  19
  L104-S661       924.786  3026.066  16.139   0.034 1.72800    1.750587  18.049   1.416   1.927   0.996  46  29  46  15
  L104-S664       612.149  3568.939  15.752   0.023 1.72800    1.750587  17.591   1.476   1.834   0.895  67  47  67  32
  L104-S665       722.935  3617.230  15.746   0.023 1.72800    1.750587  17.740   1.502   1.988   1.029  63  43  63  32
  L104-S667       414.928  3630.898  14.497   0.008 1.72800    1.750587  15.501   0.856   1.001   0.459  65  48  65  32
  L104-S668      1919.537  3665.924  14.446   0.008 1.72800    1.750587  15.184   0.585   0.694   0.351  34  26  34  12
  L104-S671        62.270  3778.558  16.394   0.046 1.72800    1.750587  17.568   1.064   1.253   0.547  56  40  56  34
  L104-S748        29.238    -8.023   0.000   0.000 1.72800    1.750587  18.895   0.461   0.615   0.325  64  53  57  37
  L104-S760       483.033  1418.880  18.872   0.435 1.72800    1.750587  19.727   0.539   0.686   0.331  32  21  27  25
  L104-S761       535.731  1475.475  17.492   0.120 1.72800    1.750587  18.825   0.769   0.890   0.432  63  46  60  37
  L104-S765       102.778  1598.522  18.018   0.193 1.72800    1.750587  18.938   0.768   0.908   0.460  67  46  59  38
  L104-S768       887.498  1960.837  18.163   0.215 1.72800    1.750587  18.799   0.503   0.612   0.336  48  36  35  26
  L104-S769       737.950  2026.405   0.000   0.000 1.72800    1.750587  19.608   0.780   0.927   0.429  30  22  30  28
  L104-S779       514.217  2575.956  17.755   0.146 1.72800    1.750587  20.351   1.441   1.998   1.057  16   5  16  17
  L104-S783       188.177  2828.996  19.212   0.557 1.72800    1.750587  20.087  79.912   0.763   0.382  21   0  21  21
  L104-S786       584.665  3144.757  18.307   0.238 1.72800    1.750587  19.370   0.766   0.873   0.438  43  31  43  28
  L104-S795       532.677  3485.874  18.253   0.234 1.72800    1.750587  19.114   0.547   0.706   0.373  45  36  42  25
  L104-455         99.611  2017.185  14.406   0.007 1.15100    5.199145  15.090   0.576   0.701   0.348  89  69  80  48
  L104-S199       828.786   122.557  15.002   0.012 1.15100    5.199145  17.354   1.516   2.330   1.304  44  30  44  14
  L104-S314       939.146  2751.180  13.754   0.004 1.15100    5.199145  14.242   0.387   0.478   0.255  49  39  49  19
  L104-S491       969.036   268.463  16.323   0.041 1.15100    5.199145  18.112   1.419   1.836   0.906  49  34  49  19
  L104-S495       651.956   565.099  15.924   0.027 1.15100    5.199145  17.878   1.497   1.938   0.974  75  55  75  39
  L104-S503       720.796  1262.381  15.280   0.014 1.15100    5.199145  16.175   0.711   0.860   0.426  69  51  69  33
  L104-S504      1022.174  1322.373  12.707   0.002 1.15100    5.199145  13.347   0.564   0.660   0.334  56  42  56  19
  L104-S505       304.731  1333.110  16.119   0.031 1.15100    5.199145  17.284   0.986   1.183   0.525  78  60  78  41
  L104-S509       540.048  1738.392  14.714   0.009 1.15100    5.199145  15.460   0.665   0.760   0.373  79  61  78  39
  L104-S511       902.195  2288.857  13.499   0.003 1.15100    5.199145  14.333   0.780   0.850   0.400  55  42  55  19
  L104-S516       109.257  2900.584  15.245   0.014 1.15100    5.199145  16.093   0.724   0.844   0.405  80  62  80  41
  L104-S644      1724.970   238.955  16.590   0.049 1.15100    5.199145  17.476   0.524   0.678   0.363  39  30  39  14
  L104-S645      1229.930   439.391  16.243   0.038 1.15100    5.199145  16.898   0.568   0.669   0.344  48  38  48  19
  L104-S647       899.381   796.814  12.706   0.002 1.15100    5.199145  13.540   0.722   0.852   0.435  44  35  44  19
  L104-S648       891.806   978.978  15.585   0.019 1.15100    5.199145  16.393   0.688   0.815   0.408  55  42  55  19
  L104-S649      1910.080  1198.072  16.237   0.037 1.15100    5.199145  17.260   0.840   1.076   0.521  33  27  33  15
  L104-S652      1579.518  1556.377  15.093   0.013 1.15100    5.199145  15.994   0.735   0.922   0.472  44  36  44  16
  L104-S653      1183.157  1648.035  15.996   0.029 1.15100    5.199145  17.117   0.933   1.077   0.498  51  39  51  19
b L104-S654      1512.694  1809.100  12.766   0.002 1.15100    5.199145  15.094   1.522   2.345   1.329  43  35  43  18
  L104-S656      1437.090  2468.220  13.544   0.003 1.15100    5.199145  14.290   0.692   0.752   0.371  48  39  48  19
  L104-S657      1747.002  2706.241  15.879   0.024 1.15100    5.199145  16.632   0.580   0.696   0.351  30  26  30  16
  L104-S658      1228.652  2799.024  16.660   0.050 1.15100    5.199145  17.626   0.672   0.786   0.425  50  38  50  19
  L104-S659       849.591  2873.688  16.543   0.044 1.15100    5.199145  17.265   0.555   0.665   0.359  51  40  51  19
  L104-S661       769.664  3032.533  16.035   0.028 1.15100    5.199145  18.049   1.416   1.927   0.996  46  29  46  15
  L104-S664       457.521  3575.319  15.731   0.022 1.15100    5.199145  17.591   1.476   1.834   0.895  67  47  67  32
  L104-S665       567.967  3623.512  15.681   0.021 1.15100    5.199145  17.740   1.502   1.988   1.029  63  43  63  32
  L104-S667       260.611  3637.214  14.482   0.007 1.15100    5.199145  15.501   0.856   1.001   0.459  65  48  65  32
  L104-S668      1762.296  3671.667  14.462   0.007 1.15100    5.199145  15.184   0.585   0.694   0.351  34  26  34  12
  L104-S669      1978.898  3678.702  14.682   0.009 1.15100    5.199145  15.602   0.805   0.892   0.453  29  20  29   9
  L107-S195       529.703    67.956  16.131   0.028 1.39000    5.658227  16.871   0.527   0.721   0.379  44  31  41  26
  L107-S196      1128.676    96.067  14.826   0.008 1.39000    5.658227  15.537   0.531   0.717   0.376  42  30  40  26
  L107-S198      1195.407   102.273  16.627   0.045 1.39000    5.658227  17.507   0.741   0.879   0.432  42  30  40  25
  L107-S201      1739.868   122.334  16.424   0.036 1.39000    5.658227  17.419   0.786   0.950   0.462  31  17  29  16
  L107-S209      1021.130   199.176  16.658   0.046 1.39000    5.658227  17.761   0.813   1.017   0.466  44  34  40  28
  L107-S213      1429.015   242.835  14.821   0.009 1.39000    5.658227  15.575   0.624   0.788   0.402  44  29  41  22
r L107-S215       664.921   280.397  15.698   0.019 1.39000    5.658227  16.658   0.776   0.926   0.455  45  35  44  29
  L107-S216      1200.134   315.159  14.647   0.008 1.39000    5.658227  15.375   0.637   0.777   0.396  41  34  41  28
  L107-S224      1224.793   405.269  16.030   0.027 1.39000    5.658227  17.796   1.427   1.732   0.811  34  30  34  28
  L107-S227       768.894   440.494  16.548   0.041 1.39000    5.658227  17.309   0.653   0.797   0.410  46  37  43  28
  L107-S229      1564.041   467.687  15.933   0.024 1.39000    5.658227  16.704   0.657   0.816   0.418  40  30  40  19
  L107-S233       829.231   511.832  15.034   0.011 1.39000    5.658227  15.773   0.634   0.785   0.400  44  35  37  25
  L107-S239       474.547   537.283  14.931   0.010 1.39000    5.658227  16.072   1.012   1.172   0.526  39  36  39  24
  L107-S242       553.609   571.866  14.360   0.006 1.39000    5.658227  15.396   0.899   1.063   0.511  45  36  39  24
  L107-S249       246.471   639.051  14.386   0.006 1.39000    5.658227  16.399   1.474   1.994   0.976  72  52  66  43
  L107-S257       935.122   764.204  16.775   0.050 1.39000    5.658227  17.755   0.748   0.901   0.461  48  38  43  28
  L107-S258       251.241   769.764  16.781   0.050 1.39000    5.658227  17.610   0.611   0.787   0.395  75  55  68  47
  L107-S273       762.492   983.417  12.485   0.001 1.39000    5.658227  13.265   0.687   0.816   0.412  47  38  42  28
  L107-S281       455.026  1067.146  16.355   0.034 1.39000    5.658227  17.304   0.777   0.966   0.491  50  39  46  29
  L107-S288      1101.115  1126.118  16.678   0.045 1.39000    5.658227  17.420   0.570   0.767   0.406  49  38  43  28
  L107-S291        35.215  1173.398  16.555   0.039 1.39000    5.658227  17.600   0.713   0.913   0.460  70  56  65  48
  L107-S292      1726.228  1201.020  16.452   0.038 1.39000    5.658227  17.356   0.656   0.818   0.411  36  23  33  18
  L107-S295      1406.316  1274.899  15.689   0.019 1.39000    5.658227  17.186   1.219   1.480   0.651  46  33  43  22
  L107-S296      1093.658  1274.914  15.339   0.014 1.39000    5.658227  16.949   1.170   1.563   0.780  47  38  43  28
  L107-S309      1412.149  1410.475  14.582   0.007 1.39000    5.658227  15.739   0.994   1.189   0.537  47  33  43  22
  L107-S316      1289.110  1464.935  16.582   0.044 1.39000    5.658227  17.424   0.714   0.846   0.432  46  38  43  28
  L107-S317      1674.983  1475.011  15.613   0.017 1.39000    5.658227  16.406   0.643   0.802   0.405  44  32  42  21
  L107-S318      1940.161  1485.904  16.160   0.029 1.39000    5.658227  17.299   0.899   1.101   0.525  36  25  36  21
  L107-S331      1866.368  1760.289  16.341   0.035 1.39000    5.658227  17.332   0.819   0.983   0.469  38  27  36  20
  L107-S557       539.705   393.239  14.818   0.009 1.39000    5.658227  15.651   0.721   0.877   0.438  38  35  38  29
  L107-S569      1206.135   760.563  15.352   0.014 1.39000    5.658227  16.163   0.667   0.832   0.431  47  38  43  28
c L107-S576      1464.758   953.918  12.015   0.001 1.39000    5.658227  12.921   0.818   0.946   0.455  43  33  39  22
  L107-S588        70.774  1273.479  14.095   0.005 1.39000    5.658227  14.873   0.733   0.826   0.401  68  55  64  47
  L107-S611       233.085  1801.909  13.652   0.003 1.39000    5.658227  14.343   0.588   0.735   0.363  63  51  56  47
  L107-S613       874.145  1824.318  13.185   0.002 1.39000    5.658227  14.493   1.131   1.332   0.583  31  22  21  11
  L107-S614      1603.372  1851.858  13.734   0.004 1.39000    5.658227  15.153   1.137   1.427   0.636  41  29  39  21
  L107-S624       951.571  1924.483  15.735   0.020 1.39000    5.658227  16.574   0.704   0.849   0.441  41  30  36  23
  L107-S625      1020.795  1930.127  16.114   0.025 1.39000    5.658227  17.125   0.749   0.968   0.504  41  30  36  23
  L107-S629      1230.534  1995.631  16.524   0.041 1.39000    5.658227  17.291   0.679   0.859   0.435  37  22  33  19
  L107-S634      1871.313  2099.283  16.617   0.046 1.39000    5.658227  17.582   0.525   0.701   0.387  36  24  32  20
  L107-S641      1837.988  2146.330  16.143   0.028 1.39000    5.658227  17.959   1.410   1.783   0.855  35  18  33  20
  L107-S645       568.968  2158.807  15.081   0.011 1.39000    5.658227  15.927   0.720   0.832   0.417  41  31  36  28
  L107-S646        20.218  2152.351  16.601   0.047 1.39000    5.658227  17.803   0.963   1.237   0.584  60  48  54  46
  L107-S650      1193.047  2218.597  13.565   0.003 1.39000    5.658227  14.561   0.909   1.018   0.462  39  25  35  21
  L107-S655       508.605  2331.821  13.980   0.004 1.39000    5.658227  14.905   0.821   0.957   0.454  33  25  33  21
  L107-S658       738.266  2344.810  12.052   0.001 1.39000    5.658227  13.513   1.216   1.466   0.626  37  24  33  21
  L107-S659      1291.200  2384.074  16.282   0.032 1.39000    5.658227  17.020   0.574   0.746   0.387  32  22  29  18
  L107-S664       323.592  2410.361  12.130   0.001 1.39000    5.658227  12.991   0.810   0.877   0.383  47  34  40  30
  L107-S668      1518.617  2491.980  15.893   0.022 1.39000    5.658227  16.663   0.632   0.833   0.440  29  22  25  13
  L107-S671       631.701  2483.650  15.767   0.020 1.39000    5.658227  16.860   0.920   1.124   0.534  32  22  26  14
  L107-S686      1084.591  2625.409  14.873   0.009 1.39000    5.658227  15.689   0.715   0.841   0.430  29  19  21  11
  L107-S689      1127.762  2685.686  16.652   0.045 1.39000    5.658227  17.802   0.876   1.078   0.524  29  19  21  11
  L107-S692      1363.994  2746.808  15.868   0.022 1.39000    5.658227  18.019  81.980   2.131   1.113  24   0  19  11
  L107-S697       977.480  2769.563  16.594   0.040 1.39000    5.658227  17.364   0.506   0.734   0.404  26  16  16  10
  L107-S701       138.093  2817.890  15.543   0.016 1.39000    5.658227  17.233   1.411   1.696   0.759  44  33  33  30
  L107-S717       421.158  2982.147  16.485   0.039 1.39000    5.658227  18.642  81.357   2.207   1.222  24   0  15  12
  L107-S718       658.676  2991.940  14.202   0.005 1.39000    5.658227  15.122   0.823   0.913   0.453  25  18  15  12
  L107-S719       171.132  2994.424  15.508   0.015 1.39000    5.658227  16.394   0.761   0.893   0.427  44  34  33  30
  L107-S720       801.642  3007.677  16.198   0.030 1.39000    5.658227  17.097   0.652   0.818   0.426  25  18  15  12
  L107-S723      1962.300  3152.085  12.598   0.002 1.39000    5.658227  14.484   1.425   1.864   0.920  20  18  15  10
  L107-S726      1065.982  3192.812  13.594   0.003 1.39000    5.658227  14.719   0.977   1.136   0.516  24  17  14  11
  L107-S727      1518.805  3202.060  14.257   0.006 1.39000    5.658227  15.059   0.664   0.806   0.415  22  18  14  11
  L107-S730      2018.582  3243.482  15.615   0.019 1.39000    5.658227  17.008   1.138   1.336   0.602  19  18  15  10
  L107-S734      1172.776  3270.190  15.667   0.018 1.39000    5.658227  18.434  81.565   2.754  84.319  18   0  14   0
  L107-S735        99.852  3267.564  12.589   0.002 1.39000    5.658227  13.360   0.694   0.796   0.380  42  34  33  30
  L107-S751       959.675  3493.560  14.366   0.006 1.39000    5.658227  15.445   0.941   1.098   0.511  19  16  11   7
  L107-S752       919.649  3508.760  15.811   0.021 1.39000    5.658227  17.254   1.236   1.480   0.657  21  16  12   9
  L107-S774      1505.637  3725.775  16.528   0.040 1.39000    5.658227  17.411   0.453   0.652   0.350  19  16  13  10
  L107-S1125      455.152  1435.495  16.781   0.048 1.39000    5.658227  19.341  80.658   2.480   1.411  34   0  34  27
  L107-S1633     1644.021  3175.669  16.412   0.037 1.39000    5.658227  19.517  80.482   3.054   1.836  16   0  14   9
  L107-S1646      995.042  3472.485  14.283   0.006 1.39000    5.658227  16.806   1.625   2.485   1.465  18  12  11   7
  L107-S1647      393.278  3471.157  14.996   0.010 1.39000    5.658227  16.087   0.926   1.091   0.511  20  13  12   8
  L107-S195       417.957    82.674  16.213   0.032 1.17700    8.703643  16.871   0.527   0.721   0.379  44  31  41  26
  L107-S196      1016.333   110.892  14.840   0.009 1.17700    8.703643  15.537   0.531   0.717   0.376  42  30  40  26
  L107-S198      1082.951   117.133  16.584   0.045 1.17700    8.703643  17.507   0.741   0.879   0.432  42  30  40  25
  L107-S201      1626.785   137.129  16.468   0.040 1.17700    8.703643  17.419   0.786   0.950   0.462  31  17  29  16
  L107-S213      1316.282   257.502  14.807   0.009 1.17700    8.703643  15.575   0.624   0.788   0.402  44  29  41  22
  L107-S215       553.028   295.005  15.698   0.019 1.17700    8.703643  16.658   0.776   0.926   0.455  45  35  44  29
  L107-S216      1087.833   329.858  14.619   0.008 1.17700    8.703643  15.375   0.637   0.777   0.396  41  34  41  28
  L107-S224      1112.479   419.961  16.055   0.027 1.17700    8.703643  17.796   1.427   1.732   0.811  34  30  34  28
  L107-S227       657.004   454.984  16.430   0.038 1.17700    8.703643  17.309   0.653   0.797   0.410  46  37  43  28
  L107-S229      1451.044   482.340  15.867   0.023 1.17700    8.703643  16.704   0.657   0.816   0.418  40  30  40  19
  L107-S233       717.227   526.104  14.973   0.010 1.17700    8.703643  15.773   0.634   0.785   0.400  44  35  37  25
  L107-S239       363.252   551.796  14.882   0.010 1.17700    8.703643  16.072   1.012   1.172   0.526  39  36  39  24
  L107-S242       442.062   586.183  14.356   0.006 1.17700    8.703643  15.396   0.899   1.063   0.511  45  36  39  24
  L107-S245       923.368   612.141  16.619   0.045 1.17700    8.703643  17.679   0.772   0.965   0.499  45  35  37  23
  L107-S249       135.460   653.428  14.381   0.006 1.17700    8.703643  16.399   1.474   1.994   0.976  72  52  66  43
  L107-S253       408.361   740.866  16.761   0.050 1.17700    8.703643  17.886   0.632   0.804   0.413  46  38  42  28
  L107-S258       140.212   784.096  16.735   0.050 1.17700    8.703643  17.610   0.611   0.787   0.395  75  55  68  47
  L107-S273       650.761   997.969  12.470   0.001 1.17700    8.703643  13.265   0.687   0.816   0.412  47  38  42  28
  L107-S281       343.805  1081.840  16.349   0.033 1.17700    8.703643  17.304   0.777   0.966   0.491  50  39  46  29
  L107-S288       988.934  1140.768  16.746   0.050 1.17700    8.703643  17.420   0.570   0.767   0.406  49  38  43  28
  L107-S292      1613.062  1215.261  16.634   0.046 1.17700    8.703643  17.356   0.656   0.818   0.411  36  23  33  18
c L107-S295      1293.835  1289.238  15.690   0.020 1.17700    8.703643  17.186   1.219   1.480   0.651  46  33  43  22
  L107-S296       981.491  1289.258  15.375   0.015 1.17700    8.703643  16.949   1.170   1.563   0.780  47  38  43  28
  L107-S309      1299.780  1424.885  14.564   0.007 1.17700    8.703643  15.739   0.994   1.189   0.537  47  33  43  22
  L107-S316      1176.909  1479.189  16.579   0.042 1.17700    8.703643  17.424   0.714   0.846   0.432  46  38  43  28
  L107-S317      1561.897  1489.251  15.585   0.017 1.17700    8.703643  16.406   0.643   0.802   0.405  44  32  42  21
  L107-S318      1826.726  1500.016  16.125   0.029 1.17700    8.703643  17.299   0.899   1.101   0.525  36  25  36  21
  L107-S331      1752.900  1774.471  16.403   0.037 1.17700    8.703643  17.332   0.819   0.983   0.469  38  27  36  20
  L107-S553      1988.826   283.785  14.429   0.007 1.17700    8.703643  15.925   1.192   1.463   0.656  36  23  34  21
  L107-S557       428.190   407.810  14.793   0.009 1.17700    8.703643  15.651   0.721   0.877   0.438  38  35  38  29
  L107-S559      1996.548   463.069  15.709   0.020 1.17700    8.703643  16.774   0.865   1.057   0.500  33  23  33  20
  L107-S569      1093.924   774.976  15.358   0.014 1.17700    8.703643  16.163   0.667   0.832   0.431  47  38  43  28
  L107-S576      1352.087   968.207  12.009   0.001 1.17700    8.703643  12.921   0.818   0.946   0.455  43  33  39  22
  L107-S595      1961.979  1481.735  16.716   0.050 1.17700    8.703643  17.770   0.859   1.082   0.542  39  25  34  20
  L107-S611       121.717  1816.326  13.637   0.003 1.17700    8.703643  14.343   0.588   0.735   0.363  63  51  56  47
  L107-S613       762.011  1838.707  13.173   0.002 1.17700    8.703643  14.493   1.131   1.332   0.583  31  22  21  11
  L107-S614      1490.314  1866.001  13.730   0.004 1.17700    8.703643  15.153   1.137   1.427   0.636  41  29  39  21
  L107-S624       839.386  1938.798  15.768   0.020 1.17700    8.703643  16.574   0.704   0.849   0.441  41  30  36  23
  L107-S625       908.661  1944.499  16.212   0.030 1.17700    8.703643  17.125   0.749   0.968   0.504  41  30  36  23
  L107-S629      1118.274  2009.871  16.524   0.041 1.17700    8.703643  17.291   0.679   0.859   0.435  37  22  33  19
  L107-S635      2012.541  2132.087  14.657   0.008 1.17700    8.703643  17.314   1.642   2.585   1.523  36  22  33  20
  L107-S641      1724.707  2160.441  16.151   0.031 1.17700    8.703643  17.959   1.410   1.783   0.855  35  18  33  20
  L107-S645       457.119  2173.026  15.090   0.011 1.17700    8.703643  15.927   0.720   0.832   0.417  41  31  36  28
  L107-S650      1080.757  2232.864  13.551   0.003 1.17700    8.703643  14.561   0.909   1.018   0.462  39  25  35  21
  L107-S655       396.732  2346.049  13.969   0.004 1.17700    8.703643  14.905   0.821   0.957   0.454  33  25  33  21
  L107-S658       626.346  2358.997  12.042   0.001 1.17700    8.703643  13.513   1.216   1.466   0.626  37  24  33  21
  L107-S659      1178.738  2398.126  16.304   0.033 1.17700    8.703643  17.020   0.574   0.746   0.387  32  22  29  18
  L107-S664       211.829  2424.831  12.125   0.001 1.17700    8.703643  12.991   0.810   0.877   0.383  47  34  40  30
  L107-S668      1405.606  2505.952  15.866   0.023 1.17700    8.703643  16.663   0.632   0.833   0.440  29  22  25  13
  L107-S671       519.814  2497.831  15.708   0.019 1.17700    8.703643  16.860   0.920   1.124   0.534  32  22  26  14
  L107-S685      1973.104  2654.097  16.477   0.040 1.17700    8.703643  17.497   0.809   0.996   0.500  24  18  19  10
  L107-S686       972.398  2639.544  14.842   0.009 1.17700    8.703643  15.689   0.715   0.841   0.430  29  19  21  11
  L107-S689      1015.631  2699.568  16.700   0.047 1.17700    8.703643  17.802   0.876   1.078   0.524  29  19  21  11
  L107-S692      1251.218  2760.794  15.804   0.020 1.17700    8.703643  18.019  81.980   2.131   1.113  24   0  19  11
  L107-S697       865.262  2783.645  16.495   0.038 1.17700    8.703643  17.364   0.506   0.734   0.404  26  16  16  10
  L107-S701        26.661  2832.128  15.495   0.017 1.17700    8.703643  17.233   1.411   1.696   0.759  44  33  33  30
  L107-S717       308.950  2996.451  16.436   0.037 1.17700    8.703643  18.642  81.357   2.207   1.222  24   0  15  12
  L107-S718       546.536  3006.028  14.213   0.005 1.17700    8.703643  15.122   0.823   0.913   0.453  25  18  15  12
  L107-S719        59.369  3008.795  15.525   0.016 1.17700    8.703643  16.394   0.761   0.893   0.427  44  34  33  30
  L107-S720       689.615  3021.728  16.200   0.030 1.17700    8.703643  17.097   0.652   0.818   0.426  25  18  15  12
  L107-S723      1848.180  3165.588  12.595   0.002 1.17700    8.703643  14.484   1.425   1.864   0.920  20  18  15  10
  L107-S726       953.687  3206.607  13.582   0.003 1.17700    8.703643  14.719   0.977   1.136   0.516  24  17  14  11
  L107-S727      1405.534  3215.767  14.260   0.006 1.17700    8.703643  15.059   0.664   0.806   0.415  22  18  14  11
  L107-S730      1904.364  3256.912  15.676   0.019 1.17700    8.703643  17.008   1.138   1.336   0.602  19  18  15  10
  L107-S734      1060.227  3283.977  15.596   0.017 1.17700    8.703643  18.434  81.565   2.754  84.319  18   0  14   0
  L107-S751       847.049  3507.370  14.347   0.006 1.17700    8.703643  15.445   0.941   1.098   0.511  19  16  11   7
  L107-S752       807.009  3522.619  15.786   0.020 1.17700    8.703643  17.254   1.236   1.480   0.657  21  16  12   9
  L107-S774      1392.117  3739.100  16.773   0.049 1.17700    8.703643  17.411   0.453   0.652   0.350  19  16  13  10
  L107-S1125      343.925  1449.987  16.831   0.050 1.17700    8.703643  19.341  80.658   2.480   1.411  34   0  34  27
  L107-S1256     1946.078  3259.625  16.550   0.043 1.17700    8.703643  18.266  81.733   1.471   0.671  18   0  14  10
  L107-S1633     1530.571  3189.175  16.348   0.035 1.17700    8.703643  19.517  80.482   3.054   1.836  16   0  14   9
  L107-S1646      882.663  3486.261  14.277   0.006 1.17700    8.703643  16.806   1.625   2.485   1.465  18  12  11   7
  L107-S1647      280.951  3485.201  14.986   0.010 1.17700    8.703643  16.087   0.926   1.091   0.511  20  13  12   8
  L110-S99       1587.775  3175.971  14.492   0.009 1.34700    8.922780  16.950   2.038   2.465   1.170  64  47  64  33
c L110-S103      1200.965  3221.965  13.557   0.004 1.34700    8.922780  17.056   2.949   3.475   1.545  69  41  68  34
  L110-S104      1386.429  3228.827  13.334   0.003 1.34700    8.922780  15.223   1.574   1.919   0.983  69  54  68  34
  L110-S117      1211.764  3391.003  14.345   0.008 1.34700    8.922780  16.948   2.174   2.675   1.313  70  50  69  34
  L110-S133      1136.882  3511.936  15.007   0.013 1.34700    8.922780  18.324   2.778   3.313   1.503  76  26  76  34
c L110-S146      1588.219  3706.021  14.385   0.008 1.34700    8.922780  17.723   2.809   3.303   1.498  84  33  79  33
  L110-S155      1135.799  3877.501  15.495   0.021 1.34700    8.922780  17.993   2.099   2.557   1.221  84  43  75  28
  L110-S159       929.124  3961.117  14.980   0.013 1.34700    8.922780  18.209   2.702   3.202   1.432  52  15  47  14
c L110-S164      1376.850  4015.292  13.241   0.003 1.34700    8.922780  15.303   1.647   2.038   1.038  85  72  65  18
c L110-S367      1501.963    63.247  13.443   0.004 1.34700    8.922780  14.819   1.236   1.401   0.613  42  35  42  30
  L110-S370       602.999   133.501  13.847   0.005 1.34700    8.922780  17.068   2.745   3.248   1.458  35  22  33  20
c L110-S383      1294.046   516.074  13.990   0.006 1.34700    8.922780  17.553   3.063   3.571   1.571  54  23  52  41
c L110-S386      1574.893   535.934  13.800   0.005 1.34700    8.922780  17.808   3.345   3.991   1.780  51  16  51  40
  L110-S398       175.002   737.806  14.121   0.006 1.34700    8.922780  17.390   2.715   3.265   1.489  66  57  55  41
c L110-S402       673.167   788.378  13.977   0.005 1.34700    8.922780  17.675   3.114   3.691   1.611  54  24  49  39
  L110-S418      1433.746  1124.468  14.027   0.006 1.34700    8.922780  17.325   2.815   3.336   1.514  57  31  55  34
c L110-S419       533.954  1128.454  14.410   0.008 1.34700    8.922780  16.959   2.141   2.606   1.261  58  58  55  33
c L110-S422      1975.839  1198.320  12.543   0.002 1.34700    8.922780  14.286   1.438   1.756   0.921  47  35  43  29
  L110-S430       429.968  1335.104  13.264   0.003 1.34700    8.922780  15.019   1.472   1.790   0.901  60  60  55  34
  L110-S435      1623.723  1486.159  14.017   0.005 1.34700    8.922780  17.592   3.056   3.558   1.566  54  22  54  33
  L110-S443      1888.832  1661.168  13.699   0.005 1.34700    8.922780  17.464   3.214   3.743   1.635  50  24  45  29
  L110-S452       200.001  1785.562  14.258   0.007 1.34700    8.922780  16.581   1.939   2.348   1.178  65  65  57  32
c L110-S462       481.293  1956.295  12.762   0.002 1.34700    8.922780  16.452   3.147   3.686   1.603  54  54  44  24
c L110-S466       575.283  2030.755  14.649   0.010 1.34700    8.922780  16.838   1.858   2.188   1.056  44  44  38  18
  L110-S470      1613.017  2200.423  12.474   0.002 1.34700    8.922780  13.406   0.819   0.962   0.482  53  42  53  31
  L110-S472        24.118  2196.934  13.999   0.006 1.34700    8.922780  15.316   1.175   1.353   0.623  61  61  54  31
c L110-S479      1542.999  2310.223  13.894   0.005 1.34700    8.922780  16.490   2.236   2.587   1.217  48  38  48  27
c L110-S481        43.051  2427.045  14.301   0.007 1.34700    8.922780  16.438   1.800   2.164   1.107  64  64  57  33
c L110-S484      1035.884  2494.885  12.931   0.002 1.34700    8.922780  16.225   2.766   3.306   1.494  54  43  54  33
  L110-S486      1701.484  2620.960  13.317   0.003 1.34700    8.922780  15.370   1.722   2.081   1.026  58  46  58  32
c L110-S489       631.235  2637.540  14.086   0.006 1.34700    8.922780  16.264   1.858   2.181   1.067  62  62  60  33
c L110-S501       705.926  2817.861  14.190   0.007 1.34700    8.922780  17.486   2.803   3.263   1.468  63  31  60  33
  L110-S506       696.249  2932.017  14.369   0.007 1.34700    8.922780  16.426   1.699   2.074   1.032  65  48  62  33
c L110-S508      1583.669  2994.542  12.820   0.002 1.34700    8.922780  16.670   3.204   3.780   1.639  64  42  64  33
c L110-S511       730.409  3030.293  13.567   0.004 1.34700    8.922780  17.515   3.261   3.912   1.713  68  24  66  34
c L110-S522       747.244  3110.796  14.160   0.007 1.34700    8.922780  17.527   2.844   3.360   1.493  67  30  64  33
  L110-S531       590.103  3457.996  14.189   0.007 1.34700    8.922780  17.110   2.565   2.926   1.346  66  66  65  33
  L110-S533       138.858  3514.773  13.753   0.004 1.34700    8.922780  17.853   3.366   4.057   1.759  62  23  57  33
c L110-S536       215.650  3552.840  12.368   0.002 1.34700    8.922780  14.042   1.389   1.698   0.897  69  69  60  32
  L110-S539       658.168  3658.283  14.042   0.006 1.34700    8.922780  16.064   1.691   2.022   1.001  65  50  61  33
  L110-S541       182.379  3664.407  13.921   0.005 1.34700    8.922780  17.305   2.898   3.352   1.501  65  49  56  32
  L110-S543       236.500  3703.031  13.789   0.004 1.34700    8.922780  15.636   1.570   1.883   0.963  68  68  58  32
  L110-S544       740.051  3731.894  14.626   0.010 1.34700    8.922780  16.868   1.856   2.220   1.079  65  49  60  33
c L110-S549       585.979  3799.011  13.828   0.005 1.34700    8.922780  16.897   2.664   3.043   1.388  62  62  55  31
  L110-S552       198.196  3879.797  12.673   0.002 1.34700    8.922780  15.388   2.345   2.711   1.274  62  62  45  24
  L110-S554       322.706  3921.037  13.443   0.004 1.34700    8.922780  16.474   2.663   3.024   1.372  56  56  42  21
c L110-S559        31.695  4036.023  13.763   0.005 1.34700    8.922780  17.037   2.751   3.178   1.419  54  54  43  24
c L110-S951      1417.050   281.693  14.495   0.009 1.34700    8.922780  17.987   2.955   3.511   1.561  50  17  50  38
c L110-S965      1191.566   367.948  14.145   0.006 1.34700    8.922780  18.008   3.197   3.815   1.650  50  17  50  35
  L110-S977        30.896   441.484  16.154   0.037 1.34700    8.922780  18.627   1.719   2.390   1.317  56  30  49  37
  L110-S984      1056.295   473.968  15.145   0.015 1.34700    8.922780  17.627   2.071   2.548   1.269  52  34  51  41
  L110-S1028      440.933   861.231  15.853   0.028 1.34700    8.922780  18.519   2.231   2.660   1.318  51  31  49  36
  L110-S1039     1515.155   917.659  15.130   0.016 1.34700    8.922780  17.633   2.097   2.538   1.224  50  32  48  35
  L110-S1041     1405.405   946.322  14.967   0.013 1.34700    8.922780  17.869   2.398   2.920   1.387  52  26  49  35
  L110-S1042      264.958   946.971  15.606   0.023 1.34700    8.922780  18.026   2.041   2.492   1.196  59  52  51  35
  L110-S1047     1649.692   983.239  16.311   0.050 1.34700    8.922780  19.060   2.330   2.806   1.345  40  12  40  33
c L110-S1059      163.369  1038.270  15.116   0.015 1.34700    8.922780  18.336   2.674   3.151   1.454  64  28  57  34
  L110-S1079      358.374  1136.235  15.609   0.023 1.34700    8.922780  17.796   1.845   2.229   1.132  60  60  55  33
  L110-S1086     1313.323  1166.633  15.384   0.018 1.34700    8.922780  17.992   2.112   2.589   1.246  57  30  55  33
  L110-S1096     1261.254  1232.992  15.978   0.033 1.34700    8.922780  18.468   2.160   2.597   1.225  54  23  54  34
  L110-S1107     1597.669  1327.266  15.490   0.021 1.34700    8.922780  18.099   2.218   2.674   1.299  54  27  54  33
  L110-S1119     1674.860  1423.240  15.850   0.031 1.34700    8.922780  18.440   2.162   2.648   1.271  51  21  51  33
c L110-S1121     1360.212  1435.222  14.084   0.006 1.34700    8.922780  18.155   3.281   4.037   1.798  56  15  55  34
c L110-S1135     1099.463  1495.150  15.043   0.014 1.34700    8.922780  18.424   2.832   3.330   1.502  55  19  55  34
c L110-S1141     1999.131  1563.769  15.043   0.014 1.34700    8.922780  18.408   2.874   3.310   1.480  46  13  45  30
  L110-S1144     1612.223  1572.787  16.492   0.050 1.34700    8.922780  19.420  80.579   2.916   1.373  40   0  40  32
  L110-S1181      126.824  1825.316  13.807   0.005 1.34700    8.922780  17.893   3.213   4.074   1.851  62  27  55  32
  L110-S1196     1444.188  1899.422  15.645   0.023 1.34700    8.922780  18.410   2.324   2.755   1.269  53  22  52  29
c L110-S1197      213.290  1893.689  15.761   0.025 1.34700    8.922780  18.532   2.288   2.766   1.304  57  32  54  28
  L110-S1223      358.002  2027.796  15.151   0.015 1.34700    8.922780  17.387   1.851   2.300   1.169  46  46  38  18
  L110-S1226      879.784  2057.702  13.836   0.005 1.34700    8.922780  17.215   2.937   3.389   1.501  40  21  40  18
c L110-S1248     1861.703  2193.298  16.109   0.035 1.34700    8.922780  18.954   2.176   2.681   1.294  42  18  42  28
  L110-S1261      458.115  2222.614  14.862   0.011 1.34700    8.922780  18.159   2.801   3.299   1.482  55  27  54  30
  L110-S1267      654.893  2263.777  15.256   0.016 1.34700    8.922780  18.617   2.892   3.358   1.510  50  18  50  30
  L110-S1270     1710.992  2289.195  15.784   0.027 1.34700    8.922780  18.437   2.163   2.598   1.248  50  22  50  27
  L110-S1272     1239.013  2287.500  14.681   0.010 1.34700    8.922780  17.963   2.785   3.301   1.491  52  22  52  27
  L110-S1287      717.904  2356.092  16.253   0.042 1.34700    8.922780  19.094   2.501   2.911   1.361  43  13  43  28
c L110-S1290      186.165  2372.062  15.600   0.022 1.34700    8.922780  18.244   2.209   2.692   1.297  62  45  57  33
  L110-S1307     2028.408  2507.122  16.297   0.050 1.34700    8.922780  18.870   2.125   2.558   1.228  43  17  43  29
  L110-S1308     1679.729  2501.853  14.727   0.010 1.34700    8.922780  17.337   2.168   2.613   1.258  53  40  53  32
  L110-S1313     1566.916  2509.776  14.711   0.010 1.34700    8.922780  17.873   2.703   3.178   1.448  53  26  53  33
c L110-S1315     1269.184  2512.948  15.049   0.014 1.34700    8.922780  18.372   2.755   3.270   1.482  52  19  52  33
  L110-S1323     1220.234  2547.777  16.303   0.042 1.34700    8.922780  19.047   2.371   2.899   1.366  44  15  44  33
  L110-S1325      928.274  2545.512  15.120   0.014 1.34700    8.922780  17.628   2.121   2.580   1.272  56  38  56  33
  L110-S1333     1338.569  2572.762  15.403   0.019 1.34700    8.922780  17.905   2.065   2.527   1.236  61  34  60  33
c L110-S1335     1036.267  2574.759  15.344   0.017 1.34700    8.922780  18.629   2.741   3.248   1.446  56  18  56  33
  L110-S1340      588.085  2587.751  16.170   0.039 1.34700    8.922780  18.862   2.138   2.622   1.262  52  26  52  33
c L110-S1352      197.908  2637.475  16.235   0.039 1.34700    8.922780  18.768   2.089   2.536   1.217  62  28  61  32
c L110-S1360       48.895  2694.014  15.890   0.029 1.34700    8.922780  18.866   2.307   2.810   1.341  56  23  56  33
  L110-S1371     1787.048  2743.039  16.179   0.039 1.34700    8.922780  18.746   2.089   2.522   1.205  53  20  53  32
  L110-S1376      337.045  2738.184  15.185   0.015 1.34700    8.922780  18.338   2.731   3.184   1.441  63  27  62  32
  L110-S1385      133.851  2792.251  14.937   0.012 1.34700    8.922780  18.227   2.812   3.310   1.497  63  29  58  33
  L110-S1392     1659.249  2856.844  14.682   0.011 1.34700    8.922780  17.975   2.816   3.295   1.482  61  22  61  33
  L110-S1398     1556.530  2879.807  15.968   0.033 1.34700    8.922780  18.584   2.130   2.614   1.210  57  22  57  33
  L110-S1406      613.726  2917.893  15.664   0.023 1.34700    8.922780  18.415   2.221   2.683   1.287  65  31  64  34
  L110-S1408     1268.670  2948.277  16.223   0.040 1.34700    8.922780  19.174   2.327   2.795   1.305  53  14  53  32
  L110-S1411      230.968  2940.883  16.218   0.038 1.34700    8.922780  18.897   2.192   2.592   1.187  60  26  60  32
  L110-S1418      981.828  2981.350  15.820   0.028 1.34700    8.922780  18.415   2.170   2.606   1.256  62  23  62  34
c L110-S1421     1728.534  3017.841  15.266   0.018 1.34700    8.922780  18.051   2.281   2.770   1.335  62  27  62  33
c L110-S1426      575.779  3013.194  14.988   0.013 1.34700    8.922780  17.395   1.973   2.392   1.174  64  64  62  33
c L110-S1438     1812.088  3096.902  15.752   0.027 1.34700    8.922780  18.271   2.020   2.427   1.150  60  25  60  32
c L110-S1443      844.331  3115.640  15.567   0.021 1.34700    8.922780  17.959   1.820   2.232   1.096  64  38  62  32
  L110-S1449     1261.223  3137.495  16.007   0.033 1.34700    8.922780  18.948   2.381   2.876   1.337  55  15  55  32
  L110-S1459      341.047  3160.742  14.858   0.012 1.34700    8.922780  17.077   1.844   2.225   1.128  65  65  61  32
c L110-S1501      149.089  3420.205  15.133   0.014 1.34700    8.922780  17.247   1.630   2.048   0.992  65  65  58  33
  L110-S1514      372.071  3528.852  15.062   0.014 1.34700    8.922780  18.166   2.753   3.110   1.407  65  27  62  33
  L110-S1553     1460.714  3812.663  16.470   0.050 1.34700    8.922780  19.155   1.629   2.614   1.470  64  30  64  31
  L110-S1575      876.622  3911.440  16.147   0.037 1.34700    8.922780  18.913   1.951   2.464   1.176  43  15  43  19
s L111-2093       671.624  1246.954  11.813   0.001 1.54900    9.131989  12.548   0.644   0.777   0.397  42  41  15   8
c L111-S41        728.736   888.898  15.624   0.024 1.54900    9.131989  16.780   1.031   1.189  84.408  20  19   7   0
  L111-S42        766.350   920.213  14.226   0.007 1.54900    9.131989  15.250   0.866   1.050  85.799  18  17   7   0
  L111-S43        284.899   913.067  15.693   0.025 1.54900    9.131989  17.191   1.307   1.617  84.425  20  18   7   0
c L111-S44        226.060   922.408  15.252   0.016 1.54900    9.131989  16.684   1.274   1.411  84.726  17  15   7   0
c L111-S46        378.498   956.996  15.417   0.020 1.54900    9.131989  16.450   0.857   1.077  84.626  20  19   7   0
c L111-S47        359.727  1017.329  13.923   0.005 1.54900    9.131989  15.405   1.372   1.521  86.115  20  19   7   0
  L111-S48        504.479  1042.761  15.310   0.018 1.54900    9.131989  16.425   0.991   1.159  84.733  20  19   7   0
c L111-S49        691.731  1058.855  15.499   0.020 1.54900    9.131989  16.480   0.914   1.073  84.592  20  19   7   0
c L111-S51        117.106  1066.254  15.678   0.024 1.54900    9.131989  16.862   1.057   1.240  84.377  12  12   6   0
  L111-S54        136.576  1176.594  14.904   0.011 1.54900    9.131989  16.239   1.234   1.416  85.176  14  14   6   0
  L111-S58        418.161  1250.936  15.387   0.018 1.54900    9.131989  16.521   1.086   1.205  84.683  20  19   7   0
c L111-S60        786.384  1279.924  14.148   0.006 1.54900    9.131989  15.641   1.339   1.550  85.908  15  14   7   0
c L111-S62        806.023  1396.959  13.705   0.004 1.54900    9.131989  15.158   1.296   1.509  86.350  15  12   7   0
  L111-S63        369.030  1385.101  15.706   0.025 1.54900    9.131989  16.946   1.063   1.238  84.291  20  18   7   0
  L111-S65        506.715  1481.099  14.667   0.010 1.54900    9.131989  15.759   0.990   1.163  85.403  20  19   7   0
  L111-S66        323.800  1475.284  15.477   0.019 1.54900    9.131989  16.670   0.979   1.195  84.524  20  19   7   0
  L111-S67        265.900  1474.476  14.833   0.011 1.54900    9.131989  16.286   1.300   1.490  85.203  20  17   7   0
  L111-S68        561.686  1486.486  15.386   0.018 1.54900    9.131989  16.845   1.407   1.527  84.681  20  18   7   0
  L111-S69        213.097  1499.982  13.532   0.004 1.54900    9.131989  15.014   1.404   1.543  86.528  17  15   6   0
  L111-S70        394.317  1511.347  14.511   0.009 1.54900    9.131989  15.679   1.101   1.226  85.546  20  19   7   0
c L111-S72        724.057  1608.742  13.886   0.005 1.54900    9.131989  14.838   0.828   1.005  86.166  16  15   5   0
  L111-S73        315.082  1640.044  15.629   0.024 1.54900    9.131989  16.749   0.944   1.169  84.419  15  14   5   0
  L111-S304      1312.005   113.895  12.643   0.002 1.54900    9.131989  13.595   0.812   0.977  87.381   6   6   6   0
  L111-S308       971.084   195.039  13.465   0.004 1.54900    9.131989  14.366   0.751   0.937  86.570   7   7   6   0
  L111-S310       263.750   216.090  14.637   0.010 1.54900    9.131989  15.704   0.979   1.117  85.412   7   7   6   0
  L111-S319       464.990   417.613  15.926   0.029 1.54900    9.131989  17.242   0.931   1.083  83.840   7   7   6   0
  L111-S320      1227.114   424.024  13.513   0.004 1.54900    9.131989  14.536   0.866   1.068  86.531   7   7   6   0
  L111-S325        29.814   527.906  12.940   0.002 1.54900    9.131989  14.402   1.395   1.532  87.129   7   7   6   0
  L111-S334      1741.025   931.150  12.182   0.001 1.54900    9.131989  13.021   0.727   0.882  87.860   6   6   6   0
  L111-S339      1624.355  1013.071  12.933   0.002 1.54900    9.131989  13.910   0.903   1.036  87.125   6   6   6   0
  L111-S347       901.611  1298.500  13.800   0.005 1.54900    9.131989  14.837   0.953   1.081  86.243  12  11   7   0
  L111-S348      1432.728  1375.309  13.933   0.005 1.54900    9.131989  14.816   0.743   0.926  86.109   6   6   6   0
  L98-1002        572.960   724.947  13.914   0.005 1.20000    0.244591  14.590   0.565   0.690   0.345 169 167 152  97
c L98-1082        943.088  2817.833  13.935   0.005 1.20000    0.244591  15.036   0.838   1.081   0.587 183 168 153 100
  L98-1087        576.734  2863.085  12.642   0.002 1.20000    0.244591  14.445   1.612   1.821   0.889 201 184 177 116
  L98-1102       1061.063  3262.530  11.714   0.001 1.20000    0.244591  12.105   0.313   0.382   0.196 176 162 146 104
  L98-1112        672.564  3652.785  13.097   0.003 1.20000    0.244591  13.978   0.778   0.870   0.410 148 144 118  90
  L98-1122        302.952  3797.194  13.253   0.003 1.20000    0.244591  14.090   0.651   0.835   0.455 170 146 140  90
  L98-1124        417.709  3827.825  13.299   0.003 1.20000    0.244591  13.704   0.333   0.390   0.222 161 144 138  95
  L98-L3          561.740   677.041  12.525   0.002 1.20000    0.244591  14.648   1.913   2.164   1.041 171 170 153  97
c L98-L4          463.985   676.712  14.475   0.008 1.20000    0.244591  16.153   1.379   1.695   0.852 168 166 152  94
  L98-S72         282.919    23.322  15.358   0.019 1.20000    0.244591  16.069   0.573   0.715   0.396 150 144 142  79
  L98-S89         248.289   189.838  15.882   0.027 1.20000    0.244591  16.930   0.843   1.067   0.545 161 154 146  83
  L98-S93          78.889   196.175  13.265   0.003 1.20000    0.244591  14.936   1.490   1.701   0.823 160 153 144  82
  L98-S95         470.310   216.898  13.997   0.005 1.20000    0.244591  14.757   0.609   0.769   0.394 163 157 147  85
c L98-S99         833.823   335.405  13.114   0.003 1.20000    0.244591  13.873   0.644   0.746   0.363 152 145 139  88
  L98-S101        179.736   342.157  16.001   0.030 1.20000    0.244591  17.242   0.890   1.148   0.588 161 155 149  91
  L98-S109        778.761   384.786  14.935   0.013 1.20000    0.244591  15.828   0.743   0.938   0.499 159 157 139  87
  L98-S110        473.394   390.709  15.636   0.021 1.20000    0.244591  16.909   1.079   1.295   0.638 157 157 146  88
c L98-S119        563.820   442.787  14.617   0.009 1.20000    0.244591  15.898   1.035   1.311   0.657 161 159 146  87
c L98-S122        976.143   475.367  15.208   0.015 1.20000    0.244591  17.369   1.835   2.164   1.060 155 133 138  89
c L98-S123        149.913   466.814  15.202   0.015 1.20000    0.244591  16.414   0.982   1.197   0.591 161 158 150  88
  L98-S128        629.893   505.326  14.988   0.013 1.20000    0.244591  15.911   0.796   0.932   0.458 165 162 146  94
c L98-S133         67.915   518.910  15.296   0.016 1.20000    0.244591  16.670   1.217   1.400   0.675 170 162 153  90
  L98-S136        387.013   539.344  15.137   0.015 1.20000    0.244591  15.955   0.680   0.859   0.453 168 165 152  91
  L98-S143       1031.585   582.533  15.268   0.016 1.20000    0.244591  16.377   0.879   1.132   0.619 162 153 140  90
  L98-S148       1116.118   623.009  15.350   0.017 1.20000    0.244591  16.424   0.852   1.105   0.568 158 148 135  86
  L98-S150        909.665   637.214  15.259   0.017 1.20000    0.244591  16.166   0.800   0.951   0.475 167 157 142  95
  L98-S155        781.090   650.138  13.580   0.004 1.20000    0.244591  14.259   0.610   0.702   0.343 167 161 146  93
  L98-S157        128.409   648.442  14.119   0.006 1.20000    0.244591  15.178   0.858   1.075   0.544 172 170 153  90
  L98-S160         79.897   658.872  12.956   0.002 1.20000    0.244591  14.495   1.366   1.569   0.767 172 169 154  92
c L98-S179        363.949   757.006  15.465   0.021 1.20000    0.244591  16.780   1.082   1.310   0.650 166 163 154  92
  L98-S190        392.101   806.917  13.968   0.005 1.20000    0.244591  15.758   1.564   1.826   0.896 166 161 153  89
c L98-S195        519.863   867.670  12.312   0.002 1.20000    0.244591  12.919   0.501   0.631   0.331 167 163 150  92
  L98-S197        820.196   892.896  15.421   0.018 1.20000    0.244591  16.521   0.947   1.199   0.642 161 154 151  95
c L98-S202        542.126   901.902  12.901   0.002 1.20000    0.244591  13.579   0.573   0.680   0.334 173 166 156  96
c L98-S203       1030.466   914.596  13.740   0.004 1.20000    0.244591  14.637   0.819   0.877   0.405 160 150 138  89
  L98-S204        835.099   916.949  15.418   0.019 1.20000    0.244591  16.443   0.903   1.098   0.555 162 153 149  93
c L98-S210       1071.789   937.437  14.949   0.012 1.20000    0.244591  16.383   1.198   1.388   0.603 157 148 136  87
  L98-S211        667.597   932.571  15.083   0.013 1.20000    0.244591  16.073   0.911   1.037   0.477 163 159 146  95
  L98-S214        162.707   949.557  14.649   0.009 1.20000    0.244591  15.601   0.751   0.991   0.525 173 170 161  96
  L98-S217        489.777   958.322  15.960   0.029 1.20000    0.244591  17.412   1.069   1.279   0.633 170 162 155  96
  L98-S224       1000.266  1016.012  15.685   0.022 1.20000    0.244591  16.922   1.020   1.259   0.639 163 155 140  92
  L98-S230        371.484  1037.312  15.778   0.026 1.20000    0.244591  16.987   1.000   1.270   0.644 173 167 159  95
  L98-S236        147.086  1073.410  13.960   0.005 1.20000    0.244591  15.529   1.358   1.613   0.801 174 173 157  96
  L98-S243        328.867  1110.204  15.461   0.018 1.20000    0.244591  16.434   0.837   1.019   0.510 165 165 155  94
  L98-S244        834.624  1120.331  14.311   0.007 1.20000    0.244591  16.466   1.825   2.103   1.016 159 151 144  93
c L98-S251        643.804  1158.682  13.744   0.004 1.20000    0.244591  14.613   0.707   0.880   0.442 174 165 158  98
  L98-S259        130.940  1238.923  16.016   0.029 1.20000    0.244591  17.173   0.845   1.067   0.538 186 182 161  89
  L98-S260        348.972  1242.619  15.580   0.021 1.20000    0.244591  17.737   1.781   2.141   1.055 177 139 164  89
  L98-S264        922.193  1259.778  15.550   0.021 1.20000    0.244591  16.749   1.062   1.259   0.604 170 163 149  87
  L98-S267        788.666  1284.033  14.777   0.010 1.20000    0.244591  15.602   0.685   0.856   0.444 181 174 159  92
c L98-S273       1017.543  1320.841  13.962   0.005 1.20000    0.244591  14.535   0.432   0.574   0.328 170 162 147  90
  L98-S276        238.920  1317.212  15.926   0.026 1.20000    0.244591  17.199   1.035   1.291   0.668 187 180 168  95
  L98-S277        174.872  1316.901  13.930   0.005 1.20000    0.244591  14.741   0.669   0.805   0.396 187 186 168  96
  L98-S279        696.677  1342.868  13.581   0.004 1.20000    0.244591  15.312   1.529   1.769   0.875 176 174 158  97
  L98-S286        240.996  1383.868  15.469   0.018 1.20000    0.244591  16.535   0.848   1.085   0.552 185 182 167  99
c L98-S289        854.996  1399.215  12.899   0.002 1.20000    0.244591  14.461   1.348   1.568   0.772 170 163 153  94
  L98-S298        911.537  1461.777  14.343   0.007 1.20000    0.244591  15.270   0.771   0.967   0.500 169 158 146  93
  L98-S305        648.094  1504.891  15.238   0.015 1.20000    0.244591  16.216   0.934   1.039   0.490 178 166 159  96
  L98-S311        319.003  1538.941  15.915   0.029 1.20000    0.244591  17.095   0.922   1.158   0.582 178 166 166  89
c L98-S313        887.687  1563.106  14.469   0.008 1.20000    0.244591  15.512   0.821   1.000   0.509 176 162 152  91
  L98-S317        560.885  1576.868  15.592   0.021 1.20000    0.244591  16.779   0.957   1.204   0.606 178 170 163  92
  L98-S318        719.892  1587.890  15.109   0.014 1.20000    0.244591  16.191   0.903   1.125   0.579 177 166 154  88
  L98-S319        352.542  1586.096  14.829   0.010 1.20000    0.244591  15.788   0.762   0.997   0.532 184 176 165  88
  L98-S322       1048.699  1614.936  15.727   0.024 1.20000    0.244591  16.985   0.891   1.202   0.630 167 157 142  87
  L98-S327        582.635  1634.900  14.268   0.007 1.20000    0.244591  15.054   0.686   0.788   0.378 189 180 171  98
c L98-S329        303.022  1644.203  15.127   0.014 1.20000    0.244591  16.120   0.740   0.951   0.498 199 189 177  96
c L98-S330        990.974  1673.403  15.980   0.029 1.20000    0.244591  17.170   1.061   1.232   0.592 176 165 152  92
  L98-S334        430.796  1691.971  15.201   0.015 1.20000    0.244591  16.185   0.782   0.959   0.474 191 183 173  96
  L98-S344        837.694  1780.425  15.187   0.014 1.20000    0.244591  16.249   0.919   1.089   0.541 169 164 153  91
  L98-S345        726.873  1784.191  13.655   0.004 1.20000    0.244591  14.485   0.792   0.836   0.385 176 175 155  92
  L98-S353        634.982  1822.983  13.030   0.002 1.20000    0.244591  13.845   0.642   0.840   0.450 183 173 162  83
  L98-S355        923.059  1833.760  13.043   0.002 1.20000    0.244591  14.563   1.409   1.552   0.766 175 163 148  78
  L98-S356        864.805  1833.841  15.334   0.017 1.20000    0.244591  16.267   0.819   0.992   0.489 182 166 153  80
  L98-S357        141.734  1828.850  15.715   0.023 1.20000    0.244591  16.602   0.774   0.932   0.493 217 205 181  90
  L98-S368        506.066  1915.712  16.017   0.030 1.20000    0.244591  17.084   0.916   1.088   0.532 191 183 179 105
  L98-S371        750.369  1933.001  15.252   0.015 1.20000    0.244591  16.073   0.675   0.849   0.452 181 172 164 102
c L98-S373        709.875  1935.307  15.345   0.017 1.20000    0.244591  16.441   0.807   1.022   0.519 177 171 164 103
c L98-S376       1036.686  1948.333  15.763   0.024 1.20000    0.244591  17.085   1.031   1.255   0.633 168 160 150  97
  L98-S390        477.065  2055.167  15.459   0.018 1.20000    0.244591  16.760   1.021   1.224   0.594 199 188 175 106
c L98-S393        297.073  2091.770  14.726   0.010 1.20000    0.244591  15.745   0.787   0.985   0.498 214 200 182 109
  L98-S396       1041.121  2120.005  15.852   0.026 1.20000    0.244591  16.931   0.901   1.100   0.555 180 165 149  98
c L98-S401        689.053  2129.048  15.474   0.019 1.20000    0.244591  16.655   0.965   1.188   0.597 186 177 160 107
c L98-S406        296.864  2155.234  15.775   0.025 1.20000    0.244591  16.605   0.703   0.867   0.469 215 199 184 107
c L98-S422        414.724  2261.763  15.619   0.021 1.20000    0.244591  16.701   0.877   1.095   0.552 199 184 174 102
  L98-S424        674.977  2273.694  15.434   0.018 1.20000    0.244591  16.444   0.854   1.016   0.505 183 171 155 102
  L98-S425        770.185  2275.842  13.594   0.004 1.20000    0.244591  14.448   0.692   0.868   0.436 189 175 159 102
  L98-S441        874.955  2379.545  13.123   0.003 1.20000    0.244591  13.836   0.623   0.713   0.343 188 167 158 100
  L98-S445        501.860  2388.650  15.853   0.026 1.20000    0.244591  17.125   1.035   1.205   0.539 194 179 173 105
c L98-S448        289.882  2410.293  15.857   0.028 1.20000    0.244591  17.129   0.946   1.211   0.615 211 187 180 106
  L98-S451        658.116  2428.953  15.381   0.017 1.20000    0.244591  16.992   1.323   1.608   0.801 188 171 161 104
c L98-S452        989.121  2445.349  13.519   0.004 1.20000    0.244591  14.864   1.067   1.372   0.710 184 168 153  99
c L98-S455        489.471  2450.010  13.747   0.004 1.20000    0.244591  14.497   0.629   0.737   0.358 199 188 175 104
c L98-S456        461.418  2450.213  14.627   0.009 1.20000    0.244591  15.656   0.844   1.005   0.495 203 192 179 106
  L98-S460        554.144  2477.111  14.728   0.010 1.20000    0.244591  15.666   0.909   1.186   0.636 198 187 175 105
b L98-S461        140.774  2488.209  15.299   0.016 1.20000    0.244591  16.350   0.885   1.031   0.494 227 211 193 114
  L98-S462       1112.535  2525.286  14.043   0.005 1.20000    0.244591  15.181   0.908   1.168   0.631 169 152 138  91
  L98-S463         79.853  2521.370  15.495   0.020 1.20000    0.244591  16.575   0.879   1.084   0.557 241 216 197 121
  L98-S467         25.961  2553.010  14.872   0.012 1.20000    0.244591  15.971   0.884   1.120   0.567 247 226 194 116
  L98-S480        162.841  2669.831  15.349   0.017 1.20000    0.244591  16.249   0.751   0.933   0.466 224 203 187 113
  L98-S482        154.481  2701.219  15.465   0.019 1.20000    0.244591  17.923   2.071   2.481   1.218 215 124 186 107
  L98-S488        344.483  2735.421  15.182   0.014 1.20000    0.244591  16.170   0.896   0.993   0.459 199 181 173 100
  L98-S491        934.880  2753.304  13.680   0.004 1.20000    0.244591  15.438   1.528   1.784   0.881 176 161 149  97
c L98-S492        280.437  2762.842  13.503   0.003 1.20000    0.244591  14.376   0.680   0.899   0.495 205 187 172 103
  L98-S500        801.344  2798.953  15.921   0.027 1.20000    0.244591  16.931   0.824   1.030   0.555 178 157 158  99
  L98-S508       1116.941  2867.475  14.773   0.010 1.20000    0.244591  15.743   0.810   0.978   0.489 169 152 138  92
  L98-S510        524.192  2870.359  15.970   0.029 1.20000    0.244591  17.061   0.933   1.116   0.549 190 169 163 103
  L98-S512        943.604  2900.406  15.728   0.024 1.20000    0.244591  17.108   1.047   1.369   0.737 178 157 149  98
c L98-S514        761.907  2897.363  12.709   0.002 1.20000    0.244591  13.423   0.558   0.738   0.408 186 169 157 103
  L98-S521        224.831  2939.195  14.783   0.010 1.20000    0.244591  16.421   1.448   1.642   0.787 209 187 163 106
  L98-S522        446.920  2947.937  15.452   0.018 1.20000    0.244591  17.719   1.971   2.337   1.149 187 135 158 100
  L98-S525        246.178  2975.250  14.933   0.012 1.20000    0.244591  16.025   0.898   1.139   0.598 194 173 152 103
  L98-S532        646.027  3040.302  15.267   0.014 1.20000    0.244591  16.442   0.955   1.187   0.620 163 150 133 100
  L98-S533        376.784  3046.280  12.609   0.002 1.20000    0.244591  13.590   0.827   0.988   0.487 175 154 138  98
c L98-S534        558.806  3051.750  13.936   0.005 1.20000    0.244591  16.262   2.007   2.328   1.141 167 145 140 100
  L98-S536        871.254  3076.835  15.547   0.019 1.20000    0.244591  18.101   2.252   2.623   1.267 161  83 133 101
  L98-S539        220.820  3095.950  15.569   0.020 1.20000    0.244591  16.793   0.956   1.183   0.566 182 158 143 104
  L98-S543        337.462  3130.740  14.206   0.006 1.20000    0.244591  16.242   1.479   2.016   1.020 178 155 141  94
  L98-S548        718.002  3163.133  13.626   0.004 1.20000    0.244591  14.369   0.592   0.738   0.367 162 150 130  94
  L98-S549       1107.786  3175.096  14.855   0.011 1.20000    0.244591  15.996   1.006   1.121   0.498 156 142 121  86
  L98-S551         36.911  3159.594  15.977   0.029 1.20000    0.244591  17.073   0.788   1.076   0.540 183 162 141  91
  L98-S565        484.890  3292.631  14.858   0.011 1.20000    0.244591  16.362   1.230   1.485   0.746 163 147 131  96
  L98-S574        132.944  3339.019  15.997   0.029 1.20000    0.244591  17.351   1.135   1.343   0.589 158 135 125  90
  L98-S583        784.224  3451.197  14.381   0.007 1.20000    0.244591  16.335   1.696   1.984   0.983 145 127 116  87
  L98-S585        104.851  3441.954  14.718   0.009 1.20000    0.244591  15.460   0.636   0.778   0.418 153 135 119  88
  L98-S588        484.084  3481.161  14.428   0.008 1.20000    0.244591  15.390   0.804   0.976   0.480 150 134 122  90
  L98-S589        375.012  3484.906  14.800   0.010 1.20000    0.244591  15.800   0.803   0.996   0.501 147 132 116  85
  L98-S591        403.463  3506.136  13.131   0.003 1.20000    0.244591  14.170   0.973   1.031   0.474 147 130 113  83
  L98-S605        220.145  3577.586  15.401   0.017 1.20000    0.244591  16.347   0.849   0.976   0.464 148 134 119  88
  L98-S949       1807.045    41.121  14.213   0.007 1.20000    0.244591  16.035   1.593   1.849   0.919 126 114 116  72
  L98-S955       1924.649   155.407  13.468   0.004 1.20000    0.244591  14.404   0.738   0.914   0.473 134 117 116  72
  L98-S956       1285.005   159.021  15.153   0.014 1.20000    0.244591  16.101   0.779   0.970   0.511 144 131 121  79
  L98-S957       1974.740   197.507  15.733   0.026 1.20000    0.244591  16.913   0.992   1.123   0.538 132 121 116  74
  L98-S958       1152.087   190.803  13.220   0.003 1.20000    0.244591  14.036   0.754   0.827   0.395 151 138 129  77
  L98-S963       1327.118   304.730  14.505   0.009 1.20000    0.244591  15.372   0.691   0.861   0.442 144 131 122  77
  L98-S965       2015.578   324.057  13.142   0.003 1.20000    0.244591  14.578   1.242   1.419   0.698 133 120 115  72
c L98-S970       1210.896   420.275  15.111   0.015 1.20000    0.244591  16.272   0.933   1.150   0.584 146 129 123  76
c L98-S971       1232.717   443.308  12.539   0.002 1.20000    0.244591  13.306   0.675   0.761   0.365 147 132 124  76
  L98-S974       1472.328   491.933  15.389   0.018 1.20000    0.244591  16.092   0.591   0.719   0.404 144 130 122  81
  L98-S976       1896.105   501.864  15.350   0.018 1.20000    0.244591  16.232   0.691   0.841   0.440 139 127 123  78
  L98-S977       1578.635   515.837  14.825   0.011 1.20000    0.244591  15.818   0.804   0.999   0.512 142 128 125  82
  L98-S978       1998.116   522.126  15.471   0.020 1.20000    0.244591  16.901   1.219   1.420   0.701 137 125 120  77
  L98-S980       1958.808   613.960  15.010   0.013 1.20000    0.244591  16.445   1.167   1.409   0.621 138 124 120  76
c L98-S981       1583.050   633.365  15.491   0.020 1.20000    0.244591  16.546   0.872   1.104   0.612 143 128 126  83
c L98-S982       1811.901   639.947  14.229   0.007 1.20000    0.244591  15.135   0.708   0.879   0.448 141 126 123  78
  L98-S985       1648.087   669.133  14.020   0.006 1.20000    0.244591  15.077   0.934   1.080   0.534 145 128 124  76
c L98-S987       1206.678   726.392  13.419   0.003 1.20000    0.244591  14.258   0.707   0.868   0.441 152 137 129  82
c L98-S991       1723.013   761.166  15.389   0.019 1.20000    0.244591  16.475   0.879   1.062   0.539 138 125 123  79
  L98-S992       1974.593   776.574  14.559   0.009 1.20000    0.244591  15.522   0.796   0.945   0.469 135 122 119  77
c L98-S996       1928.615   852.512  15.520   0.021 1.20000    0.244591  16.743   0.986   1.156   0.577 134 118 119  76
  L98-S997       1541.118   859.926  15.615   0.021 1.20000    0.244591  16.729   0.954   1.139   0.554 139 125 123  81
  L98-S999       1691.674   892.073  15.603   0.023 1.20000    0.244591  16.547   0.776   0.976   0.502 142 126 125  77
  L98-S1002      1561.869   974.744  14.701   0.010 1.20000    0.244591  16.588   1.665   1.912   0.941 141 127 125  83
  L98-S1006      1866.886  1028.931  14.838   0.011 1.20000    0.244591  15.548   0.595   0.731   0.400 140 126 122  79
  L98-S1008      1314.215  1024.757  14.221   0.007 1.20000    0.244591  15.075   0.724   0.874   0.436 152 138 127  82
  L98-S1011      1179.913  1106.184  14.854   0.011 1.20000    0.244591  15.890   0.837   1.031   0.527 152 138 131  80
  L98-S1013      1270.318  1158.525  15.440   0.018 1.20000    0.244591  16.599   0.931   1.161   0.593 143 128 125  83
  L98-S1016      1643.100  1243.075  15.664   0.022 1.20000    0.244591  16.751   0.881   1.105   0.567 141 126 122  72
  L98-S1017      1156.054  1261.568  13.869   0.005 1.20000    0.244591  16.252   1.619   2.367   1.323 157 145 133  78
c L98-S1025      1306.237  1446.523  15.578   0.021 1.20000    0.244591  16.664   0.840   1.053   0.540 144 130 122  82
  L98-S1027      1250.974  1466.900  13.485   0.004 1.20000    0.244591  14.209   0.595   0.754   0.410 148 132 126  82
  L98-S1030      1366.754  1498.294  14.336   0.007 1.20000    0.244591  16.405   1.793   2.110   1.038 148 130 123  82
  L98-S1032      1914.548  1528.910  14.912   0.013 1.20000    0.244591  15.610   0.572   0.695   0.379 136 118 119  75
  L98-S1035      1546.024  1566.008  13.689   0.004 1.20000    0.244591  14.763   0.905   1.068   0.492 137 121 119  77
  L98-S1039      1647.844  1607.635  15.496   0.020 1.20000    0.244591  16.666   0.959   1.121   0.538 139 124 119  69
  L98-S1042      1964.059  1648.277  13.599   0.004 1.20000    0.244591  14.535   0.763   0.920   0.460 138 122 117  74
  L98-S1045      1304.012  1692.474  15.635   0.021 1.20000    0.244591  16.884   1.030   1.289   0.695 154 137 131  82
  L98-S1050      1197.946  1741.020  15.237   0.015 1.20000    0.244591  16.372   0.893   1.117   0.557 154 144 129  79
  L98-S1053      1654.833  1839.096  14.172   0.006 1.20000    0.244591  16.212   1.767   2.079   1.024 139 122 117  61
  L98-S1055      1536.899  1945.746  15.132   0.013 1.20000    0.244591  16.022   0.716   0.878   0.454 133 121 122  79
c L98-S1059      1329.167  1981.518  13.153   0.003 1.20000    0.244591  14.039   0.776   0.880   0.418 143 134 126  83
c L98-S1060      1433.296  1990.071  13.619   0.004 1.20000    0.244591  14.287   0.551   0.661   0.330 134 128 117  80
  L98-S1061      1817.910  1997.923  14.882   0.012 1.20000    0.244591  15.913   0.784   0.951   0.476 133 119 118  76
  L98-S1062      1948.584  2001.536  14.485   0.008 1.20000    0.244591  16.660   1.888   2.175   1.064 130 116 117  76
  L98-S1063      1868.951  2034.668  15.471   0.019 1.20000    0.244591  16.487   0.836   1.080   0.591 132 120 118  79
  L98-S1064      1780.791  2048.634  14.894   0.012 1.20000    0.244591  15.922   0.850   0.999   0.486 134 120 121  79
  L98-S1067      1893.231  2084.880  13.151   0.003 1.20000    0.244591  14.655   1.322   1.494   0.735 135 120 116  77
  L98-S1070      1245.477  2090.006  15.840   0.027 1.20000    0.244591  17.051   1.080   1.260   0.629 153 134 130  83
  L98-S1075      1583.169  2134.105  15.945   0.030 1.20000    0.244591  17.032   0.798   1.021   0.535 138 119 119  81
  L98-S1078      1890.724  2190.188  14.816   0.011 1.20000    0.244591  15.825   0.786   0.976   0.499 138 121 119  77
  L98-S1082      1382.007  2224.810  11.921   0.001 1.20000    0.244591  13.244   1.042   1.409   0.785 149 129 122  82
  L98-S1085      1181.757  2266.231  15.637   0.021 1.20000    0.244591  16.843   0.941   1.153   0.583 161 141 134  87
  L98-S1093      1675.376  2464.070  14.223   0.007 1.20000    0.244591  15.592   1.222   1.347   0.626 141 116 117  74
b L98-S1094      1585.921  2492.047  13.347   0.003 1.20000    0.244591  14.227   0.718   0.888   0.449 138 116 118  78
  L98-S1098      1255.890  2549.124  15.679   0.023 1.20000    0.244591  16.891   0.980   1.211   0.628 153 132 126  82
  L98-S1100      1166.818  2554.586  15.754   0.023 1.20000    0.244591  16.836   0.828   1.064   0.571 167 146 137  87
  L98-S1101      1217.954  2577.936  15.629   0.022 1.20000    0.244591  16.800   0.936   1.073   0.519 161 140 131  83
  L98-S1102      1659.099  2593.192  13.898   0.005 1.20000    0.244591  15.619   1.526   1.730   0.845 141 118 117  73
  L98-S1105      1582.506  2725.142  13.241   0.003 1.20000    0.244591  14.147   0.764   0.903   0.448 132 113 116  77
  L98-S1107      1566.910  2826.527  14.068   0.006 1.20000    0.244591  14.822   0.616   0.746   0.369 134 115 115  78
  L98-S1108      1815.066  2868.940  14.891   0.011 1.20000    0.244591  15.827   0.764   0.884   0.428 132 113 114  73
  L98-S1109      1686.641  2875.312  14.908   0.011 1.20000    0.244591  15.956   0.833   1.034   0.545 138 115 116  73
  L98-S1111      1359.890  2954.646  12.002   0.001 1.20000    0.244591  14.302   2.073   2.325   1.104 144 125 116  80
  L98-S1112      1266.535  3036.193  12.305   0.001 1.20000    0.244591  13.247   0.789   0.940   0.463 141 122 116  79
  L98-S1114      1355.547  3141.693  14.995   0.012 1.20000    0.244591  16.147   1.005   1.181   0.584 144 120 116  78
  L98-S1115      1509.828  3256.107  14.771   0.010 1.20000    0.244591  15.578   0.642   0.789   0.442 137 119 114  77
  L98-S1118      1149.943  3380.919  13.747   0.004 1.20000    0.244591  14.451   0.573   0.727   0.416 145 129 116  88
  L98-S1119      1489.934  3394.933  14.666   0.010 1.20000    0.244591  15.517   0.686   0.851   0.472 126 110 104  76
  L98-S1120      1148.142  3576.542  15.977   0.029 1.20000    0.244591  17.187   0.975   1.225   0.672 141 127 114  82
  L98-S1123       391.999  3641.254  12.743   0.002 1.20000    0.244591  13.259   0.430   0.515   0.284 143 136 113  80
  L98-S1124       221.954  3639.464  14.179   0.006 1.20000    0.244591  15.217   0.883   1.021   0.496 144 137 114  83
  L98-S1125      1108.943  3676.193  15.723   0.024 1.20000    0.244591  17.185   1.318   1.486   0.727 137 127 111  76
  L98-S1127       331.067  3716.047  15.535   0.020 1.20000    0.244591  16.558   0.811   1.052   0.570 146 132 116  76
  L98-S1134       921.628  3877.393  15.385   0.018 1.20000    0.244591  16.821   1.135   1.402   0.721 134 123 123  79
  L98-S1135      1172.281  3890.623  13.408   0.003 1.20000    0.244591  15.709   2.062   2.298   1.086 121 113 112  71
c L98-S1136       984.047  3932.784  15.188   0.015 1.20000    0.244591  16.237   0.779   0.967   0.504 138 130 122  79
  L98-S1905      1983.454  2216.464  15.287   0.017 1.20000    0.244591  16.472   0.948   1.146   0.577 134 117 114  75
  L98-S1935      1701.391  2759.734  14.688   0.010 1.20000    0.244591  16.846   1.846   2.170   1.065 133 107 115  74
  L98-S1942      2021.730  2865.228  12.731   0.002 1.20000    0.244591  13.480   0.595   0.697   0.342 124 106 105  67
  L98-S1983      1609.242  3518.041  15.054   0.013 1.20000    0.244591  15.922   0.728   0.878   0.482 120  99 102  70
