#Star             Xc        Yc      Mag      Merr  Airmass UT             V       B-V     V-I      R-I   nV nBV nVI nRI 
  L101-262       1916.907   802.468  13.871   0.008 1.74000    5.474119  14.298   0.740   0.830   0.383  26  26  26  32
e L101-268       1441.264  1312.577  13.950   0.009 1.74000    5.474119  14.373   1.533   2.215   1.198  52  52  40  40
  L101-270        579.405  1851.077  13.317   0.005 1.74000    5.474119  13.717   0.509   0.643   0.299  19  19  19  22
  L101-S151      1953.386   622.101  16.662   0.112 1.74000    5.474119  17.585   0.523   0.707   0.353  23  23  23  24
  L101-S159      1721.959   907.862  16.457   0.093 1.74000    5.474119  16.918   0.552   0.703   0.339  22  22  22  26
  L101-S166      1859.629  1115.783  15.732   0.046 1.74000    5.474119  16.179   0.830   0.950   0.433  23  23  23  26
  L101-S169      1860.928  1164.074  18.014   0.371 1.74000    5.474119  18.447   1.208   1.446   0.651  22  22  22  22
  L101-S174      2043.760  1253.770   0.000   0.000 1.74000    5.474119  17.489   0.469   0.652   0.333  25  25  25  29
  L101-S182      1894.970  1358.105  18.101   0.399 1.74000    5.474119  18.988   1.077   1.307   0.577  39  33  27  27
  L101-S224      1917.233  1952.434  17.867   0.316 1.74000    5.474119  18.643   1.231   1.500   0.688  44  42  44  46
  L101-S234      2034.226  2122.642   0.000   0.000 1.74000    5.474119  18.845   1.554   2.531   1.488  45  38  45  53
  L101-S282      1274.861  2203.957  15.008   0.025 1.74000    5.474119  15.458   0.680   0.769   0.367  46  46  46  51
  L101-S286      1909.846  2496.225  17.313   0.192 1.74000    5.474119  17.780   0.707   0.865   0.434  51  51  47  47
  L101-S288       783.934  2498.966  16.254   0.074 1.74000    5.474119  16.655   0.930   1.076   0.476  44  44  44  47
  L101-S289       825.781  2568.439  12.797   0.003 1.74000    5.474119  13.179   0.731   0.820   0.380  44  44  44  47
  L101-S292       796.178  2869.122  15.005   0.024 1.74000    5.474119  15.463   0.573   0.728   0.348  47  47  47  51
  L101-S293      2060.148  2895.554   0.000   0.000 1.74000    5.474119  17.729   1.540   2.167   1.168  53  51  50  50
  L101-S297      1342.261  2932.796  15.899   0.053 1.74000    5.474119  16.348   0.545   0.715   0.353  47  47  47  50
b L101-S299      1186.642  3244.781  15.808   0.048 1.74000    5.474119  16.366   0.730   0.860   0.416  46  46  44  44
  L101-S305      1957.133  3411.911  15.122   0.026 1.74000    5.474119  15.516   0.971   1.158   0.521  60  60  50  50
  L101-S308      1309.155  3702.982  12.811   0.003 1.74000    5.474119  13.195   0.621   0.741   0.363  47  47  47  52
  L101-S309      1982.420  4023.766  17.585   0.254 1.74000    5.474119  18.165   1.533   2.019   1.042  57  53  57  51
  L101-S408      1446.576  2538.192  18.166   0.425 1.74000    5.474119  18.612   1.667   2.487   1.442  42  37  42  47
  L101-S410      1286.692  3191.448  17.592   0.256 1.74000    5.474119  18.856   1.618   2.459   1.429  36  36  36  44
  L101-S412       685.678  3958.127  17.548   0.254 1.74000    5.474119  17.877   0.295   0.462   0.214  43  43  43  46
  L101-S457       128.050    11.068   0.000   0.000 1.74000    5.474119  16.246   1.271   1.534   0.683  13  13  13  22
  L101-S459        -3.005   138.591   0.000   0.000 1.74000    5.474119  14.321   0.911   1.108   0.498  13  13  13  19
  L101-S462      1593.967   310.165  16.792   0.128 1.74000    5.474119  17.207   1.222   1.481   0.659  22  22  22  26
  L101-S463       330.811   322.895  17.955   0.374 1.74000    5.474119  18.571   0.705   0.893   0.430  16  16  15  15
  L101-S464      1064.697   359.265  18.727   0.738 1.74000    5.474119  18.609   1.414   1.846   0.910  22  22  22  25
  L101-S467      1297.508   982.848  17.206   0.181 1.74000    5.474119  17.659   0.667   0.805   0.380  21  21  21  24
  L101-S468      1301.264  1140.172  16.261   0.076 1.74000    5.474119  16.753   0.804   0.946   0.440  21  21  21  24
  L101-S470       380.520  1208.986  13.151   0.005 1.74000    5.474119  13.553   0.802   0.932   0.415  15  15  15  20
  L101-S471       615.072  1284.026  12.019   0.002 1.74000    5.474119  12.431   0.757   0.832   0.364  18  18  18  18
  L101-S473       556.344  1571.558  17.583   0.255 1.74000    5.474119  18.492   1.016   1.378   0.651  19  19  19  19
  L101-S474       553.381  1664.084  15.416   0.036 1.74000    5.474119  15.850   0.567   0.721   0.348  17  17  17  22
  L101-S475      1198.980  1776.089  18.280   0.491 1.74000    5.474119  18.718   1.496   1.882   0.924  39  37  39  45
e L101-S476       166.998  1881.635  14.062   0.011 1.74000    5.474119  14.507   0.630   0.753   0.347  14  14  14  22
  L101-S478        17.738  2191.891   0.000   0.000 1.74000    5.474119  17.704   1.341   1.730   0.821  15  15  15  19
  L101-S479       655.264  2584.831  17.621   0.267 1.74000    5.474119  18.536   0.388   0.595   0.284  32  32  32  33
  L101-S483        65.652  3183.062  17.084   0.168 1.74000    5.474119  17.593   0.468   0.672   0.321  19  19  19  18
  L101-S488       124.881  3515.142  18.061   0.440 1.74000    5.474119  18.320   0.504   0.670   0.320  21  21  21  21
  L101-S490       918.894  3607.708  17.545   0.241 1.74000    5.474119  17.951   1.250   1.559   0.719  45  45  45  51
  L101-S491       529.905  3854.969  16.853   0.135 1.74000    5.474119  17.135   1.293   1.573   0.703  22  22  22  26
  L101-S492       782.742  3868.145  14.564   0.016 1.74000    5.474119  14.976   0.508   0.681   0.311  44  44  44  47
  L101-S693      1934.303   136.273  17.935   0.351 1.74000    5.474119  18.964   0.691   0.817   0.370  15  15   7   7
  L101-S697       530.663   237.876  16.623   0.109 1.74000    5.474119  17.200   0.925   1.027   0.438  13  13   5   5
  L101-S704      1566.838   603.440  19.367   1.269 1.74000    5.474119  20.031   0.522   0.644   0.300  15  15   6   6
  L101-S732       673.343  2352.339   0.000   0.000 1.74000    5.474119  19.453   1.077   1.396   0.621  13  13   5   5
  L101-S744      1619.105  2889.843  17.660   0.260 1.74000    5.474119  17.908   0.825   0.945   0.436  16  16   8   8
  L101-S751      1660.416  3093.328  19.014   0.932 1.74000    5.474119  19.470   1.166   1.395   0.599  18  16   8   8
  L104-S12       1172.756  2629.852  14.966   0.022 1.70100    1.806195  15.363   0.796   0.866   0.399  54  44  52  42
  L104-S20        656.545  3158.298  15.212   0.030 1.70100    1.806195  15.623   0.576   0.686   0.337  48  35  40  35
  L104-S23       1082.980  3237.201  14.614   0.016 1.70100    1.806195  15.004   0.568   0.678   0.333  49  35  42  35
e L104-S34       1731.164  3690.821  14.421   0.014 1.70100    1.806195  14.802   0.731   0.835   0.416  78  60  76  48
  L104-S36       1484.889  3794.534  12.840   0.003 1.70100    1.806195  13.219   0.604   0.726   0.363  74  59  73  44
  L104-S398       796.423   435.103  14.354   0.013 1.70100    1.806195  14.766   0.756   0.857   0.396  21  15  16  16
  L104-S420      1749.882   902.508  13.903   0.008 1.70100    1.806195  14.313   0.707   0.800   0.388  38  34  38  28
e L104-S434      1719.270  1236.752  14.445   0.014 1.70100    1.806195  14.888   0.550   0.672   0.334  52  42  52  38
  L104-S460       245.461  2078.689  15.193   0.029 1.70100    1.806195  15.654   0.587   0.713   0.356  38  30  32  32
  L104-S12       1016.936  2634.085  14.914   0.022 1.15200    5.244939  15.363   0.796   0.866   0.399  54  44  52  42
  L104-S20        499.758  3162.863  15.175   0.028 1.15200    5.244939  15.623   0.576   0.686   0.337  48  35  40  35
  L104-S23        927.401  3242.037  14.543   0.016 1.15200    5.244939  15.004   0.568   0.678   0.333  49  35  42  35
e L104-S34       1576.235  3695.599  14.310   0.013 1.15200    5.244939  14.802   0.731   0.835   0.416  78  60  76  48
  L104-S36       1329.791  3799.487  12.762   0.003 1.15200    5.244939  13.219   0.604   0.726   0.363  74  59  73  44
  L104-S398       638.115   437.871  14.278   0.013 1.15200    5.244939  14.766   0.756   0.857   0.396  21  15  16  16
  L104-S411      2016.202   774.237  14.851   0.021 1.15200    5.244939  15.338   0.680   0.753   0.353  43  35  43  22
  L104-S420      1594.037   906.060  13.811   0.009 1.15200    5.244939  14.313   0.707   0.800   0.388  38  34  38  28
e L104-S434      1563.735  1240.326  14.381   0.014 1.15200    5.244939  14.888   0.550   0.672   0.334  52  42  52  38
  L104-S447      1747.623  1756.846  15.395   0.033 1.15200    5.244939  15.916   0.692   0.806   0.396  57  45  57  43
  L104-S452       835.869  1977.385  15.318   0.033 1.15200    5.244939  15.760   1.019   1.211   0.548  42  32  36  34
  L104-S460        87.436  2082.077  15.093   0.027 1.15200    5.244939  15.654   0.587   0.713   0.356  38  30  32  32
  L104-S471      1147.902  2542.240  15.677   0.045 1.15200    5.244939  16.147   1.357   1.656   0.766  58  51  58  44
  L107-351       1210.111  1498.890  11.875   0.001 1.37800    5.709024  12.335   0.563   0.707   0.357  88  84  77  67
  L107-359        401.592  2800.403  12.357   0.002 1.37800    5.709024  12.791   0.592   0.765   0.397  36  36  36  35
  L107-365       1778.389  3902.878  11.180   0.001 1.37800    5.709024  11.589   1.103   1.206   0.589  81  68  61  45
  L107-S110      1911.865  2236.687  15.271   0.025 1.37800    5.709024  15.694   1.015   1.128   0.560  55  45  55  44
  L107-S146      1730.547  3181.945  16.001   0.048 1.37800    5.709024  16.440   0.897   1.040   0.509  56  45  55  45
  L107-S160      1992.535  3676.283  15.756   0.039 1.37800    5.709024  16.474   1.095   1.196   0.541  60  47  60  46
  L107-S369      1891.297   382.071  12.265   0.002 1.37800    5.709024  12.733   0.709   0.805   0.399  34  26  34  26
  L107-S411       720.513  1192.367  12.526   0.002 1.37800    5.709024  12.975   0.725   0.809   0.406  39  37  39  35
  L107-S413       157.872  1184.378  15.301   0.029 1.37800    5.709024  15.768   0.756   0.882   0.443  32  30  32  34
  L107-S429       872.500  1608.296  14.150   0.009 1.37800    5.709024  14.605   0.717   0.841   0.425  42  40  42  36
e L107-S436       360.824  1752.213  13.805   0.007 1.37800    5.709024  14.262   0.662   0.802   0.408  32  30  32  34
  L107-S452       872.536  2059.003  15.531   0.033 1.37800    5.709024  15.990   0.695   0.814   0.409  39  39  39  36
e L107-S477       350.821  2672.599  14.263   0.011 1.37800    5.709024  14.690   0.870   0.975   0.469  33  28  33  33
  L107-S524       906.502  3710.104  15.406   0.030 1.37800    5.709024  15.800   0.739   0.896   0.458  40  38  39  32
  L107-S527       755.987  3758.060  14.960   0.020 1.37800    5.709024  15.393   0.677   0.812   0.421  42  39  41  34
  L107-S528      1151.606  3765.651  14.953   0.020 1.37800    5.709024  15.355   1.179   1.338   0.601  43  40  42  35
  L107-S930       504.235  1327.343  13.671   0.006 1.37800    5.709024  14.117   1.174   1.237   0.597  32  27  32  25
  L107-S977       394.674  2429.112  14.384   0.012 1.37800    5.709024  14.815   0.676   0.830   0.418  32  32  32  33
  L107-S1410     1652.981   341.399  15.813   0.043 1.37800    5.709024  16.308   0.617   0.770   0.392  33  25  33  24
  L107-S1416      684.261   478.246  15.523   0.033 1.37800    5.709024  16.075   0.705   0.827   0.407  17  17  17  15
  L107-351       1098.356  1512.475  11.848   0.001 1.18000    8.749450  12.335   0.563   0.707   0.357  88  84  77  67
  L107-359        288.991  2814.200  12.324   0.002 1.18000    8.749450  12.791   0.592   0.765   0.397  36  36  36  35
  L107-S110      1801.149  2250.919  15.243   0.019 1.18000    8.749450  15.694   1.015   1.128   0.560  55  45  55  44
  L107-S146      1619.987  3196.407  15.956   0.036 1.18000    8.749450  16.440   0.897   1.040   0.509  56  45  55  45
  L107-S369      1779.804   396.079  12.245   0.002 1.18000    8.749450  12.733   0.709   0.805   0.399  34  26  34  26
  L107-S374      1401.399   448.039  16.198   0.045 1.18000    8.749450  16.649   1.628   2.512   1.434  34  28  34  26
  L107-S411       607.979  1205.871  12.499   0.002 1.18000    8.749450  12.975   0.725   0.809   0.406  39  37  39  35
  L107-S413        44.139  1197.360  15.300   0.022 1.18000    8.749450  15.768   0.756   0.882   0.443  32  30  32  34
  L107-S429       760.622  1621.974  14.140   0.007 1.18000    8.749450  14.605   0.717   0.841   0.425  42  40  42  36
e L107-S436       247.867  1765.716  13.769   0.005 1.18000    8.749450  14.262   0.662   0.802   0.408  32  30  32  34
  L107-S452       760.747  2072.618  15.520   0.025 1.18000    8.749450  15.990   0.695   0.814   0.409  39  39  39  36
e L107-S477       238.001  2686.366  14.218   0.008 1.18000    8.749450  14.690   0.870   0.975   0.469  33  28  33  33
  L107-S524       794.916  3724.993  15.363   0.022 1.18000    8.749450  15.800   0.739   0.896   0.458  40  38  39  32
  L107-S525        67.260  3724.693  16.075   0.044 1.18000    8.749450  16.523   0.636   0.809   0.422  32  30  32  32
b L107-S527       643.952  3772.983  14.979   0.016 1.18000    8.749450  15.393   0.677   0.812   0.421  42  39  41  34
  L107-S528      1040.542  3780.220  14.924   0.015 1.18000    8.749450  15.355   1.179   1.338   0.601  43  40  42  35
  L107-S930       390.943  1340.704  13.644   0.005 1.18000    8.749450  14.117   1.174   1.237   0.597  32  27  32  25
  L107-S977       282.022  2442.844  14.349   0.009 1.18000    8.749450  14.815   0.676   0.830   0.418  32  32  32  33
  L107-S1410     1540.893   355.176  15.778   0.033 1.18000    8.749450  16.308   0.617   0.770   0.392  33  25  33  24
  L107-S1416      570.881   491.193  15.614   0.028 1.18000    8.749450  16.075   0.705   0.827   0.407  17  17  17  15
  L110-229       1773.596    28.637  13.170   0.004 1.33700    8.968483  13.630   1.932   2.348   1.149 102  90 102  38
  L110-230       1902.463   367.052  13.788   0.007 1.33700    8.968483  14.277   1.083   1.203   0.580  98  87  98  33
  L110-232       1793.768   412.867  12.019   0.002 1.33700    8.968483  12.508   0.732   0.894   0.454 106  96 106  41
  L110-233       1552.852   429.408  12.285   0.002 1.33700    8.968483  12.762   1.302   1.603   0.828 100  90 100  34
  L110-S262       935.502   898.930  15.022   0.022 1.33700    8.968483  15.505   1.918   2.321   1.167  24  11  24   9
  L110-S303      1417.111  1967.123  13.398   0.005 1.33700    8.968483  13.855   0.919   1.018   0.445  25  25  18   9
  L110-S312      1865.787  2336.161  15.002   0.022 1.33700    8.968483  15.411   2.214   2.645   1.246  28  28  23  11
  L110-S316      1566.089  2517.865  14.850   0.019 1.33700    8.968483  15.257   1.514   1.917   0.941  42  42  38  27
  L110-S330      1277.875  2878.120  15.359   0.030 1.33700    8.968483  15.789   1.903   2.375   1.166  40  40  35  27
  L110-S356       686.821  3825.649  14.732   0.017 1.33700    8.968483  15.095   2.594   3.066   1.400  31  31  15   7
  L110-S644       570.947   774.999  15.055   0.024 1.33700    8.968483  15.505   1.556   1.901  86.395  17   6  12   0
  L110-S645       602.087   780.730  15.276   0.029 1.33700    8.968483  15.766   1.404   1.643  85.876  18   6  13   0
  L110-S767       429.335  2419.951  14.700   0.017 1.33700    8.968483  15.088   2.513   2.981  87.892  21  21  11   0
e L111-S112      1906.442  1765.723  13.537   0.007 1.53300    9.177844  13.934   1.381   1.500   0.720   7   7   7   7
e L98-S1169      1343.448   732.173  14.313   0.012 1.20600    0.314650  14.781   0.573   0.714   0.381  11   9   6   5
  L98-S1247      1683.913  2434.897  13.994   0.009 1.20600    0.314650  14.475   0.604   0.771   0.393  22  22  22  19
  L98-S1252      1624.022  2693.928  14.363   0.013 1.20600    0.314650  14.816   0.737   0.893   0.456  24  24  24  21
  L98-S1265      1822.718  3271.018  13.670   0.007 1.20600    0.314650  14.104   2.200   2.455   1.163  25  25  25  22
  L98-S1269      1449.968  3591.150  14.152   0.011 1.20600    0.314650  14.604   1.860   2.100   1.025  26  26  19  17
  L98-S1271      1607.880  3839.899  13.271   0.005 1.20600    0.314650  13.727   0.679   0.789   0.381  27  27  26  22
e L98-S1272      1910.156  3904.053  14.352   0.013 1.20600    0.314650  14.761   0.753   0.854   0.409  30  30  28  22
  L98-S1274      1833.018  4029.008  14.369   0.014 1.20600    0.314650  14.809   0.690   0.894   0.499  28  26  25  19
  L98-S1630      1763.870  1925.904  14.600   0.016 1.20600    0.314650  15.127   0.601   0.763   0.420  18  15  18  13
  L98-S1642      1293.718  2137.964  13.415   0.006 1.20600    0.314650  13.888   0.575   0.682   0.331  23  21  18  13
  L98-S1653       970.343  2305.817  14.767   0.019 1.20600    0.314650  15.236   0.764   0.934   0.472  17  17  17  15
e L98-S1748       109.309  3575.111  13.887   0.008 1.20600    0.314650  14.374   0.648   0.806   0.391  17  17  12  12
  L98-S1761       960.858  3798.693  14.002   0.009 1.20600    0.314650  14.448   0.542   0.683   0.378  22  22  15  13
  L98-S1769      1338.781  3924.435  14.649   0.017 1.20600    0.314650  15.138   0.504   0.621   0.358  27  27  20  17
