#Star             Xc        Yc      Mag      Merr  Airmass UT             V       B-V     V-I      R-I   nV nBV nVI nRI 
  L101-S1        1639.386  3507.373  16.263   0.025 1.74000    5.474119  16.665   0.918   1.148   0.516  67  67  53  53
  L101-S3         718.246  3649.221  15.355   0.012 1.74000    5.474119  15.739   0.954   1.135   0.510  50  50  48  48
  L101-S5        1710.007  3666.488  18.244   0.155 1.74000    5.474119  18.105   1.239   1.485   0.670  63  63  53  53
  L101-S9        1790.537  3978.994  18.615   0.226 1.74000    5.474119  19.411   1.648   2.582   1.472  65  32  64  60
  L101-S10       1557.796  3989.937  17.760   0.096 1.74000    5.474119  18.208   0.954   1.173   0.524  64  64  60  60
  L101-327        703.303   852.730  13.028   0.002 1.74000    5.474119  13.448   1.121   1.293   0.564  51  51  51  54
  L101-326        415.249   805.584  14.505   0.005 1.74000    5.474119  14.942   0.680   0.783   0.360  35  35  35  38
  L101-330        373.477  1512.065  13.305   0.002 1.74000    5.474119  13.730   0.556   0.687   0.331  76  76  76  76
s L101-329        579.480  1413.769  11.578   0.001 1.74000    5.474119  11.993   0.618   0.732   0.343  39  39  29  29
  L101-S131      1236.884    22.695  18.357   0.145 1.74000    5.474119  18.687   0.662   0.789   0.376  22  22  20  20
  L101-S134       221.905   206.153  17.226   0.051 1.74000    5.474119  17.722   0.856   0.990   0.458  22  22  22  25
e L101-S135       238.852   279.914  15.397   0.011 1.74000    5.474119  15.850   0.965   1.159   0.518  23  23  23  26
  L101-S138      1746.395   430.651  17.850   0.088 1.74000    5.474119  18.263   1.504   2.063   1.055  26  26  26  28
  L101-S143        81.953   521.185  17.513   0.065 1.74000    5.474119  17.975   1.137   1.360   0.613  23  23  23  26
  L101-S144      2014.281   544.543  17.417   0.060 1.74000    5.474119  17.991   1.529   2.073   1.063  23  23  23  25
  L101-S149      1803.149   621.949  16.744   0.033 1.74000    5.474119  17.242   0.595   0.775   0.369  26  26  25  25
  L101-S150      1585.879   631.858  18.429   0.149 1.74000    5.474119  19.025   1.144   1.421   0.614  24  24  20  20
  L101-S153      1564.823   748.727  14.433   0.005 1.74000    5.474119  14.866   0.780   0.912   0.415  27  27  27  28
  L101-S156      1073.154   890.606  17.023   0.044 1.74000    5.474119  17.440   0.575   0.725   0.350  23  23  23  27
  L101-S157      1859.056   901.504  18.015   0.104 1.74000    5.474119  18.571   1.324   1.661   0.769  20  20  20  25
  L101-S158      1705.901   916.283  18.134   0.117 1.74000    5.474119  18.676   1.433   1.771   0.810  23  23  23  27
  L101-S161        83.133  1018.951  15.150   0.009 1.74000    5.474119  15.589   0.786   0.923   0.432  24  24  24  28
  L101-S170      1991.173  1210.150  13.691   0.003 1.74000    5.474119  14.108   0.510   0.643   0.303  26  26  25  25
  L101-S171       144.611  1210.007  18.515   0.183 1.74000    5.474119  18.883   1.329   1.669   0.798  22  21  22  24
e L101-S179      1936.320  1342.891  15.646   0.013 1.74000    5.474119  16.102   0.676   0.847   0.390  26  26  26  27
e L101-S181        23.783  1337.729  14.440   0.006 1.74000    5.474119  14.882   0.717   0.811   0.353  42  42  32  32
  L101-S184      1225.013  1404.818  18.016   0.112 1.74000    5.474119  18.577   1.393   1.766   0.800  45  39  45  47
  L101-S185      1680.949  1414.572  16.947   0.042 1.74000    5.474119  17.382   1.407   1.777   0.814  49  49  46  46
  L101-S198      1757.104  1541.567  18.648   0.200 1.74000    5.474119  19.907   1.442   2.013   1.058  31  20  31  44
  L101-S199      1496.345  1553.179  15.763   0.015 1.74000    5.474119  16.199   0.557   0.743   0.364  53  53  51  51
  L101-S210       263.050  1641.281  18.596   0.197 1.74000    5.474119  18.875   1.393   1.791   0.885  40  36  40  47
  L101-S216      1247.562  1767.792  18.425   0.160 1.74000    5.474119  19.373   1.545   2.408   1.371  38  22  38  52
e L101-S217       130.937  1780.112  15.524   0.013 1.74000    5.474119  15.980   1.026   1.283   0.615  44  44  44  50
  L101-S219      1781.726  1864.940  14.274   0.005 1.74000    5.474119  14.656   0.697   0.812   0.390  48  48  48  49
  L101-S220       866.615  1884.786  17.435   0.065 1.74000    5.474119  17.883   1.514   2.011   1.027  46  46  46  49
  L101-S221      1879.206  1941.649  17.795   0.096 1.74000    5.474119  18.367   1.258   1.593   0.738  47  46  47  49
  L101-S222       391.231  1941.739  18.151   0.129 1.74000    5.474119  18.878   1.132   1.388   0.633  44  39  41  41
  L101-S226      1699.722  1982.404  15.777   0.016 1.74000    5.474119  16.187   1.231   1.537   0.708  49  49  49  50
  L101-S227       238.315  1977.766  18.901   0.259 1.74000    5.474119  19.324   1.581   2.183   1.170  39  23  39  46
r L101-S228       366.215  1982.885  17.024   0.046 1.74000    5.474119  17.872   0.821   0.988   0.474  46  46  46  48
  L101-S230       634.329  2042.498  17.498   0.072 1.74000    5.474119  18.015   0.796   0.916   0.434  48  48  47  47
  L101-S231      1125.106  2049.145  14.868   0.008 1.74000    5.474119  15.277   0.832   0.946   0.447  52  52  52  54
  L101-S232      1437.720  2071.389  17.996   0.113 1.74000    5.474119  18.671   1.566   2.075   1.060  51  44  51  53
  L101-S235       262.813  2143.189  15.933   0.018 1.74000    5.474119  16.377   0.662   0.773   0.380  49  49  49  53
b L101-S237       172.439  2184.573  16.105   0.022 1.74000    5.474119  16.536   1.455   2.034   1.081  47  47  47  53
  L101-S238      1619.752  2276.844  17.387   0.065 1.74000    5.474119  17.840   1.245   1.527   0.697  51  51  51  54
  L101-S241      1233.266  2508.773  17.865   0.099 1.74000    5.474119  18.539   0.844   1.059   0.507  46  46  44  44
  L101-S242      1540.079  2580.073  17.897   0.108 1.74000    5.474119  18.428   1.282   1.539   0.680  47  47  47  49
  L101-S244      1750.344  2789.920  18.750   0.228 1.74000    5.474119  19.328   1.629   2.596   1.508  52  30  49  48
  L101-S246      1656.303  3056.667  12.415   0.001 1.74000    5.474119  12.803   0.491   0.606   0.278  65  65  48  48
  L101-S249      1237.737  3187.775  18.610   0.202 1.74000    5.474119  18.778   1.154   1.489   0.693  36  36  36  37
  L101-S250      1985.861  3221.900  17.077   0.050 1.74000    5.474119  17.717   0.539   0.699   0.350  62  61  44  44
  L101-S253      1458.736  3458.257  16.681   0.037 1.74000    5.474119  17.103   0.649   0.787   0.379  53  53  50  50
  L101-S254      1417.729  3462.849  17.087   0.051 1.74000    5.474119  17.676   1.389   1.703   0.784  51  51  48  48
  L101-S283       931.350  2226.802  17.165   0.055 1.74000    5.474119  17.685   1.345   1.640   0.751  49  49  49  52
  L101-S291        63.938  2815.130  14.547   0.006 1.74000    5.474119  14.945   0.584   0.714   0.345  50  50  48  48
  L101-S295       514.926  2931.701  16.779   0.042 1.74000    5.474119  17.157   0.569   0.719   0.354  51  51  44  44
  L101-S302        41.064  3345.909  15.399   0.012 1.74000    5.474119  15.774   0.769   0.881   0.417  54  54  45  45
  L101-S304       571.055  3377.659  17.036   0.053 1.74000    5.474119  17.543   0.503   0.682   0.345  51  51  42  42
  L101-S407       422.544  2431.823  18.259   0.148 1.74000    5.474119  18.738   1.640   2.638   1.539  39  35  39  47
  L101-S456      1851.720     2.122   0.000   0.000 1.74000    5.474119  15.008   0.663   0.800   0.368  23  23  23  26
  L101-S485      1096.910  3303.026  14.121   0.004 1.74000    5.474119  14.514   0.697   0.799   0.378  57  57  42  42
  L101-S486      1028.848  3399.146  17.834   0.108 1.74000    5.474119  18.705   1.291   1.557   0.686  56  50  43  43
  L101-S489       201.282  3546.026  18.100   0.148 1.74000    5.474119  18.468   1.179   1.363   0.593  52  52  48  48
  L101-S493       641.288  3886.354  18.516   0.201 1.74000    5.474119  18.742   1.518   2.012   1.029  49  39  48  48
  L101-S695      1450.440   232.205  19.095   0.275 1.74000    5.474119  19.590   0.978   1.249   0.563  15  11   5   5
  L101-S723       995.972  1862.571  19.602   0.508 1.74000    5.474119  20.160   0.936   1.126   0.522  16  13   7   7
  L101-S741       759.848  2579.312  18.701   0.228 1.74000    5.474119  19.218   0.529   0.733   0.355  16  15   5   5
  L101-S767       216.209  4025.941  18.989   0.345 1.74000    5.474119  19.732   0.430   0.643   0.341  15  12   5   5
  L104-325        592.711  3338.033  15.272   0.011 1.70100    1.806195  15.645   0.631   0.722   0.363  97  75  93  49
  L104-330        792.496  3852.013  14.925   0.009 1.70100    1.806195  15.305   0.622   0.758   0.386 112  87 105  61
  L104-S11        770.289  2038.522  14.517   0.006 1.70100    1.806195  14.930   0.755   0.877   0.421  69  59  69  47
  L104-S13        852.958  2693.453  14.564   0.006 1.70100    1.806195  14.950   0.915   0.999   0.477  74  59  74  46
  L104-S14       1009.411  2750.587  15.978   0.018 1.70100    1.806195  16.344   0.631   0.798   0.408  75  60  75  47
r L104-S15        605.643  2761.946  15.448   0.013 1.70100    1.806195  16.021   0.776   0.906   0.443  75  60  75  47
  L104-S17       1445.443  2946.190  14.851   0.008 1.70100    1.806195  15.225   0.521   0.638   0.333  64  49  64  36
  L104-S37        630.836  3858.275  14.131   0.005 1.70100    1.806195  14.507   0.593   0.686   0.346  99  74  91  48
  L104-S41       1533.331  3989.948  14.803   0.008 1.70100    1.806195  15.167   0.858   0.915   0.423 104  79  97  53
  L104-S124      1496.505  2084.276  16.071   0.021 1.70100    1.806195  16.462   1.127   1.273   0.552  73  62  73  50
  L104-S338      1635.993  3292.151  16.351   0.026 1.70100    1.806195  16.756   0.623   0.817   0.422  94  73  89  48
  L104-S344      1898.965  3696.651  14.626   0.007 1.70100    1.806195  14.998   0.699   0.794   0.394  99  78  96  51
  L104-S392      1281.344   317.050  16.617   0.029 1.70100    1.806195  17.038   1.003   1.114   0.539  27  24  26  12
  L104-S393      1909.714   325.704  16.083   0.018 1.70100    1.806195  16.544   0.673   0.823   0.395  29  27  29  16
  L104-S397      1040.036   430.252  15.238   0.010 1.70100    1.806195  15.660   0.655   0.761   0.366  36  30  35  20
  L104-S399      1751.793   483.795  14.534   0.005 1.70100    1.806195  14.947   1.175   1.432   0.647  43  38  43  27
  L104-S409       235.522   707.355  16.006   0.018 1.70100    1.806195  16.382   0.648   0.761   0.369  45  40  45  27
  L104-S411        68.862   764.098  14.916   0.008 1.70100    1.806195  15.338   0.680   0.753   0.353  43  35  43  22
  L104-S412        97.446   806.941  12.182   0.001 1.70100    1.806195  12.597   0.591   0.670   0.324  45  41  45  29
  L104-S417       497.252   876.627  16.384   0.026 1.70100    1.806195  16.825   0.733   0.900   0.447  45  40  45  29
  L104-S418      1383.847   902.657  13.340   0.002 1.70100    1.806195  13.754   0.542   0.655   0.320  45  40  45  28
  L104-S424       576.787  1006.546  16.382   0.025 1.70100    1.806195  16.809   0.951   1.200   0.550  45  39  45  27
  L104-S432       579.692  1229.710  14.905   0.008 1.70100    1.806195  15.321   1.090   1.385   0.627  66  55  66  46
  L104-S446      1080.932  1678.241  14.682   0.007 1.70100    1.806195  15.094   0.573   0.686   0.343  67  56  67  45
  L104-S454       840.362  2009.225  15.177   0.010 1.70100    1.806195  15.587   0.678   0.817   0.405  69  59  69  47
  L104-325        439.012  3343.462  15.150   0.010 1.15200    5.244939  15.645   0.631   0.722   0.363  97  75  93  49
  L104-330        639.334  3857.943  14.867   0.008 1.15200    5.244939  15.305   0.622   0.758   0.386 112  87 105  61
  L104-S11        616.191  2043.428  14.442   0.005 1.15200    5.244939  14.930   0.755   0.877   0.421  69  59  69  47
  L104-S13        699.042  2698.573  14.470   0.006 1.15200    5.244939  14.950   0.915   0.999   0.477  74  59  74  46
  L104-S14        855.960  2755.784  15.873   0.018 1.15200    5.244939  16.344   0.631   0.798   0.408  75  60  75  47
  L104-S15        451.744  2766.925  15.547   0.014 1.15200    5.244939  16.021   0.776   0.906   0.443  75  60  75  47
  L104-S17       1292.496  2951.669  14.764   0.007 1.15200    5.244939  15.225   0.521   0.638   0.333  64  49  64  36
  L104-S27       1921.961  3407.102  13.667   0.003 1.15200    5.244939  14.119   0.555   0.643   0.325  97  74  91  48
  L104-S37        477.314  3864.076  14.054   0.004 1.15200    5.244939  14.507   0.593   0.686   0.346  99  74  91  48
  L104-S40        888.991  3962.593  16.860   0.046 1.15200    5.244939  17.402   0.900   1.001   0.498  96  73  91  50
  L104-S41       1380.929  3995.894  14.720   0.007 1.15200    5.244939  15.167   0.858   0.915   0.423 104  79  97  53
  L104-S110       114.344  1055.141  16.978   0.043 1.15200    5.244939  17.424   1.457   2.144   1.159  49  43  49  35
  L104-S124      1342.969  2089.521  16.011   0.019 1.15200    5.244939  16.462   1.127   1.273   0.552  73  62  73  50
  L104-S327      1565.776  2116.580  16.838   0.040 1.15200    5.244939  17.361   0.891   1.061   0.491  70  58  70  48
  L104-S338      1483.341  3298.052  16.279   0.025 1.15200    5.244939  16.756   0.623   0.817   0.422  94  73  89  48
  L104-S344      1746.542  3702.751  14.555   0.006 1.15200    5.244939  14.998   0.699   0.794   0.394  99  78  96  51
  L104-S392      1126.769   321.985  16.456   0.026 1.15200    5.244939  17.038   1.003   1.114   0.539  27  24  26  12
  L104-S393      1755.003   330.920  15.993   0.017 1.15200    5.244939  16.544   0.673   0.823   0.395  29  27  29  16
  L104-S395      1491.359   382.647  17.191   0.049 1.15200    5.244939  17.771   0.869   1.053   0.470  32  30  32  17
  L104-S397       885.274   434.931  15.139   0.009 1.15200    5.244939  15.660   0.655   0.761   0.366  36  30  35  20
  L104-S399      1597.165   488.903  14.472   0.005 1.15200    5.244939  14.947   1.175   1.432   0.647  43  38  43  27
  L104-S405      1506.850   605.509  16.521   0.027 1.15200    5.244939  16.996   1.416   1.791   0.851  46  41  46  29
  L104-S409        80.554   711.244  15.862   0.016 1.15200    5.244939  16.382   0.648   0.761   0.369  45  40  45  27
  L104-S417       342.370   880.946  16.347   0.024 1.15200    5.244939  16.825   0.733   0.900   0.447  45  40  45  29
  L104-S418      1229.461   907.467  13.262   0.002 1.15200    5.244939  13.754   0.542   0.655   0.320  45  40  45  28
  L104-S424       421.928  1010.896  16.252   0.023 1.15200    5.244939  16.809   0.951   1.200   0.550  45  39  45  27
  L104-S425      1800.768  1033.586  17.073   0.044 1.15200    5.244939  17.492   1.365   1.858   0.934  49  43  49  33
  L104-S426      1363.813  1064.389  17.141   0.049 1.15200    5.244939  17.591   0.803   1.016   0.481  48  42  48  30
  L104-S432       424.946  1234.185  14.820   0.007 1.15200    5.244939  15.321   1.090   1.385   0.627  66  55  66  46
  L104-S446       926.944  1683.212  14.608   0.006 1.15200    5.244939  15.094   0.573   0.686   0.343  67  56  67  45
  L104-S454       686.406  2014.280  15.117   0.009 1.15200    5.244939  15.587   0.678   0.817   0.405  69  59  69  47
  L104-S456       796.785  2066.489  16.899   0.043 1.15200    5.244939  17.486   0.614   0.744   0.372  69  59  69  48
  L104-S464      1040.223  2232.132  16.872   0.041 1.15200    5.244939  17.377   1.282   1.557   0.721  65  55  65  45
  L107-456       1879.302  1351.243  12.470   0.001 1.37800    5.709024  12.908   0.921   1.010   0.475 103  79  92  75
  L107-457       1773.702  1578.946  14.459   0.005 1.37800    5.709024  14.900   0.828   0.934   0.458  85  66  77  64
  L107-458        836.859  1766.357  11.245   0.001 1.37800    5.709024  11.665   1.216   1.263   0.589  80  64  75  62
  L107-459       1256.108  1802.979  11.846   0.001 1.37800    5.709024  12.281   0.917   1.035   0.503  85  64  77  64
  L107-465        610.748  3405.621  11.231   0.001 1.37800    5.709024  11.636   0.545   0.700   0.369  83  68  66  50
  L107-S63       2021.747   970.718  16.809   0.032 1.37800    5.709024  17.320   0.728   0.846   0.419  76  56  66  57
b L107-S69        142.980  1077.757  17.278   0.048 1.37800    5.709024  17.723   0.483   0.677   0.370  61  51  61  51
  L107-S71        625.459  1139.826  17.190   0.042 1.37800    5.709024  17.668   0.591   0.789   0.413  78  63  72  64
  L107-S72       1802.868  1188.507  14.924   0.007 1.37800    5.709024  15.375   0.658   0.791   0.398  81  62  72  65
  L107-S82       2021.228  1462.571  15.782   0.013 1.37800    5.709024  16.218   0.953   1.125   0.544  84  65  77  64
  L107-S83        209.063  1450.433  17.009   0.037 1.37800    5.709024  17.410   1.593   2.249   1.216  64  54  64  52
  L107-S89       2029.350  1555.780  15.843   0.014 1.37800    5.709024  16.265   0.654   0.805   0.407  84  65  77  64
  L107-S90         41.789  1566.797  17.322   0.050 1.37800    5.709024  17.874   1.129   1.361   0.623  61  50  61  50
  L107-S92        611.726  1592.036  16.572   0.025 1.37800    5.709024  17.129   0.847   1.036   0.516  80  65  75  63
  L107-S97        498.915  1829.934  15.675   0.012 1.37800    5.709024  16.152   0.673   0.811   0.412  66  49  66  46
b L107-S100       150.773  1933.123  17.136   0.044 1.37800    5.709024  17.536   0.731   0.861   0.434  62  52  62  51
  L107-S101       420.879  1960.760  16.660   0.028 1.37800    5.709024  17.183   1.332   1.407   0.678  65  53  65  52
  L107-S102      1884.139  1990.891  15.084   0.008 1.37800    5.709024  15.531   0.944   1.078   0.500  82  62  77  67
  L107-S112      1983.181  2291.977  15.930   0.016 1.37800    5.709024  16.397   0.916   1.165   0.575  85  61  80  62
  L107-S113       385.049  2293.588  17.145   0.045 1.37800    5.709024  17.596   0.615   0.804   0.416  61  48  61  48
  L107-S116      1914.480  2416.458  16.394   0.023 1.37800    5.709024  16.865   0.756   0.957   0.479  88  66  83  65
  L107-S118      1403.689  2479.694  15.989   0.016 1.37800    5.709024  16.399   0.987   1.172   0.575  84  65  72  65
  L107-S127      1739.721  2656.854  16.317   0.021 1.37800    5.709024  16.754   0.814   0.931   0.457  86  58  79  60
  L107-S132      1226.527  2774.196  16.315   0.021 1.37800    5.709024  16.776   1.223   1.361   0.661  87  64  71  62
  L107-S135       946.214  2826.083  16.985   0.037 1.37800    5.709024  17.499   1.228   1.460   0.662  77  63  70  59
  L107-S138      1349.055  2941.723  17.253   0.048 1.37800    5.709024  17.834   0.823   0.977   0.478  89  65  75  65
  L107-S143        35.822  3138.035  16.763   0.034 1.37800    5.709024  17.133   1.522   2.204   1.204  57  48  57  50
  L107-S144       466.669  3156.240  11.869   0.001 1.37800    5.709024  12.308   0.580   0.691   0.348  61  47  61  45
  L107-S169       471.915  3728.532  16.976   0.042 1.37800    5.709024  17.468   0.557   0.766   0.410  65  49  65  46
  L107-S174      1803.082  3807.183  16.537   0.027 1.37800    5.709024  17.064   0.844   0.958   0.468  93  63  82  64
  L107-S178      1914.801  3860.206  17.028   0.041 1.37800    5.709024  17.400   0.984   1.113   0.519  82  55  77  54
  L107-S360      1352.359    55.150  17.327   0.044 1.37800    5.709024  17.788   1.118   1.123   0.542  34  23  34  24
  L107-S367       832.309   216.401  16.922   0.030 1.37800    5.709024  17.477   0.802   0.963   0.481  32  24  32  24
  L107-S371      1136.946   425.375  16.410   0.021 1.37800    5.709024  16.885   0.799   0.955   0.464  42  32  42  30
  L107-S375      1276.054   469.740  17.329   0.045 1.37800    5.709024  17.840   0.715   0.874   0.434  41  32  41  30
  L107-S379       798.667   486.366  14.427   0.004 1.37800    5.709024  14.897   0.663   0.837   0.419  41  34  41  30
  L107-S380      1904.009   505.286  15.971   0.014 1.37800    5.709024  16.479   0.861   0.997   0.460  40  33  40  29
  L107-S388      1467.741   626.040  13.664   0.003 1.37800    5.709024  14.125   1.304   1.573   0.687  41  34  41  31
  L107-S391       134.262   650.852  15.030   0.007 1.37800    5.709024  15.485   0.905   0.994   0.463  39  35  39  33
  L107-S400       229.340   823.494  15.012   0.007 1.37800    5.709024  15.473   0.636   0.777   0.374  58  50  58  47
  L107-S407      1557.906  1189.139  16.439   0.022 1.37800    5.709024  16.926   0.607   0.774   0.407  81  62  72  65
  L107-S408       426.756  1180.539  13.327   0.002 1.37800    5.709024  13.778   0.769   0.824   0.400  61  50  61  52
  L107-S420        76.741  1352.192  15.003   0.007 1.37800    5.709024  15.463   0.917   0.954   0.441  60  44  60  43
  L107-S445       438.625  1910.268  14.564   0.005 1.37800    5.709024  15.000   0.770   0.846   0.412  65  49  65  48
  L107-S511       510.551  3421.501  13.200   0.002 1.37800    5.709024  13.626   0.851   0.945   0.452  68  54  68  51
  L107-S515      1946.736  3500.144  15.146   0.008 1.37800    5.709024  15.595   1.030   1.110   0.498  97  66  85  66
  L107-S519      1323.451  3598.046  16.442   0.024 1.37800    5.709024  16.879   0.640   0.796   0.404  89  66  75  66
  L107-S526      1058.870  3738.455  16.645   0.029 1.37800    5.709024  17.046   0.738   0.867   0.435  91  66  77  64
  L107-S529      1052.809  3807.106  15.977   0.017 1.37800    5.709024  16.358   1.513   1.896   0.916  91  66  77  64
  L107-S536      1253.849  3955.554  13.223   0.002 1.37800    5.709024  13.640   0.806   0.930   0.440  74  55  68  53
  L107-S799       756.721  1018.062  14.260   0.004 1.37800    5.709024  14.715   0.630   0.742   0.368  77  60  70  61
  L107-S816      1318.289  1533.788  17.023   0.036 1.37800    5.709024  20.173   0.665   0.863   0.441  35  32  17  17
  L107-456       1769.176  1367.051  12.440   0.001 1.18000    8.749450  12.908   0.921   1.010   0.475 103  79  92  75
  L107-457       1663.689  1594.494  14.426   0.005 1.18000    8.749450  14.900   0.828   0.934   0.458  85  66  77  64
  L107-459       1146.074  1818.181  11.821   0.001 1.18000    8.749450  12.281   0.917   1.035   0.503  85  64  77  64
  L107-S63       1911.533   986.735  16.778   0.028 1.18000    8.749450  17.320   0.728   0.846   0.419  76  56  66  57
  L107-S69         31.845  1092.259  16.977   0.036 1.18000    8.749450  17.723   0.483   0.677   0.370  61  51  61  51
  L107-S71        514.829  1154.810  17.106   0.038 1.18000    8.749450  17.668   0.591   0.789   0.413  78  63  72  64
  L107-S72       1692.700  1204.214  14.885   0.006 1.18000    8.749450  15.375   0.658   0.791   0.398  81  62  72  65
  L107-S82       1911.223  1478.333  15.742   0.012 1.18000    8.749450  16.218   0.953   1.125   0.544  84  65  77  64
  L107-S83         98.053  1464.980  16.907   0.034 1.18000    8.749450  17.410   1.593   2.249   1.216  64  54  64  52
  L107-S89       1919.429  1571.584  15.772   0.013 1.18000    8.749450  16.265   0.654   0.805   0.407  84  65  77  64
  L107-S92        501.419  1606.993  16.618   0.027 1.18000    8.749450  17.129   0.847   1.036   0.516  80  65  75  63
  L107-S96       1979.858  1809.921  16.708   0.028 1.18000    8.749450  17.255   0.860   0.984   0.475  85  67  78  65
  L107-S97        388.351  1844.818  15.687   0.012 1.18000    8.749450  16.152   0.673   0.811   0.412  66  49  66  46
  L107-S100        40.078  1947.904  17.019   0.037 1.18000    8.749450  17.536   0.731   0.861   0.434  62  52  62  51
  L107-S101       310.406  1975.542  16.666   0.028 1.18000    8.749450  17.183   1.332   1.407   0.678  65  53  65  52
  L107-S102      1774.378  2006.482  15.066   0.008 1.18000    8.749450  15.531   0.944   1.078   0.500  82  62  77  67
  L107-S112      1873.579  2307.620  15.897   0.015 1.18000    8.749450  16.397   0.916   1.165   0.575  85  61  80  62
  L107-S113       274.679  2308.276  16.887   0.035 1.18000    8.749450  17.596   0.615   0.804   0.416  61  48  61  48
  L107-S118      1293.913  2495.086  15.914   0.015 1.18000    8.749450  16.399   0.987   1.172   0.575  84  65  72  65
c L107-S121      1954.735  2560.145  14.964   0.007 1.18000    8.749450  15.403   1.372   1.637   0.735  80  59  78  59
  L107-S126       181.767  2628.068  17.143   0.048 1.18000    8.749450  17.671   1.478   1.928   0.978  48  39  48  43
  L107-S127      1629.894  2672.331  16.215   0.019 1.18000    8.749450  16.754   0.814   0.931   0.457  86  58  79  60
  L107-S132      1117.006  2789.391  16.277   0.020 1.18000    8.749450  16.776   1.223   1.361   0.661  87  64  71  62
  L107-S135       836.464  2841.242  16.939   0.036 1.18000    8.749450  17.499   1.228   1.460   0.662  77  63  70  59
  L107-S138      1239.787  2957.055  17.316   0.049 1.18000    8.749450  17.834   0.823   0.977   0.478  89  65  75  65
  L107-S144       356.692  3171.141  11.844   0.001 1.18000    8.749450  12.308   0.580   0.691   0.348  61  47  61  45
  L107-S169       362.156  3743.700  16.967   0.043 1.18000    8.749450  17.468   0.557   0.766   0.410  65  49  65  46
  L107-S174      1694.052  3822.983  16.601   0.028 1.18000    8.749450  17.064   0.844   0.958   0.468  93  63  82  64
  L107-S178      1805.359  3876.002  16.949   0.038 1.18000    8.749450  17.400   0.984   1.113   0.519  82  55  77  54
  L107-S360      1241.350    70.615  17.145   0.037 1.18000    8.749450  17.788   1.118   1.123   0.542  34  23  34  24
  L107-S367       721.145   231.268  16.911   0.031 1.18000    8.749450  17.477   0.802   0.963   0.481  32  24  32  24
  L107-S371      1026.118   440.730  16.407   0.021 1.18000    8.749450  16.885   0.799   0.955   0.464  42  32  42  30
  L107-S375      1165.248   485.103  17.257   0.042 1.18000    8.749450  17.840   0.715   0.874   0.434  41  32  41  30
  L107-S379       687.780   501.410  14.432   0.004 1.18000    8.749450  14.897   0.663   0.837   0.419  41  34  41  30
  L107-S380      1793.612   520.951  15.962   0.014 1.18000    8.749450  16.479   0.861   0.997   0.460  40  33  40  29
  L107-S386      1928.348   625.924  17.004   0.035 1.18000    8.749450  17.541   0.821   1.034   0.518  42  33  42  31
  L107-S388      1356.909   641.661  13.638   0.003 1.18000    8.749450  14.125   1.304   1.573   0.687  41  34  41  31
  L107-S391        23.009   665.269  15.030   0.007 1.18000    8.749450  15.485   0.905   0.994   0.463  39  35  39  33
  L107-S400       118.215   838.108  14.977   0.007 1.18000    8.749450  15.473   0.636   0.777   0.374  58  50  58  47
  L107-S407      1447.447  1204.804  16.471   0.023 1.18000    8.749450  16.926   0.607   0.774   0.407  81  62  72  65
  L107-S408       315.902  1195.154  13.302   0.002 1.18000    8.749450  13.778   0.769   0.824   0.400  61  50  61  52
  L107-S445       328.134  1925.088  14.538   0.005 1.18000    8.749450  15.000   0.770   0.846   0.412  65  49  65  48
  L107-S511       400.659  3436.385  13.171   0.002 1.18000    8.749450  13.626   0.851   0.945   0.452  68  54  68  51
  L107-S515      1837.303  3515.991  15.147   0.008 1.18000    8.749450  15.595   1.030   1.110   0.498  97  66  85  66
  L107-S519      1214.301  3613.621  16.447   0.024 1.18000    8.749450  16.879   0.640   0.796   0.404  89  66  75  66
  L107-S520      1951.947  3625.500  14.020   0.004 1.18000    8.749450  14.458   1.106   1.280   0.592  94  67  86  66
  L107-S526       949.674  3753.939  16.576   0.028 1.18000    8.749450  17.046   0.738   0.867   0.435  91  66  77  64
  L107-S529       943.608  3822.578  15.917   0.016 1.18000    8.749450  16.358   1.513   1.896   0.916  91  66  77  64
  L107-S536      1144.695  3971.019  13.201   0.002 1.18000    8.749450  13.640   0.806   0.930   0.440  74  55  68  53
  L107-S799       646.051  1033.123  14.235   0.004 1.18000    8.749450  14.715   0.630   0.742   0.368  77  60  70  61
  L110-246        399.404  3702.704  12.274   0.001 1.33700    8.968483  12.711   0.597   0.798   0.407  57  57  47  36
  L110-339       1156.601  2353.979  13.162   0.002 1.33700    8.968483  13.592   0.993   1.073   0.483  22  22  22  13
  L110-346       1495.739  3958.028  14.357   0.006 1.33700    8.968483  14.798   1.086   1.200   0.557  75  69  51  36
  L110-S48         81.196   952.135  15.731   0.015 1.33700    8.968483  16.104   2.711   3.254   1.501  47  30  47  20
  L110-S251       912.245   131.497  15.274   0.010 1.33700    8.968483  15.711   1.858   2.350   1.161  17   8  17   6
  L110-S253       687.843   302.060  15.412   0.011 1.33700    8.968483  15.877   1.748   2.205   1.093  22   9  22   8
  L110-S257      1716.624   724.970  15.753   0.014 1.33700    8.968483  16.229   1.865   2.241   1.148  17  12  17   9
  L110-S260      1294.052   782.052  16.532   0.028 1.33700    8.968483  16.905   2.939   3.322   1.527  19  14  18  13
  L110-S271       896.961  1149.603  13.033   0.002 1.33700    8.968483  13.491   0.903   0.949   0.469  32  18  32  16
  L110-S277      1887.929  1262.151  15.667   0.014 1.33700    8.968483  16.074   2.458   2.797   1.336  25  16  24  15
  L110-S283      1125.785  1366.644  16.415   0.027 1.33700    8.968483  16.822   1.930   2.256   1.111  24  13  24  15
  L110-S288      1851.264  1614.583  16.015   0.019 1.33700    8.968483  16.477   1.758   2.128   1.116  25  18  24  16
  L110-S292       686.925  1725.091  16.476   0.029 1.33700    8.968483  16.873   2.962   3.324   1.527  33  16  29  16
  L110-S294       378.619  1785.047  15.646   0.014 1.33700    8.968483  16.064   1.818   2.180   1.104  32  18  29  16
  L110-S301        47.195  1927.802  16.174   0.024 1.33700    8.968483  16.599   2.206   2.649   1.272  33  21  29  15
  L110-S308       935.386  2113.171  16.258   0.025 1.33700    8.968483  16.652   1.716   2.096   1.060  35  35  31  16
  L110-S310      1449.190  2195.126  15.505   0.013 1.33700    8.968483  15.899   2.844   3.219   1.462  28  28  25  15
  L110-S311      1403.085  2275.092  15.856   0.019 1.33700    8.968483  16.229   1.831   2.284   1.180  23  23  23  12
  L110-S319       178.003  2623.857  16.193   0.025 1.33700    8.968483  16.622   1.578   2.336   1.293  40  40  36  26
  L110-S321      1624.829  2682.167  15.667   0.015 1.33700    8.968483  16.023   2.626   3.156   1.458  42  42  36  29
  L110-S323       259.465  2765.196  12.708   0.002 1.33700    8.968483  13.123   1.029   1.289   0.661  46  46  42  32
  L110-S326      1316.050  2818.250  14.379   0.005 1.33700    8.968483  14.752   1.559   1.957   1.000  41  41  40  32
  L110-S334       572.830  3135.194  15.466   0.014 1.33700    8.968483  15.804   2.699   3.021   1.394  52  52  43  32
  L110-S338       709.388  3194.335  16.306   0.027 1.33700    8.968483  16.663   2.962   3.391   1.527  50  50  43  32
  L110-S348      1283.203  3595.884  14.233   0.005 1.33700    8.968483  14.606   3.078   3.670   1.648  57  57  46  33
  L110-S361        93.655  3999.774  16.164   0.028 1.33700    8.968483  16.536   1.820   2.215   1.092  74  65  49  36
  L110-S636       566.097   645.573  15.988   0.018 1.33700    8.968483  16.398   1.918   2.394   1.152  27  13  27  13
  L110-S737       502.402  1844.840  14.000   0.004 1.33700    8.968483  14.440   1.149   1.284   0.615  34  18  29  16
  L110-S741      1392.071  1890.789  16.032   0.020 1.33700    8.968483  16.432   1.761   2.111   1.097  27  18  25  16
  L111-S76        245.100  1671.022  14.219   0.005 1.53300    9.177844  14.666   0.849   1.037  86.370  12  10  11   0
c L111-S77        379.754  1666.628  15.030   0.009 1.53300    9.177844  15.578   1.347   1.549   0.761  17  11  15  11
  L111-S83        860.792   753.611  14.641   0.006 1.53300    9.177844  15.057   0.968   1.124   0.547  11  11  11   7
  L111-S86        551.440   923.208  13.624   0.003 1.53300    9.177844  14.039   1.273   1.426   0.705  11  11  10   8
  L111-S93       1033.391  1199.200  15.087   0.009 1.53300    9.177844  15.521   1.263   1.455   0.731  13  12  13  10
c L111-S95        703.269  1226.754  13.466   0.003 1.53300    9.177844  13.889   0.957   1.062   0.527  17  16  16  12
c L111-S96        622.693  1315.272  15.265   0.010 1.53300    9.177844  15.780   1.375   1.506   0.766  18  11  16  11
b L111-S97        165.330  1314.388  13.423   0.003 1.53300    9.177844  13.823   0.873   1.097  87.273   9   7   9   0
  L111-S98       1084.039  1346.105  12.504   0.002 1.53300    9.177844  12.898   1.947   2.489   1.303  11  11   9   8
  L111-S99        950.924  1376.094  13.869   0.004 1.53300    9.177844  14.285   1.395   1.567   0.765  13  13  13  10
  L111-S101       848.600  1399.742  14.635   0.006 1.53300    9.177844  15.072   0.674   0.767   0.402  13  13  13  10
  L111-S102       654.192  1419.723  13.649   0.003 1.53300    9.177844  14.065   1.279   1.433   0.718  18  16  17  12
  L111-S103       988.478  1423.646  12.766   0.002 1.53300    9.177844  13.184   0.828   0.974   0.479  13  13  13  10
  L111-S105       366.212  1445.050  15.551   0.013 1.53300    9.177844  15.971   1.060   1.264   0.642  15   9  15  11
  L111-S106       448.987  1481.127  15.115   0.010 1.53300    9.177844  15.559   0.884   1.045   0.512  18  11  16  11
  L111-S107      1092.057  1539.663  14.264   0.005 1.53300    9.177844  14.690   0.965   1.102   0.551  11  11  11   8
  L111-S109      1056.203  1555.959  12.592   0.002 1.53300    9.177844  13.001   1.367   1.491   0.725  13  13  13  10
  L111-S110       894.999  1611.507  15.260   0.011 1.53300    9.177844  15.675   1.035   1.168   0.592  13  12  13   9
  L111-S111       674.895  1706.478  15.633   0.014 1.53300    9.177844  16.020   1.436   1.558   0.763  17  10  17  11
  L111-S113       418.006  1794.754  15.261   0.010 1.53300    9.177844  15.699   0.966   1.119   0.558  16  11  15  11
  L111-S114       874.502  1815.959  14.918   0.008 1.53300    9.177844  15.320   1.488   1.572   0.757  13  12  13   9
  L111-S117       597.161  1880.072  11.556   0.001 1.53300    9.177844  11.944   1.678   1.800   0.881  17  16  15  11
  L111-S118       689.134  1882.614  15.355   0.011 1.53300    9.177844  15.754   0.682   0.873   0.464  17  13  15  10
  L111-S119       919.695  2005.213  14.162   0.004 1.53300    9.177844  14.571   1.041   1.160  86.588  11  11  11   0
e L111-S121       780.294  2062.465  14.975   0.008 1.53300    9.177844  15.481   0.797   0.963   0.502  12  11  11   7
  L111-S124       899.681  2203.154  13.435   0.003 1.53300    9.177844  13.809   1.574   1.620   0.764  11  11  11   8
  L111-S125        97.748  2208.095  13.813   0.004 1.53300    9.177844  14.186   1.464   1.549   0.746   7   7   7   7
  L111-S126        66.866  2223.321  14.701   0.008 1.53300    9.177844  15.088   0.905   1.077  85.988   7   7   7   0
  L111-S180      1442.425   156.108  16.138   0.021 1.53300    9.177844  16.609   1.035   1.188  84.578   6   6   6   0
  L111-S185      1292.607   297.055  12.526   0.002 1.53300    9.177844  12.966   1.488   1.574  88.607   6   6   6   0
  L111-S188      1952.021   469.019  13.978   0.004 1.53300    9.177844  14.388   1.983   2.356  87.967   6   6   6   0
  L111-S190       887.012   490.398  15.668   0.014 1.53300    9.177844  16.079   1.225   1.395  85.315   7   6   7   0
  L111-S192       543.163   531.839  15.338   0.011 1.53300    9.177844  15.743   1.024   1.173  85.429   5   5   5   0
  L111-S212      1614.124  1490.302  13.935   0.004 1.53300    9.177844  14.358   0.961   1.150  86.791   6   6   6   0
  L111-S214      1702.115  1542.938  12.916   0.002 1.53300    9.177844  13.331   0.923   1.055  87.723   6   6   6   0
  L111-S217      1731.107  1621.101  15.954   0.019 1.53300    9.177844  16.379   0.927   1.099  84.719   6   6   6   0
  L111-S224      1890.018  1872.357  16.291   0.025 1.53300    9.177844  16.739   1.079   1.168  84.428   6   6   6   0
  L111-S227      1577.353  1923.972  14.617   0.007 1.53300    9.177844  15.020   0.969   1.095  86.074   6   6   6   0
  L111-S234      1413.304  2019.436  15.053   0.009 1.53300    9.177844  15.490   0.898   1.065  85.574   6   6   6   0
  L111-S237      1400.791  2097.055  14.006   0.004 1.53300    9.177844  14.397   1.443   1.545  87.147   6   6   6   0
  L111-S239      1605.824  2142.090  14.143   0.005 1.53300    9.177844  14.537   1.416   1.539  87.001   6   6   6   0
  L111-S240      2029.647  2177.980  13.104   0.002 1.53300    9.177844  13.487   1.652   1.792  88.304   6   6   6   0
  L111-S241      1930.971  2179.469  16.019   0.021 1.53300    9.177844  16.426   1.396   1.515  85.088   6   6   6   0
  L111-S243      1607.894  2389.051  13.503   0.003 1.53300    9.177844  13.904   1.025   1.165  87.260   6   6   6   0
  L111-S248      1923.512  2448.485  14.685   0.007 1.53300    9.177844  15.097   1.602   1.696  86.598   6   6   6   0
  L111-S254      1464.373  2714.883  15.366   0.012 1.53300    9.177844  15.756   1.096   1.232  85.475   6   6   6   0
  L111-S276      1618.952  3636.895  14.862   0.008 1.53300    9.177844  15.268   0.991   1.131  85.862   6   6   6   0
  L111-S277      1722.725  3649.231  12.418   0.001 1.53300    9.177844  12.813   0.706   0.808  87.994   6   6   6   0
  L111-S283      1762.896  3766.902  14.046   0.004 1.53300    9.177844  14.416   1.690   1.842  87.425   6   6   6   0
  L111-S293      2029.116  3991.097  14.242   0.005 1.53300    9.177844  14.612   1.482   1.577  86.964   6   6   6   0
  L111-S294      1286.000  3993.250  15.619   0.016 1.53300    9.177844  16.000   1.339   1.502  85.501   6   6   6   0
  L98-S1         1927.474  3614.002  15.825   0.017 1.20600    0.314650  16.248   1.259   1.576   0.804 129 129 115  76
  L98-S23        2017.876  3767.120  15.428   0.013 1.20600    0.314650  15.897   0.842   0.987   0.485 129 125 116  70
  L98-S32        1942.350  3843.707  14.102   0.004 1.20600    0.314650  14.540   0.623   0.768   0.392 138 137 118  72
  L98-S44        1910.750  3932.024  16.415   0.030 1.20600    0.314650  16.904   0.993   1.138   0.525 128 128 114  72
  L98-S869       1936.890  3538.024  14.790   0.007 1.20600    0.314650  15.218   0.789   0.958   0.480 139 135 117  78
  L98-S870       1735.959  3539.828  15.543   0.013 1.20600    0.314650  15.995   1.021   1.212   0.608 136 129 115  77
  L98-S896       1660.668  3670.162  15.894   0.018 1.20600    0.314650  16.331   0.938   1.132   0.571 122 113 101  72
c L98-S905       1478.657  3796.857  14.674   0.007 1.20600    0.314650  15.117   0.726   0.864   0.431 115 111  98  63
  L98-S907       1821.647  3813.413  16.234   0.025 1.20600    0.314650  16.666   0.733   0.933   0.506 128 123 105  67
  L98-S909       1529.138  3818.210  14.554   0.006 1.20600    0.314650  14.969   1.127   1.370   0.697 126 121 109  72
  L98-S922       1378.143  3927.474  14.601   0.007 1.20600    0.314650  15.028   0.812   0.980   0.495 121 121 106  70
c L98-S1149      1010.079   282.988  14.287   0.005 1.20600    0.314650  14.800   1.393   1.560   0.775  25  25  21   8
  L98-S1150      1129.956   296.165  13.423   0.003 1.20600    0.314650  13.914   0.662   0.738  86.823  25  25  21   0
  L98-S1153      1410.720   408.876  13.216   0.002 1.20600    0.314650  13.706   0.694   0.832   0.404  28  28  24  12
  L98-S1175        46.715   894.927  14.287   0.005 1.20600    0.314650  14.744   1.268   1.494  86.749  14  12   9   0
  L98-S1178      1177.759   959.091  12.871   0.002 1.20600    0.314650  13.332   1.375   1.554   0.754  35  35  27  14
  L98-S1185      1465.980  1079.623  14.293   0.005 1.20600    0.314650  14.784   0.532   0.681   0.387  37  37  29  17
  L98-S1186      1942.444  1088.031  14.184   0.004 1.20600    0.314650  14.634   1.432   1.595   0.791  39  39  30  17
c L98-S1190       353.754  1240.650  14.410   0.006 1.20600    0.314650  14.880   0.660   0.842   0.421  27  26  21  10
  L98-S1191      1575.124  1272.559  12.885   0.002 1.20600    0.314650  13.370   0.487   0.653   0.360  38  38  31  16
  L98-S1202       785.928  1392.719  12.045   0.001 1.20600    0.314650  12.504   0.403   0.534  88.029  37  37  30   0
c L98-S1203       945.000  1407.537  13.003   0.002 1.20600    0.314650  13.473   0.794   0.924   0.436  44  43  33  15
  L98-S1206      1251.968  1556.785  12.623   0.002 1.20600    0.314650  13.093   0.727   0.927   0.489  44  43  33  15
  L98-S1214      1524.833  1625.172  12.537   0.002 1.20600    0.314650  12.999   0.485   0.649   0.364  47  46  40  21
c L98-S1217       886.008  1647.919  13.402   0.003 1.20600    0.314650  13.868   1.010   1.177   0.518  47  43  41  19
  L98-S1218       579.051  1652.892  13.466   0.003 1.20600    0.314650  13.923   0.808   1.061   0.582  40  38  37  17
  L98-S1221      1877.274  1714.982  12.515   0.002 1.20600    0.314650  12.957   1.300   1.500   0.726  49  46  39  23
  L98-S1224      1880.710  1757.080  14.030   0.004 1.20600    0.314650  14.484   0.516   0.669   0.369  45  42  35  23
  L98-S1227      2000.596  1764.456  14.118   0.004 1.20600    0.314650  14.585   0.859   0.915   0.420  48  42  37  23
  L98-S1230      1468.056  1819.851  14.297   0.005 1.20600    0.314650  14.744   1.336   1.536   0.768  53  47  44  22
  L98-S1237        39.795  2089.036  14.326   0.005 1.20600    0.314650  14.774   0.746   0.926   0.472  26  23  26  20
  L98-S1249       177.393  2527.487  14.361   0.006 1.20600    0.314650  14.810   1.636   1.880   0.925  37  37  33  29
  L98-S1251       447.898  2683.592  12.783   0.002 1.20600    0.314650  13.233   0.422   0.541   0.314  66  66  60  35
  L98-S1257       527.349  2812.933  12.579   0.002 1.20600    0.314650  13.021   0.595   0.811   0.458  73  73  70  45
  L98-S1262       411.918  3148.303  13.399   0.003 1.20600    0.314650  13.858   0.526   0.652   0.355  72  72  60  36
c L98-S1263       354.946  3173.596  12.710   0.002 1.20600    0.314650  13.160   0.675   0.775   0.377  62  62  54  33
  L98-S1556      1623.005   252.892  15.731   0.014 1.20600    0.314650  16.217   0.636   0.776   0.451  23  23  22   9
c L98-S1570       455.118   589.206  15.578   0.013 1.20600    0.314650  16.015   0.883   1.104  85.088  24  22  19   0
  L98-S1574      1882.799   826.885  16.167   0.022 1.20600    0.314650  16.696   0.767   0.935   0.505  35  34  26  13
  L98-S1577       976.408   885.232  16.250   0.023 1.20600    0.314650  16.731   0.820   1.013   0.535  35  35  27  14
  L98-S1589       728.708  1211.122  14.616   0.006 1.20600    0.314650  15.101   0.711   0.865   0.417  35  35  28  11
  L98-S1603       740.075  1453.541  16.485   0.029 1.20600    0.314650  16.966   0.926   1.183   0.620  38  38  32  12
  L98-S1622       128.482  1779.263  14.168   0.005 1.20600    0.314650  14.654   0.499   0.633   0.365  18  15  18  13
  L98-S1632       235.321  1942.627  15.545   0.013 1.20600    0.314650  16.020   0.870   1.103   0.566  33  31  29  23
  L98-S1663      1518.762  2495.923  16.156   0.022 1.20600    0.314650  16.637   0.852   1.065   0.546  90  85  86  64
  L98-S1681      1615.023  2747.215  14.346   0.005 1.20600    0.314650  14.798   0.623   0.759   0.389 102  98  92  69
  L98-S1692      2019.816  2927.154  15.572   0.014 1.20600    0.314650  15.998   0.758   0.910   0.458 116 113 104  74
  L98-S1720      1728.021  3311.765  16.230   0.025 1.20600    0.314650  16.652   0.880   1.106   0.568 123 115 105  78
  L98-S1744      1119.113  3575.556  14.513   0.006 1.20600    0.314650  14.968   0.477   0.684   0.386 117 117 108  74
  L98-S1771       671.912  3965.989  15.581   0.015 1.20600    0.314650  16.046   0.625   0.769   0.411  89  89  86  54
