#Star             Xc        Yc      Mag      Merr  Airmass UT             V       B-V     V-I      R-I   nV nBV nVI nRI 
  L101-S2         414.005  3621.788  16.032   0.022 1.74000    5.474119  16.440   0.782   0.861   0.409  65  65  53  53
  L101-S4         635.906  3645.955  17.908   0.114 1.74000    5.474119  17.997   0.664   0.753   0.366  62  62  43  43
  L101-S7         272.721  3908.617  17.129   0.057 1.74000    5.474119  17.552   0.619   0.777   0.394  66  66  54  54
  L101-410       1261.716   883.539  13.266   0.003 1.74000    5.474119  13.677   0.525   0.659   0.329  16  16  16  22
  L101-408       1565.850   819.052  14.426   0.006 1.74000    5.474119  14.833   1.147   1.344   0.582  18  18  18  22
  L101-413       1735.832  1160.154  12.184   0.001 1.74000    5.474119  12.580   0.951   1.035   0.497  32  32  32  33
  L101-415        616.903  1672.914  14.862   0.008 1.74000    5.474119  15.261   0.589   0.721   0.362  47  47  47  50
  L101-S132       512.083    66.351  18.449   0.196 1.74000    5.474119  19.530   1.554   2.420   1.358  21  20  21  23
  L101-S133      1231.799   126.022  15.997   0.021 1.74000    5.474119  16.408   0.399   0.561   0.281  20  20  20  22
  L101-S136      1302.269   316.352  15.424   0.013 1.74000    5.474119  15.894   0.869   1.052   0.479  20  20  20  22
  L101-S137       791.885   322.094  15.282   0.012 1.74000    5.474119  15.757   0.618   0.748   0.358  23  23  23  25
  L101-S139        42.246   466.935  18.547   0.206 1.74000    5.474119  19.668   1.658   2.427   1.356  20  18  20  21
  L101-S141       410.740   505.903  18.369   0.168 1.74000    5.474119  18.641   1.337   1.619   0.751  22  22  22  23
  L101-S142       494.359   530.327  18.539   0.210 1.74000    5.474119  19.652   1.632   2.500   1.415  20  20  20  23
  L101-S145      1237.418   567.072  17.341   0.069 1.74000    5.474119  17.716   0.532   0.741   0.373  20  20  20  20
  L101-S146       699.422   588.406  18.404   0.180 1.74000    5.474119  19.187   1.601   2.336   1.293  21  21  21  25
c L101-S147      1162.985   612.879  16.655   0.041 1.74000    5.474119  17.030   0.672   0.780   0.370  20  20  20  21
  L101-S152       338.369   725.153  17.007   0.053 1.74000    5.474119  17.559   0.623   0.747   0.363  23  23  23  23
  L101-S154       119.830   845.868  18.574   0.214 1.74000    5.474119  18.852   0.767   0.907   0.425  20  20  15  15
  L101-S155      1379.911   885.650  17.941   0.114 1.74000    5.474119  18.249   1.124   1.507   0.710  16  16  16  22
  L101-S160       677.900   956.769  14.877   0.008 1.74000    5.474119  15.304   0.584   0.707   0.352  22  22  22  25
  L101-S162        38.139  1039.793  17.496   0.080 1.74000    5.474119  18.012   1.661   2.600   1.483  21  21  21  26
  L101-S163       695.612  1088.941  17.411   0.071 1.74000    5.474119  18.680   1.454   1.756   0.826  25  25  25  26
  L101-S164      1371.152  1095.036  17.679   0.093 1.74000    5.474119  18.498   0.982   1.235   0.564  22  22  18  18
  L101-S165      1845.654  1115.672  18.110   0.134 1.74000    5.474119  19.233   1.075   1.376   0.619  20  20  17  17
  L101-S167       109.591  1162.276  17.859   0.114 1.74000    5.474119  18.564   1.463   1.967   1.000  22  22  22  24
  L101-S172      1592.219  1248.948  16.366   0.028 1.74000    5.474119  16.879   0.815   0.929   0.427  24  24  24  24
  L101-S176       565.127  1283.125  13.183   0.002 1.74000    5.474119  13.600   0.704   0.811   0.356  36  36  36  38
  L101-S178       512.092  1341.686  16.493   0.033 1.74000    5.474119  16.902   0.639   0.785   0.358  47  47  44  44
  L101-S194      1977.351  1507.190  15.280   0.011 1.74000    5.474119  15.668   0.879   0.995   0.469  45  45  42  42
  L101-S196      1965.835  1533.030  17.798   0.103 1.74000    5.474119  18.316   1.575   2.246   1.246  46  42  45  45
  L101-S202       830.519  1584.384  15.256   0.011 1.74000    5.474119  15.682   1.009   1.228   0.545  49  49  48  48
  L101-S203       687.825  1606.075  16.552   0.032 1.74000    5.474119  16.938   0.545   0.697   0.355  49  49  49  49
  L101-S204       810.161  1617.302  16.996   0.051 1.74000    5.474119  17.394   1.152   1.328   0.576  48  48  48  50
  L101-S207      1281.049  1629.061  16.558   0.033 1.74000    5.474119  16.952   0.873   1.076   0.525  45  45  45  47
  L101-S212      1723.433  1707.006  18.702   0.231 1.74000    5.474119  19.638   1.543   1.949   0.967  34  23  34  40
c L101-S223      1265.141  1965.745  16.365   0.027 1.74000    5.474119  16.926   0.847   1.014   0.485  43  43  43  44
c L101-S225      1252.000  1984.578  16.551   0.033 1.74000    5.474119  17.129   0.584   0.721   0.370  43  43  43  44
  L101-S229        43.455  2010.368  16.411   0.030 1.74000    5.474119  16.814   0.859   1.038   0.493  46  46  46  47
  L101-S233       472.150  2106.439  19.276   0.407 1.74000    5.474119  19.163   1.533   2.056   1.063  42  36  42  49
  L101-S236       878.510  2190.045  15.572   0.014 1.74000    5.474119  15.963   1.335   1.626   0.744  48  48  48  51
  L101-S239        16.118  2329.502   0.000   0.000 1.74000    5.474119  17.456   1.419   1.947   0.986  48  48  48  51
  L101-S240       526.388  2480.889  16.805   0.043 1.74000    5.474119  17.289   0.766   0.929   0.458  55  55  51  51
  L101-S243       648.364  2785.845  17.012   0.051 1.74000    5.474119  17.540   0.875   0.992   0.453  60  60  50  50
  L101-S245        85.072  3001.244  17.275   0.068 1.74000    5.474119  17.714   0.581   0.727   0.355  54  54  38  38
  L101-S247       264.722  3112.694  18.706   0.236 1.74000    5.474119  19.091   1.434   1.853   0.911  52  38  26  26
  L101-S248       133.217  3133.988  14.644   0.007 1.74000    5.474119  14.995   1.420   1.736   0.809  44  44  27  27
  L101-S251      1240.662  3295.123  18.344   0.170 1.74000    5.474119  18.883   1.556   2.051   1.077  43  40  41  41
  L101-S252        44.077  3433.229  18.020   0.128 1.74000    5.474119  18.547   1.530   1.988   0.987  66  55  50  50
  L101-S255      1353.043  3515.055  15.890   0.019 1.74000    5.474119  16.255   1.013   1.100   0.475  55  55  47  47
  L101-S256      1263.617  3555.342  16.169   0.025 1.74000    5.474119  16.531   0.581   0.697   0.342  48  48  48  48
  L101-S257      1377.898  3699.080  17.068   0.055 1.74000    5.474119  17.457   1.119   1.378   0.618  51  51  48  48
  L101-S259      1067.736  4033.729  18.354   0.175 1.74000    5.474119  18.801   1.042   1.265   0.564  51  48  51  52
  L101-S294       265.511  2927.460  15.275   0.011 1.74000    5.474119  15.665   0.810   0.969   0.444  60  60  48  48
  L101-S296      1164.461  2955.465  15.268   0.011 1.74000    5.474119  15.680   0.606   0.758   0.362  42  42  42  46
  L101-S301      1257.870  3340.511  16.834   0.043 1.74000    5.474119  17.356   1.669   2.657   1.566  47  47  42  42
  L101-S406      2029.056  2210.641  18.061   0.137 1.74000    5.474119  18.884   1.673   2.669   1.581  39  34  39  44
  L101-S690       388.667    54.962  18.818   0.269 1.74000    5.474119  19.736   1.492   1.843   0.887  15  10   5   5
  L101-S717       338.482  1609.892  18.570   0.206 1.74000    5.474119  20.020   1.269   1.645   0.763  14   9   5   5
  L101-S740       113.044  2568.914  18.801   0.258 1.74000    5.474119  19.552   0.775   0.921   0.433  18  14   5   5
  L101-S766       503.081  3967.204  18.844   0.270 1.74000    5.474119  19.279   1.452   1.857   0.923  28  15  12  12
  L104-423        821.217  1881.826  15.217   0.010 1.70100    1.806195  15.634   0.607   0.730   0.368  81  72  71  43
  L104-425        723.222  2003.022  11.904   0.001 1.70100    1.806195  12.297   0.677   0.758   0.363 100  87  69  42
  L104-428       1882.520  2182.468  12.263   0.001 1.70100    1.806195  12.639   0.972   1.038   0.498  83  77  83  67
  L104-430       2003.644  2685.601  13.476   0.003 1.70100    1.806195  13.856   0.653   0.734   0.366  82  71  82  58
  L104-S1         986.865  1846.839  15.715   0.016 1.70100    1.806195  16.085   0.833   0.957   0.449  68  59  68  46
  L104-S4         659.415  2050.250  15.924   0.020 1.70100    1.806195  16.339   0.898   1.027   0.465  87  76  69  48
  L104-S10        661.866  1984.122  16.087   0.023 1.70100    1.806195  16.535   0.995   1.140   0.503  84  74  65  46
  L104-S16        532.973  2843.485  15.640   0.015 1.70100    1.806195  16.025   0.979   1.085   0.485  76  60  76  47
  L104-S18        871.951  3047.967  15.861   0.019 1.70100    1.806195  16.247   0.983   1.090   0.482  83  66  83  49
  L104-S30       1010.125  3566.759  15.654   0.016 1.70100    1.806195  16.016   0.611   0.745   0.371  94  72  90  48
  L104-S31        118.253  3568.702  15.481   0.014 1.70100    1.806195  15.839   1.388   1.665   0.773 100  79  97  49
  L104-S42       1159.050  4056.491  15.582   0.015 1.70100    1.806195  15.913   0.801   0.927   0.440  81  63  79  41
  L104-S106       892.646   739.701  16.160   0.024 1.70100    1.806195  16.501   1.540   2.532   1.507  45  40  45  29
  L104-S333       793.111  3082.437  16.053   0.022 1.70100    1.806195  16.441   1.470   1.871   0.916  89  67  89  49
  L104-S389       175.274   106.146  16.339   0.029 1.70100    1.806195  16.767   1.125   1.359   0.594  25  24  25  17
  L104-S394       340.941   370.271  12.184   0.001 1.70100    1.806195  12.618   0.511   0.668   0.338  30  27  30  17
  L104-S428      1651.807  1107.500  16.157   0.023 1.70100    1.806195  16.722   0.593   0.782   0.386  50  47  50  40
  L104-S429      1195.057  1158.001  15.089   0.010 1.70100    1.806195  15.538   0.980   1.143   0.543  61  56  61  43
  L104-S437      1249.769  1305.530  14.502   0.006 1.70100    1.806195  14.928   0.572   0.713   0.350  61  54  61  43
  L104-423        667.880  1887.959  15.168   0.010 1.15200    5.244939  15.634   0.607   0.730   0.368  81  72  71  43
  L104-425        569.833  2009.207  11.829   0.001 1.15200    5.244939  12.297   0.677   0.758   0.363 100  87  69  42
  L104-428       1727.933  2189.192  12.183   0.001 1.15200    5.244939  12.639   0.972   1.038   0.498  83  77  83  67
  L104-430       1849.318  2692.314  13.402   0.003 1.15200    5.244939  13.856   0.653   0.734   0.366  82  71  82  58
  L104-S1         833.343  1853.163  15.609   0.015 1.15200    5.244939  16.085   0.833   0.957   0.449  68  59  68  46
  L104-S4         506.123  2056.546  15.863   0.018 1.15200    5.244939  16.339   0.898   1.027   0.465  87  76  69  48
  L104-S10        508.574  1990.252  15.992   0.021 1.15200    5.244939  16.535   0.995   1.140   0.503  84  74  65  46
  L104-S16        379.994  2849.647  15.563   0.015 1.15200    5.244939  16.025   0.979   1.085   0.485  76  60  76  47
  L104-S18        718.819  3054.124  15.805   0.018 1.15200    5.244939  16.247   0.983   1.090   0.482  83  66  83  49
  L104-S24        208.981  3261.091  16.580   0.034 1.15200    5.244939  17.024   0.769   0.899   0.439  89  68  86  46
  L104-S30        857.164  3572.958  15.560   0.014 1.15200    5.244939  16.016   0.611   0.745   0.371  94  72  90  48
  L104-S42       1006.057  4062.728  15.578   0.015 1.15200    5.244939  15.913   0.801   0.927   0.440  81  63  79  41
  L104-S106       738.425   745.984  16.047   0.023 1.15200    5.244939  16.501   1.540   2.532   1.507  45  40  45  29
  L104-S333       639.877  3088.628  16.274   0.028 1.15200    5.244939  16.441   1.470   1.871   0.916  89  67  89  49
  L104-S385       822.956    22.089  16.768   0.043 1.15200    5.244939  17.328   0.693   0.790   0.376  21  20  19  15
  L104-S386      1962.767    56.770  14.745   0.007 1.15200    5.244939  15.260   0.779   0.875   0.416  23  22  22  16
  L104-S389        20.707   111.372  16.304   0.030 1.15200    5.244939  16.767   1.125   1.359   0.594  25  24  25  17
  L104-S394       186.444   376.000  12.112   0.001 1.15200    5.244939  12.618   0.511   0.668   0.338  30  27  30  17
  L104-S428      1497.132  1114.435  16.183   0.024 1.15200    5.244939  16.722   0.593   0.782   0.386  50  47  50  40
  L104-S429      1040.841  1164.684  15.051   0.009 1.15200    5.244939  15.538   0.980   1.143   0.543  61  56  61  43
  L104-S437      1095.504  1312.179  14.428   0.006 1.15200    5.244939  14.928   0.572   0.713   0.350  61  54  61  43
  L104-S449      1585.666  1848.881  16.570   0.033 1.15200    5.244939  17.069   0.545   0.689   0.353  58  53  58  40
  L104-S450      1275.885  1920.826  16.679   0.037 1.15200    5.244939  17.042   1.024   1.277   0.614  58  52  58  40
  L104-S469      1733.752  2361.732  16.533   0.030 1.15200    5.244939  17.032   1.352   1.629   0.751  57  49  57  37
  L104-S480      1789.927  3257.418  16.513   0.031 1.15200    5.244939  16.985   0.781   0.903   0.431  77  63  77  42
  L107-592        363.594  1782.598  11.438   0.001 1.37800    5.709024  11.845   1.310   1.362   0.642  91  71  84  75
  L107-599        953.022  2852.059  14.241   0.004 1.37800    5.709024  14.667   0.731   0.849   0.413 120  87 111  78
  L107-600        646.868  2884.845  14.430   0.005 1.37800    5.709024  14.854   0.533   0.657   0.328 108  81  98  71
  L107-601       1177.357  3101.036  14.282   0.005 1.37800    5.709024  14.668   1.440   1.758   0.817 130 103 128 105
  L107-602        722.353  3376.094  11.710   0.001 1.37800    5.709024  12.115   0.979   1.077   0.523 144 115 124  85
  L107-S29       1407.870  2180.030  16.320   0.022 1.37800    5.709024  16.817   1.015   1.162   0.526  83  66  83  68
  L107-S30        898.079  2412.622  16.611   0.028 1.37800    5.709024  17.081   0.649   0.795   0.397  85  67  82  65
  L107-S32        724.131  2543.300  17.094   0.042 1.37800    5.709024  17.658   1.334   1.587   0.715  79  60  79  59
  L107-S34       1222.835  2469.911  16.255   0.021 1.37800    5.709024  16.673   0.875   1.016   0.492  89  68  87  69
  L107-S35        632.668  2848.590  15.481   0.011 1.37800    5.709024  15.933   0.897   0.946   0.439  98  72  89  61
  L107-S37       1063.579  2834.074  16.285   0.021 1.37800    5.709024  16.655   0.939   0.996   0.457 103  75  94  67
  L107-S38        236.123  3030.999  15.698   0.013 1.37800    5.709024  16.110   1.331   1.563   0.703 105  78 105  70
  L107-S39        453.881  3104.558  16.710   0.032 1.37800    5.709024  17.092   1.145   1.362   0.619 105  74 104  71
  L107-S40        475.013  3333.878  16.463   0.025 1.37800    5.709024  16.881   0.928   1.077   0.506 109  80 109  71
  L107-S41        660.623  3493.447  17.253   0.050 1.37800    5.709024  17.707   1.019   1.169   0.555  99  72  99  63
  L107-S42        501.985  3589.398  16.492   0.025 1.37800    5.709024  16.951   1.104   1.318   0.599 106  79 106  70
  L107-S43        763.197  3629.828  17.038   0.041 1.37800    5.709024  17.447   0.651   0.795   0.399 103  76 100  65
  L107-S44        398.558  3738.879  16.044   0.018 1.37800    5.709024  16.486   0.945   1.079   0.507 107  79 106  70
  L107-S45        743.459  3720.565  16.595   0.027 1.37800    5.709024  17.231   0.959   1.178   0.575 103  75 100  65
  L107-S60        435.349   897.911  16.961   0.040 1.37800    5.709024  17.459   0.837   1.021   0.503  74  57  65  57
  L107-S62       1257.184   947.419  17.164   0.046 1.37800    5.709024  17.557   1.014   1.221   0.566  76  53  66  54
  L107-S64        977.905   991.536  15.740   0.014 1.37800    5.709024  16.157   0.839   1.013   0.512  77  55  68  55
  L107-S65       1343.866  1038.944  17.177   0.047 1.37800    5.709024  17.671   0.973   1.162   0.545  77  54  74  57
  L107-S73       1438.620  1202.939  15.567   0.012 1.37800    5.709024  16.026   0.755   0.933   0.474  80  55  74  59
  L107-S75       1167.757  1214.867  14.464   0.005 1.37800    5.709024  14.908   0.669   0.819   0.417  80  58  71  60
  L107-S76        841.803  1216.561  16.837   0.034 1.37800    5.709024  17.325   0.729   0.827   0.416  80  63  72  66
  L107-S80       1277.938  1406.826  15.664   0.012 1.37800    5.709024  16.140   0.738   0.831   0.409  84  64  80  63
  L107-S88       1325.643  1547.956  15.017   0.007 1.37800    5.709024  15.434   0.591   0.758   0.391  84  65  80  66
  L107-S99        526.757  1884.101  15.844   0.015 1.37800    5.709024  16.288   0.939   1.157   0.576  86  67  80  67
  L107-S105      1092.432  2067.911  15.557   0.011 1.37800    5.709024  15.964   0.897   1.026   0.501  83  66  79  69
  L107-S115       333.744  2327.174  15.400   0.010 1.37800    5.709024  15.837   0.687   0.837   0.416  85  56  78  65
  L107-S129       367.900  2666.924  16.969   0.039 1.37800    5.709024  17.422   0.696   0.840   0.422  84  60  77  59
  L107-S167       725.774  3725.346  16.961   0.037 1.37800    5.709024  18.498   0.591   0.814   0.417 102  72  97  69
  L107-S172      1261.491  3798.802  15.522   0.012 1.37800    5.709024  15.943   0.822   0.935   0.453  89  66  89  59
  L107-S182       811.856  3954.881  16.616   0.029 1.37800    5.709024  17.020   1.010   1.206   0.561  87  64  87  62
  L107-S187       776.473  4019.982  16.448   0.025 1.37800    5.709024  16.896   0.644   0.811   0.411  83  62  83  57
  L107-S190      1258.994  4029.076  15.515   0.011 1.37800    5.709024  15.923   0.735   0.853   0.417  88  64  88  62
  L107-S191      1024.902  4028.844  15.973   0.017 1.37800    5.709024  16.447   0.735   0.825   0.407  88  64  88  62
  L107-S345       484.883  4011.245  12.285   0.001 1.37800    5.709024  12.684   0.872   0.921   0.422  87  63  87  59
  L107-S359      1294.482    55.995  17.141   0.045 1.37800    5.709024  17.636   0.631   0.796   0.414  31  17  31  15
  L107-S361      1097.042    75.205  15.686   0.013 1.37800    5.709024  16.151   0.608   0.771   0.392  32  17  32  15
  L107-S363       675.690   116.100  16.149   0.019 1.37800    5.709024  16.609   0.796   0.942   0.443  25  19  25  16
  L107-S364      1162.168   147.251  14.836   0.007 1.37800    5.709024  15.302   0.752   0.901   0.445  30  17  30  15
  L107-S365      1077.445   193.479  15.000   0.008 1.37800    5.709024  15.470   0.826   0.982   0.473  30  17  30  15
  L107-S373      1699.794   451.632  16.780   0.033 1.37800    5.709024  17.279   1.194   1.459   0.624  36  22  36  18
  L107-S382      1531.956   546.566  17.205   0.049 1.37800    5.709024  17.665   0.522   0.723   0.378  34  20  34  17
  L107-S383       840.179   563.711  16.519   0.026 1.37800    5.709024  16.988   0.812   0.962   0.471  40  33  40  32
  L107-S384      1313.562   571.811  14.831   0.007 1.37800    5.709024  15.288   0.723   0.847   0.409  40  28  40  24
  L107-S385       356.906   571.253  17.156   0.047 1.37800    5.709024  17.753   0.713   0.848   0.414  38  31  38  32
  L107-S387       703.131   619.671  17.205   0.048 1.37800    5.709024  17.732   0.963   1.225   0.582  38  34  38  32
  L107-S389      1044.946   654.618  11.130   0.001 1.37800    5.709024  11.576   1.427   1.778   0.822  34  23  34  24
  L107-S390       895.889   656.002  14.201   0.004 1.37800    5.709024  14.653   0.973   1.099   0.527  35  29  35  26
  L107-S393       984.903   689.841  14.351   0.005 1.37800    5.709024  14.813   0.728   0.835   0.407  48  36  48  34
  L107-S394      1707.170   698.469  15.465   0.011 1.37800    5.709024  15.910   0.869   1.090   0.526  37  24  37  22
  L107-S419      1933.981  1321.987  16.922   0.035 1.37800    5.709024  17.415   0.724   0.901   0.469  60  41  58  37
  L107-S428      1949.943  1603.063  17.089   0.040 1.37800    5.709024  17.576   0.624   0.770   0.395  59  47  59  44
  L107-S433      1778.772  1750.591  14.181   0.004 1.37800    5.709024  14.614   0.779   0.886   0.434  65  49  65  48
  L107-S442      2020.760  1878.110  16.992   0.038 1.37800    5.709024  17.511  -0.104  -0.194  -0.085  62  42  55  40
  L107-S447      1851.215  1993.911  16.918   0.035 1.37800    5.709024  17.264   1.533   1.915   0.919  63  45  62  49
  L107-S487      1886.212  2873.012  16.606   0.028 1.37800    5.709024  17.050   0.709   0.894   0.453  72  46  67  45
  L107-S496      1806.760  3039.210  16.770   0.032 1.37800    5.709024  17.253   0.851   1.005   0.506  77  50  72  52
  L107-S793       958.798   778.400  15.963   0.016 1.37800    5.709024  16.400   0.713   0.832   0.403  68  51  61  52
  L107-S797      1358.273   979.369  12.999   0.002 1.37800    5.709024  13.440   0.559   0.678   0.336  77  55  71  55
  L107-S975      1460.317  2341.053  16.666   0.029 1.37800    5.709024  17.139   0.508   0.701   0.362  86  60  82  61
  L107-599        843.386  2868.192  14.224   0.004 1.18000    8.749450  14.667   0.731   0.849   0.413 120  87 111  78
  L107-600        537.244  2900.776  14.415   0.005 1.18000    8.749450  14.854   0.533   0.657   0.328 108  81  98  71
c L107-601       1067.718  3117.136  14.252   0.005 1.18000    8.749450  14.668   1.440   1.758   0.817 130 103 128 105
  L107-602        612.915  3392.081  11.684   0.001 1.18000    8.749450  12.115   0.979   1.077   0.523 144 115 124  85
  L107-S29       1297.967  2196.269  16.366   0.023 1.18000    8.749450  16.817   1.015   1.162   0.526  83  66  83  68
  L107-S30        788.286  2428.768  16.585   0.027 1.18000    8.749450  17.081   0.649   0.795   0.397  85  67  82  65
  L107-S32        614.383  2559.358  17.030   0.039 1.18000    8.749450  17.658   1.334   1.587   0.715  79  60  79  59
  L107-S34       1113.004  2486.061  16.203   0.019 1.18000    8.749450  16.673   0.875   1.016   0.492  89  68  87  69
  L107-S35        522.941  2864.562  15.505   0.012 1.18000    8.749450  15.933   0.897   0.946   0.439  98  72  89  61
  L107-S37        953.835  2850.221  16.232   0.020 1.18000    8.749450  16.655   0.939   0.996   0.457 103  75  94  67
  L107-S38        126.867  3046.866  15.671   0.013 1.18000    8.749450  16.110   1.331   1.563   0.703 105  78 105  70
  L107-S39        344.609  3120.450  16.649   0.030 1.18000    8.749450  17.092   1.145   1.362   0.619 105  74 104  71
  L107-S40        365.770  3349.621  16.415   0.023 1.18000    8.749450  16.881   0.928   1.077   0.506 109  80 109  71
  L107-S42        392.839  3605.178  16.452   0.026 1.18000    8.749450  16.951   1.104   1.318   0.599 106  79 106  70
  L107-S43        653.930  3645.582  16.938   0.038 1.18000    8.749450  17.447   0.651   0.795   0.399 103  76 100  65
  L107-S44        289.200  3754.740  16.048   0.018 1.18000    8.749450  16.486   0.945   1.079   0.507 107  79 106  70
  L107-S45        633.940  3736.300  16.637   0.030 1.18000    8.749450  17.231   0.959   1.178   0.575 103  75 100  65
  L107-S60        325.266   913.848  16.944   0.038 1.18000    8.749450  17.459   0.837   1.021   0.503  74  57  65  57
  L107-S62       1146.768   963.849  16.990   0.038 1.18000    8.749450  17.557   1.014   1.221   0.566  76  53  66  54
  L107-S64        867.737  1007.799  15.676   0.013 1.18000    8.749450  16.157   0.839   1.013   0.512  77  55  68  55
  L107-S65       1233.396  1055.371  17.230   0.048 1.18000    8.749450  17.671   0.973   1.162   0.545  77  54  74  57
  L107-S73       1328.213  1219.570  15.576   0.012 1.18000    8.749450  16.026   0.755   0.933   0.474  80  55  74  59
  L107-S75       1057.567  1231.144  14.437   0.005 1.18000    8.749450  14.908   0.669   0.819   0.417  80  58  71  60
  L107-S76        731.713  1232.867  16.837   0.035 1.18000    8.749450  17.325   0.729   0.827   0.416  80  63  72  66
  L107-S80       1167.878  1423.235  15.675   0.013 1.18000    8.749450  16.140   0.738   0.831   0.409  84  64  80  63
  L107-S88       1215.515  1564.283  14.952   0.007 1.18000    8.749450  15.434   0.591   0.758   0.391  84  65  80  66
c L107-S99        416.908  1900.057  15.801   0.014 1.18000    8.749450  16.288   0.939   1.157   0.576  86  67  80  67
b L107-S105       982.650  2084.052  15.559   0.012 1.18000    8.749450  15.964   0.897   1.026   0.501  83  66  79  69
  L107-S115       224.122  2343.061  15.373   0.011 1.18000    8.749450  15.837   0.687   0.837   0.416  85  56  78  65
  L107-S129       258.435  2682.835  16.996   0.039 1.18000    8.749450  17.422   0.696   0.840   0.422  84  60  77  59
  L107-S167       616.144  3741.267  16.925   0.038 1.18000    8.749450  18.498   0.591   0.814   0.417 102  72  97  69
  L107-S172      1151.964  3814.667  15.557   0.012 1.18000    8.749450  15.943   0.822   0.935   0.453  89  66  89  59
  L107-S182       702.288  3970.603  16.610   0.028 1.18000    8.749450  17.020   1.010   1.206   0.561  87  64  87  62
  L107-S187       666.977  4035.528  16.424   0.025 1.18000    8.749450  16.896   0.644   0.811   0.411  83  62  83  57
  L107-S190      1149.653  4044.988  15.547   0.012 1.18000    8.749450  15.923   0.735   0.853   0.417  88  64  88  62
  L107-S191       915.157  4044.595  16.065   0.017 1.18000    8.749450  16.447   0.735   0.825   0.407  88  64  88  62
  L107-S345       375.498  4027.040  12.261   0.001 1.18000    8.749450  12.684   0.872   0.921   0.422  87  63  87  59
  L107-S359      1183.391    72.519  17.084   0.044 1.18000    8.749450  17.636   0.631   0.796   0.414  31  17  31  15
  L107-S361       986.030    91.792  15.637   0.012 1.18000    8.749450  16.151   0.608   0.771   0.392  32  17  32  15
  L107-S363       565.335   132.286  16.120   0.019 1.18000    8.749450  16.609   0.796   0.942   0.443  25  19  25  16
  L107-S364      1051.284   163.805  14.800   0.007 1.18000    8.749450  15.302   0.752   0.901   0.445  30  17  30  15
  L107-S365       966.606   209.851  14.968   0.008 1.18000    8.749450  15.470   0.826   0.982   0.473  30  17  30  15
  L107-S373      1588.835   468.456  16.668   0.029 1.18000    8.749450  17.279   1.194   1.459   0.624  36  22  36  18
  L107-S378      1669.717   508.031  17.267   0.049 1.18000    8.749450  17.925   0.598   0.803   0.400  35  22  35  18
  L107-S381      1540.151   544.412  17.080   0.040 1.18000    8.749450  17.739   1.192   1.501   0.638  37  23  37  19
  L107-S382      1421.601   563.158  17.121   0.044 1.18000    8.749450  17.665   0.522   0.723   0.378  34  20  34  17
  L107-S383       729.864   579.890  16.507   0.026 1.18000    8.749450  16.988   0.812   0.962   0.471  40  33  40  32
  L107-S384      1202.767   588.138  14.806   0.007 1.18000    8.749450  15.288   0.723   0.847   0.409  40  28  40  24
  L107-S387       593.117   635.768  17.232   0.050 1.18000    8.749450  17.732   0.963   1.225   0.582  38  34  38  32
  L107-S390       785.683   672.125  14.176   0.004 1.18000    8.749450  14.653   0.973   1.099   0.527  35  29  35  26
  L107-S393       874.732   706.075  14.329   0.005 1.18000    8.749450  14.813   0.728   0.835   0.407  48  36  48  34
  L107-S394      1596.319   715.189  15.397   0.010 1.18000    8.749450  15.910   0.869   1.090   0.526  37  24  37  22
  L107-S398      1268.177   844.275  17.284   0.050 1.18000    8.749450  18.005   0.992   1.179   0.526  73  51  65  51
  L107-S419      1823.439  1338.732  16.957   0.038 1.18000    8.749450  17.415   0.724   0.901   0.469  60  41  58  37
  L107-S428      1839.616  1619.937  17.136   0.044 1.18000    8.749450  17.576   0.624   0.770   0.395  59  47  59  44
  L107-S433      1668.447  1767.214  14.156   0.004 1.18000    8.749450  14.614   0.779   0.886   0.434  65  49  65  48
  L107-S442      1910.100  1894.760  17.003   0.039 1.18000    8.749450  17.511  -0.104  -0.194  -0.085  62  42  55  40
  L107-S447      1741.036  2010.499  16.799   0.030 1.18000    8.749450  17.264   1.533   1.915   0.919  63  45  62  49
  L107-S457       794.982  2147.851  16.682   0.030 1.18000    8.749450  18.679   1.332   1.641   0.754  77  55  77  67
  L107-S462      1972.360  2283.289  16.349   0.022 1.18000    8.749450  16.841   0.846   0.951   0.458  63  42  63  38
c L107-S487      1776.098  2889.477  16.397   0.023 1.18000    8.749450  17.050   0.709   0.894   0.453  72  46  67  45
  L107-S496      1696.661  3055.747  16.778   0.032 1.18000    8.749450  17.253   0.851   1.005   0.506  77  50  72  52
  L107-S793       848.573   794.601  15.904   0.015 1.18000    8.749450  16.400   0.713   0.832   0.403  68  51  61  52
  L107-S797      1247.828   995.861  12.968   0.002 1.18000    8.749450  13.440   0.559   0.678   0.336  77  55  71  55
  L107-S899       820.566   543.867  17.221   0.048 1.18000    8.749450  17.803   0.662   0.866   0.440  38  27  38  24
  L107-S975      1350.533  2357.443  16.710   0.030 1.18000    8.749450  17.139   0.508   0.701   0.362  86  60  82  61
  L110-S255      1348.420   548.937  12.994   0.002 1.33700    8.968483  13.440   0.768   0.938   0.444  21  11  17  15
  L110-S261       131.410   866.714  16.305   0.029 1.33700    8.968483  16.702   1.625   1.894   0.879  23  16  23  15
  L110-S302       624.691  1950.910  16.256   0.027 1.33700    8.968483  16.681   2.016   2.429   1.144  20  10  16   8
  L110-S305        89.027  2004.036  11.799   0.001 1.33700    8.968483  12.188   0.704   0.753   0.387  27  27  20  15
  L110-S318      1265.178  2598.112  14.891   0.008 1.33700    8.968483  15.298   1.497   2.032   1.052  39  21  38  32
  L110-S320       888.892  2678.750  12.243   0.001 1.33700    8.968483  12.748   0.953   1.049   0.472  38  20  30  26
  L110-S332      1813.088  2958.145  15.673   0.016 1.33700    8.968483  16.082   1.599   2.088   1.091  44  30  41  36
  L110-S336       814.403  3154.808  16.200   0.026 1.33700    8.968483  16.586   2.923   3.476   1.537  44  26  39  29
  L110-S342      1020.830  3368.966  15.477   0.013 1.33700    8.968483  15.905   1.545   1.918   0.947  48  34  43  28
  L110-S346       591.872  3442.309  13.531   0.003 1.33700    8.968483  13.939   1.255   1.575   0.780  45  28  32  21
  L110-S350       462.837  3688.801  15.192   0.011 1.33700    8.968483  15.614   1.432   1.679   0.759  59  35  46  34
  L110-S353       332.061  3771.786  12.166   0.001 1.33700    8.968483  12.581   0.644   0.750   0.350  61  33  48  36
  L110-S355       805.797  3814.662  15.061   0.010 1.33700    8.968483  15.474   1.294   1.465   0.639  53  32  41  28
  L110-S899        92.260  3927.433  15.008   0.009 1.33700    8.968483  15.419   1.747   2.223   1.127  62  58  47  35
  L111-1925      1346.404  2312.647  11.977   0.001 1.53300    9.177844  12.386   0.397   0.479   0.260  64  64  32  26
c L111-S1        1524.577  2343.192  15.301   0.011 1.53300    9.177844  15.722   0.942   1.115  85.392  12  11   6   0
  L111-S3        1606.650  2553.343  14.864   0.008 1.53300    9.177844  15.252   1.020   1.207  85.954  14  14   6   0
  L111-S4        1713.401  2566.179  14.366   0.006 1.53300    9.177844  14.762   1.449   1.610  86.847  14  14   6   0
  L111-S5        1440.802  2559.971  15.636   0.015 1.53300    9.177844  16.008   1.456   1.561  85.552  14  11   6   0
  L111-S7        2029.019  2644.383  14.958   0.010 1.53300    9.177844  15.295   1.469   1.675  86.379  14  12   6   0
  L111-S8        1640.402  2669.754  14.155   0.005 1.53300    9.177844  14.531   1.431   1.590  87.058  14  14   6   0
b L111-S9        1852.457  2769.769  14.101   0.005 1.53300    9.177844  14.486   0.948   1.127   0.569  17  17   9   5
  L111-S11       1428.129  2787.516  15.192   0.011 1.53300    9.177844  15.574   1.494   1.645   0.801  17  14   9   5
  L111-S14       1905.821  2943.982  14.864   0.008 1.53300    9.177844  15.266   1.874   2.558   1.352  15  12   7   5
c L111-S16       1277.675  3078.627  14.801   0.008 1.53300    9.177844  15.216   1.558   1.708   0.838  17  15   9   5
  L111-S17       1824.901  3131.884  15.107   0.010 1.53300    9.177844  15.505   1.389   1.525   0.761  17  15   9   5
  L111-S19       1797.279  3186.267  13.688   0.004 1.53300    9.177844  14.060   1.439   1.566   0.772  20  20  13   7
  L111-S20       1930.336  3206.063  15.660   0.015 1.53300    9.177844  16.026   1.348   1.512   0.772  17  14   9   5
  L111-S21       1311.713  3230.457  15.614   0.016 1.53300    9.177844  16.005   1.327   1.481   0.730  17  14   9   5
  L111-S23       1770.904  3266.678  14.796   0.008 1.53300    9.177844  15.194   1.180   1.282   0.621  17  17   9   5
c L111-S24       1889.992  3276.606  12.172   0.001 1.53300    9.177844  12.541   1.403   1.480   0.704  15  15   7   5
  L111-S25       1445.321  3262.749  15.835   0.021 1.53300    9.177844  16.295   0.903   1.050   0.535  17  14   9   5
  L111-S26       1534.815  3274.342  15.580   0.015 1.53300    9.177844  16.017   0.993   1.148   0.583  17  14   9   5
  L111-S27       1165.059  3270.896  16.075   0.022 1.53300    9.177844  16.495   0.952   1.135  84.639  14  11   6   0
c L111-S30       1517.007  3440.065  15.930   0.020 1.53300    9.177844  16.405   0.958   1.142   0.564  19  14  12   5
  L111-S31       1332.536  3453.703  15.500   0.014 1.53300    9.177844  15.903   1.095   1.261   0.615  19  14  12   5
  L111-S34       1801.958  3586.085  13.730   0.004 1.53300    9.177844  14.117   1.321   1.428  87.310  19  17  11   0
  L111-S35       1690.739  3593.105  14.588   0.007 1.53300    9.177844  14.987   1.298   1.466  86.478  14  12   9   0
  L111-S181      1192.894   174.964  15.195   0.011 1.53300    9.177844  15.655   0.987   1.158  85.502   6   6   6   0
  L111-S183       113.098   287.665  16.346   0.030 1.53300    9.177844  16.790   1.125   1.289  84.498   6   6   6   0
  L111-S189       136.602   471.437  16.244   0.026 1.53300    9.177844  16.638   1.299   1.505  84.866   6   6   6   0
  L111-S194       332.997   741.035  14.898   0.009 1.53300    9.177844  15.308   1.767   1.937  86.628   6   6   6   0
  L111-S195      1438.801   782.652  13.813   0.004 1.53300    9.177844  14.234   1.081   1.226  86.991   6   6   6   0
  L111-S197      1751.679   865.040  13.776   0.004 1.53300    9.177844  14.206   1.057   1.250  87.043   6   6   6   0
  L111-S203      1148.793  1250.573  14.571   0.007 1.53300    9.177844  15.015   1.006   1.173  86.157   6   6   6   0
  L111-S218      1792.561  1650.996  13.540   0.003 1.53300    9.177844  13.941   1.642   1.821  87.879   6   6   6   0
  L111-S220       766.051  1773.349  14.087   0.004 1.53300    9.177844  14.490   1.766   1.989  87.498   6   6   6   0
  L111-S225       107.841  1889.709  15.465   0.014 1.53300    9.177844  15.913   1.161   1.298  85.384   6   6   6   0
  L111-S232       535.019  1989.124  15.354   0.013 1.53300    9.177844  15.805   0.948   1.123  85.317   6   6   6   0
b L111-S247      1009.562  2421.365  16.363   0.029 1.53300    9.177844  16.755   1.343   1.519  84.763   8   8   6   0
  L111-S249       380.873  2461.894  11.605   0.001 1.53300    9.177844  11.991   1.530   1.609  89.617   6   6   6   0
  L111-S251       745.434  2512.367  14.419   0.006 1.53300    9.177844  14.786   1.897   2.190  87.403   6   6   6   0
  L111-S252        27.139  2600.143  15.573   0.016 1.53300    9.177844  15.952   1.094   1.303  85.350   6   6   6   0
  L111-S260      2022.942  3069.500  16.159   0.025 1.53300    9.177844  16.496   1.521   1.639   0.796  17  14   9   5
  L111-S275      1046.058  3585.013  14.082   0.005 1.53300    9.177844  14.469   0.973   1.125  86.655   6   6   6   0
  L111-S278      1364.676  3673.996  13.669   0.003 1.53300    9.177844  14.044   1.459   1.561  87.516  14  12   9   0
b L111-S286      1004.023  3848.446  14.048   0.005 1.53300    9.177844  14.418   0.909   1.067  86.648   6   6   6   0
c L98-S3          775.143  3636.969  13.011   0.002 1.20600    0.314650  13.495   0.348   0.406   0.229 128 128 114  76
  L98-S6          863.581  3659.790  15.851   0.018 1.20600    0.314650  16.330   1.129   1.317   0.651 129 127 115  76
  L98-S7          996.901  3679.265  16.145   0.025 1.20600    0.314650  16.554   0.905   1.047   0.512 132 128 110  72
  L98-S11         976.626  3709.303  14.887   0.009 1.20600    0.314650  15.307   0.591   0.737   0.396 134 132 116  73
c L98-S14        1943.617  3743.990  14.875   0.008 1.20600    0.314650  15.347   1.366   1.636   0.813 121 121 114  70
  L98-S16         752.319  3748.966  12.110   0.001 1.20600    0.314650  12.627   0.367   0.538   0.283 135 130 120  73
  L98-S17        1048.206  3760.384  15.998   0.022 1.20600    0.314650  16.425   0.789   1.027   0.539 136 130 120  71
  L98-S18         851.753  3758.808  14.876   0.008 1.20600    0.314650  15.352   0.919   1.031   0.504 135 132 120  73
  L98-S20        1546.761  3772.020  14.402   0.006 1.20600    0.314650  14.857   0.516   0.617   0.345 132 125 119  73
  L98-S22         661.832  3765.327  16.081   0.022 1.20600    0.314650  16.567   0.956   1.138   0.571 133 131 117  73
  L98-S26         438.251  3785.754  15.385   0.013 1.20600    0.314650  15.854   0.639   0.808   0.434 143 139 127  74
  L98-S27         574.640  3808.924  14.597   0.006 1.20600    0.314650  15.020   1.708   1.910   0.922 141 137 123  68
  L98-S29         760.557  3826.303  14.276   0.005 1.20600    0.314650  14.717   0.469   0.631   0.359 150 150 132  77
  L98-S30        2029.201  3851.368  16.111   0.024 1.20600    0.314650  16.509   0.903   1.032   0.476 151 147 129  74
  L98-S31        1509.301  3851.043  16.398   0.029 1.20600    0.314650  16.929   1.321   1.653   0.772 148 146 133  77
  L98-S38        1261.873  3888.957  16.435   0.030 1.20600    0.314650  16.880   1.425   1.738   0.871 151 147 136  78
  L98-S40         489.159  3887.941  15.954   0.020 1.20600    0.314650  16.412   0.877   1.020   0.504 149 146 134  77
  L98-S41        1099.617  3893.990  16.373   0.029 1.20600    0.314650  16.771   0.832   1.058   0.542 153 148 136  79
  L98-S45         403.110  3943.105  15.633   0.016 1.20600    0.314650  16.135   0.798   1.004   0.520 154 149 139  76
c L98-S46        1390.298  3961.994  15.249   0.011 1.20600    0.314650  15.709   0.813   1.005   0.512 144 144 128  74
  L98-S50        1763.115  3985.220  15.647   0.015 1.20600    0.314650  16.085   0.597   0.722   0.393 144 142 127  75
  L98-S51         222.727  3970.813  15.932   0.021 1.20600    0.314650  16.428   0.813   0.964   0.483 151 149 138  72
  L98-S53         431.073  3980.367  15.440   0.013 1.20600    0.314650  16.323   0.758   0.952   0.496 153 149 140  73
  L98-S54        1501.105  3991.468  15.780   0.017 1.20600    0.314650  16.255   0.736   0.942   0.517 143 143 130  73
  L98-S59         638.470  4038.903  15.431   0.014 1.20600    0.314650  15.888   0.979   1.053   0.471 151 139 137  59
  L98-S60         674.497  4041.975  14.660   0.007 1.20600    0.314650  15.065   0.651   0.793   0.403 153 144 138  62
  L98-S61        1399.889  4053.432  16.331   0.028 1.20600    0.314650  16.914   0.885   1.056   0.526 148 144 131  63
  L98-S62         817.606  4056.936  15.219   0.010 1.20600    0.314650  15.637   0.833   1.026   0.516 157 146 141  64
  L98-S63         527.761  4054.479  15.110   0.010 1.20600    0.314650  15.532   0.757   0.881   0.432 158 146 141  64
b L98-S64        1170.206  4063.590  14.493   0.006 1.20600    0.314650  14.932   0.638   0.780   0.394 150 146 131  65
  L98-S806       1960.838  1489.075  15.435   0.013 1.20600    0.314650  15.881   0.821   1.088   0.598  55  53  42  20
  L98-S807       1982.045  1551.021  15.597   0.014 1.20600    0.314650  16.032   1.653   1.918   0.938  55  53  42  20
  L98-S808       1664.136  1570.726  16.045   0.020 1.20600    0.314650  16.369   1.172   1.480   0.726  55  53  42  20
  L98-S814       1688.295  1956.610  15.619   0.014 1.20600    0.314650  16.119   0.887   1.123   0.559  76  74  66  38
c L98-S817       1834.628  2077.250  15.329   0.012 1.20600    0.314650  15.737   1.657   1.829   0.854  78  78  64  44
  L98-S819       1814.411  2389.882  14.093   0.005 1.20600    0.314650  14.529   0.620   0.777   0.387  99  96  87  73
  L98-S820       1980.469  2447.286  14.587   0.006 1.20600    0.314650  15.013   1.564   1.822   0.876  98  96  85  70
  L98-S822       1889.458  2726.430  16.211   0.025 1.20600    0.314650  16.620   0.781   1.013   0.521 112  99 102  78
  L98-S824       1942.643  2741.087  13.797   0.004 1.20600    0.314650  14.245   0.604   0.759   0.384 102  99  95  73
  L98-S827       1915.953  2777.287  16.349   0.028 1.20600    0.314650  16.782   1.641   1.995   0.986 112 104 102  77
  L98-S828       1978.374  2828.047  15.976   0.020 1.20600    0.314650  16.441   0.963   1.240   0.627 117 110  99  76
  L98-S832       1701.000  3015.265  14.269   0.005 1.20600    0.314650  14.722   0.623   0.743   0.363 121 111 108  81
  L98-S835       1749.668  3154.508  16.277   0.025 1.20600    0.314650  16.668   1.657   1.984   0.969 123 111 107  83
  L98-S838       1988.053  3254.834  15.088   0.009 1.20600    0.314650  15.527   1.557   1.828   0.899 126 122 104  81
  L98-S842       1980.963  3312.033  15.168   0.010 1.20600    0.314650  15.583   1.741   2.042   0.997 126 119 103  81
  L98-S848       1900.518  3433.543  13.416   0.003 1.20600    0.314650  13.868   0.535   0.661   0.335 133 118 113  79
  L98-S849       1743.836  3435.800  12.339   0.002 1.20600    0.314650  12.796   0.420   0.623   0.340 130 116 113  78
  L98-S850       1261.621  3445.757  16.137   0.023 1.20600    0.314650  16.565   0.799   0.971   0.494 137 128 115  75
  L98-S851       1688.591  3453.733  15.803   0.017 1.20600    0.314650  16.241   0.809   0.956   0.474 132 124 113  74
  L98-S858        441.627  3470.890  15.414   0.013 1.20600    0.314650  15.849   0.499   0.653   0.372 140 134 117  76
  L98-S860       1213.022  3498.029  15.836   0.018 1.20600    0.314650  16.330   0.964   1.129   0.549 145 137 119  76
  L98-S863        864.609  3501.871  16.260   0.026 1.20600    0.314650  16.803   0.859   1.045   0.529 142 138 120  76
  L98-S864        628.643  3504.239  14.076   0.005 1.20600    0.314650  14.538   0.597   0.727   0.364 138 133 114  73
b L98-S866       1146.688  3517.783  13.129   0.002 1.20600    0.314650  13.668   0.525   0.682   0.379 146 139 120  79
  L98-S868       1254.933  3537.457  15.965   0.020 1.20600    0.314650  16.388   0.582   0.727   0.403 146 138 122  80
c L98-S871        891.253  3545.367  16.096   0.022 1.20600    0.314650  16.542   1.024   1.224   0.608 144 138 123  81
  L98-S875       1884.099  3569.170  14.303   0.005 1.20600    0.314650  14.780   0.551   0.734   0.409 139 120 121  85
  L98-S879       1132.148  3594.614  15.892   0.019 1.20600    0.314650  16.325   0.877   1.093   0.557 142 140 123  82
  L98-S1152      1368.010   332.917  14.346   0.006 1.20600    0.314650  14.815   1.338   1.517   0.745  32  32  25  11
  L98-S1156       946.555   476.386  14.376   0.006 1.20600    0.314650  14.853   0.686   0.800   0.386  37  37  28  13
  L98-S1162      1788.208   610.326  13.527   0.003 1.20600    0.314650  14.005   0.296   0.373   0.217  35  32  26  10
  L98-S1163      1420.108   642.226  13.765   0.003 1.20600    0.314650  14.230   0.658   0.788   0.397  35  35  27  12
c L98-S1164      1822.707   657.414  12.228   0.001 1.20600    0.314650  12.704   0.460   0.612   0.325  38  38  28  14
  L98-S1165      1693.482   709.724  13.754   0.004 1.20600    0.314650  14.227   1.032   1.143   0.536  42  40  33  16
c L98-S1166       359.712   719.947  12.241   0.001 1.20600    0.314650  12.718   0.612   0.738   0.389  39  37  30  13
  L98-S1171       627.146   817.226  14.176   0.005 1.20600    0.314650  14.630   1.395   1.676   0.843  39  37  30  13
  L98-S1176      1654.272   946.926  13.613   0.003 1.20600    0.314650  14.097   0.644   0.785   0.404  42  41  33  16
  L98-S1179        53.851   966.444  11.700   0.001 1.20600    0.314650  12.174   0.260   0.297   0.163  41  41  33  16
  L98-S1180      1734.474   980.238  13.563   0.003 1.20600    0.314650  14.030   1.292   1.444   0.701  45  44  36  19
  L98-S1182      1197.885  1014.979  13.540   0.003 1.20600    0.314650  14.002   1.354   1.498   0.735  42  41  32  16
  L98-S1187       472.997  1142.240  13.443   0.003 1.20600    0.314650  13.913   0.419   0.534   0.313  43  42  35  16
  L98-S1195       880.727  1347.065  13.588   0.003 1.20600    0.314650  14.046   1.284   1.450   0.711  49  48  37  17
c L98-S1197       959.275  1367.497  14.197   0.005 1.20600    0.314650  14.652   1.397   1.561   0.770  49  48  37  17
  L98-S1204      1170.774  1474.078  12.930   0.002 1.20600    0.314650  13.382   1.722   1.878   0.911  52  50  39  17
  L98-S1207      1129.628  1566.639  13.622   0.003 1.20600    0.314650  14.088   0.606   0.732   0.367  52  51  39  17
  L98-S1211      1216.776  1611.745  13.885   0.004 1.20600    0.314650  14.354   0.705   0.789   0.379  55  53  42  20
  L98-S1212      1641.694  1617.113  13.808   0.004 1.20600    0.314650  14.291   0.542   0.665   0.333  52  50  42  20
  L98-S1213       936.411  1629.090  13.305   0.003 1.20600    0.314650  13.760   1.161   1.293   0.620  57  53  45  21
  L98-S1546       335.043    87.600  16.379   0.030 1.20600    0.314650  16.885   1.072   1.331   0.682  26  26  22   7
  L98-S1548       832.858    98.769  12.994   0.002 1.20600    0.314650  13.488   1.214   1.374   0.666  26  26  22   7
  L98-S1552       393.757   191.226  13.488   0.003 1.20600    0.314650  13.988   0.732   0.839   0.400  30  30  26  10
  L98-S1555       580.763   250.792  14.869   0.008 1.20600    0.314650  15.383   0.857   1.062   0.544  30  30  26  10
  L98-S1568       763.409   568.920  15.811   0.017 1.20600    0.314650  16.360   0.683   0.874   0.489  34  33  25  10
  L98-S1571      1986.789   620.219  16.082   0.021 1.20600    0.314650  16.557   0.601   0.751   0.427  35  32  27  10
r L98-S1598      1166.582  1351.119  14.611   0.007 1.20600    0.314650  15.122   0.537   0.701   0.402  49  48  37  17
  L98-S1619        71.940  1757.840  16.114   0.024 1.20600    0.314650  16.568   1.487   1.743   0.873  48  45  40  23
  L98-S1624       778.817  1817.117  15.989   0.020 1.20600    0.314650  16.519   0.874   1.058   0.527  60  53  47  25
b L98-S1634      1789.033  1983.049  13.164   0.002 1.20600    0.314650  13.635   0.391   0.544   0.296  77  73  68  40
  L98-S1672       724.198  2631.939  16.132   0.022 1.20600    0.314650  16.552   1.600   1.847   0.912 112 104 100  72
  L98-S1674      1131.814  2656.816  15.150   0.010 1.20600    0.314650  15.623   0.783   0.926   0.457 114 107 100  72
  L98-S1675       345.581  2660.085  13.893   0.004 1.20600    0.314650  14.351   0.451   0.598   0.339 114 106 100  72
  L98-S1703      1290.001  3085.957  14.134   0.005 1.20600    0.314650  14.598   0.399   0.535   0.302 124 117 109  78
  L98-S1719      1032.004  3315.130  15.506   0.014 1.20600    0.314650  15.964   0.583   0.786   0.436 130 121 109  79
  L98-S1740      1832.691  3535.567  16.140   0.023 1.20600    0.314650  16.562   1.219   1.497   0.740 124 124 100  82
