#Star             Xc        Yc      Mag      Merr  Airmass UT             V       B-V     V-I      R-I   nV nBV nVI nRI 
  L101-S175      1737.416  1269.819  16.050   0.019 1.74000    5.474119  16.556   0.672   0.820   0.399   8   8   6   6
  L101-S177      1631.120  1321.965  12.914   0.002 1.74000    5.474119  13.305   0.784   0.897   0.439   7   7   6   6
  L101-S188       482.797  1463.343  19.314   0.386 1.74000    5.474119  19.736   1.633   2.752   1.627  22  19  22  29
  L101-S190      1827.911  1471.897  17.332   0.058 1.74000    5.474119  17.952   1.448   1.985   1.002   9   8   6   6
  L101-S191       511.667  1490.707  12.817   0.002 1.74000    5.474119  13.232   0.798   0.895   0.410  37  37  29  29
  L101-S195      1480.169  1523.243  16.626   0.031 1.74000    5.474119  17.087   0.621   0.704   0.336  31  31  28  28
  L101-S200      1668.632  1555.118  17.415   0.064 1.74000    5.474119  17.913   0.493   0.661   0.326  17  15  17  21
  L101-S201       193.837  1586.793  18.283   0.145 1.74000    5.474119  18.831   0.894   1.134   0.521  38  38  29  29
  L101-S205      1167.968  1624.410  16.572   0.028 1.74000    5.474119  17.028   0.929   1.102   0.483  33  33  28  28
  L101-S213        48.092  1736.486  17.166   0.051 1.74000    5.474119  17.595   0.885   1.033   0.488  39  39  36  36
  L101-S215      1426.318  1756.008  18.230   0.129 1.74000    5.474119  18.731   1.515   2.018   1.051  28  20  28  28
  L101-S279       548.756  1951.130  16.496   0.028 1.74000    5.474119  16.849   1.537   2.060   1.084  32  32  24  24
  L101-S280      1029.931  2141.853  16.757   0.035 1.74000    5.474119  17.229   0.776   0.905   0.427  31  31  25  25
  L101-S281       219.684  2150.255  15.668   0.014 1.74000    5.474119  16.052   0.792   0.919   0.434  41  41  31  31
  L101-S285      1317.907  2363.902  16.638   0.031 1.74000    5.474119  17.141   0.737   0.884   0.430  30  30  25  25
  L101-S287       464.254  2522.117  16.674   0.034 1.74000    5.474119  17.122   0.869   1.060   0.484  37  37  30  30
  L101-S290      1260.991  2770.711  13.614   0.003 1.74000    5.474119  13.991   0.819   0.909   0.426  31  31  25  25
  L101-S298       822.790  3230.177  16.958   0.043 1.74000    5.474119  17.423   0.787   0.930   0.437  30  30  27  27
  L101-S300       618.663  3341.789  16.000   0.019 1.74000    5.474119  16.394   0.604   0.722   0.362  45  45  30  30
  L101-S306       916.537  3458.947  16.513   0.032 1.74000    5.474119  16.988   1.253   1.496   0.662  33  33  25  25
  L101-S307      1228.071  3549.744  16.244   0.023 1.74000    5.474119  16.643   0.579   0.708   0.355  32  32  25  25
  L101-S310        37.458  4058.892  17.045   0.050 1.74000    5.474119  17.469   0.978   1.151   0.508  51  51  39  39
  L101-S404       324.771   549.929  17.822   0.086 1.74000    5.474119  18.101   1.767   2.839   1.677  14  14   5   5
  L101-S405      1674.541  1984.104  18.336   0.139 1.74000    5.474119  18.632   1.615   2.377   1.351  25  16  25  25
c L101-S458       663.008   191.399  13.790   0.004 1.74000    5.474119  14.431   1.032   1.272   0.637  12  12   5   5
  L101-S460       142.395   225.221  17.171   0.048 1.74000    5.474119  17.691   0.547   0.741   0.371  16  16   8   8
  L101-S461       520.463   254.782  16.433   0.026 1.74000    5.474119  16.940   0.839   1.042   0.490  11  11   5   5
  L101-S466       163.864   890.662  15.294   0.010 1.74000    5.474119  15.754   0.467   0.650   0.333  12  12   7   7
  L101-S469       341.744  1227.589  15.987   0.017 1.74000    5.474119  16.460   1.049   1.218   0.535  15  15  10  10
  L101-S477       782.454  2132.125  18.316   0.156 1.74000    5.474119  18.560   1.390   1.775   0.873  31  31  28  28
  L101-S480       330.951  2751.444  17.649   0.079 1.74000    5.474119  17.994   1.473   1.822   0.879  44  44  31  31
  L101-S481      1295.840  2872.860  17.324   0.060 1.74000    5.474119  17.807   0.916   1.128   0.559  29  28  23  23
  L101-S484      1684.156  3280.485  16.785   0.040 1.74000    5.474119  17.341   0.681   0.748   0.323  20  18  15  15
  L101-S495       224.096  4038.777  18.056   0.124 1.74000    5.474119  18.504   0.865   1.074   0.506  50  50  35  35
  L104-440        148.643  4025.953  14.742   0.007 1.70100    1.806195  15.119   0.453   0.629   0.330  91  72  90  53
  L104-L1        1006.879  2638.679  16.171   0.022 1.70100    1.806195  16.744   0.567   0.682   0.353  40  35  40  20
  L104-S97        713.630   264.781  13.796   0.003 1.70100    1.806195  14.237   0.662   0.767   0.379  20  17  18  14
  L104-S386        23.095    48.788  14.812   0.007 1.70100    1.806195  15.260   0.779   0.875   0.416  23  22  22  16
  L104-S407       419.855   650.644  16.396   0.025 1.70100    1.806195  16.846   0.591   0.726   0.347  43  41  43  26
  L104-S422       624.760   979.060  14.596   0.006 1.70100    1.806195  15.029   0.655   0.732   0.360  41  39  41  24
  L104-S440       123.700  1530.088  16.101   0.020 1.70100    1.806195  16.585   0.591   0.701   0.358  63  56  63  43
  L104-S445       844.847  1665.188  16.203   0.021 1.70100    1.806195  16.672   0.877   1.026   0.475  60  54  60  41
  L104-S468       535.064  2308.950  14.186   0.005 1.70100    1.806195  14.587   0.624   0.737   0.376  53  45  50  36
  L104-S478       110.515  3066.166  14.453   0.006 1.70100    1.806195  14.830   0.620   0.715   0.356  79  64  79  45
  L104-S479       578.897  3236.965  16.367   0.026 1.70100    1.806195  16.942   0.637   0.763   0.374  75  61  75  42
  L104-S484       345.159  3797.071  14.514   0.006 1.70100    1.806195  14.890   0.749   0.828   0.400  79  62  79  39
  L104-S624      1182.907   852.183  16.585   0.029 1.70100    1.806195  17.069   0.922   1.120   0.509  33  33  33  20
  L104-S631      1812.762  2251.251  14.506   0.006 1.70100    1.806195  14.928   0.676   0.791   0.412  25  24  25  14
  L104-S634      1539.043  2639.413  14.734   0.007 1.70100    1.806195  15.122   0.827   0.962   0.457  37  31  37  17
  L104-S637      1302.473  2846.440  16.227   0.023 1.70100    1.806195  16.631   0.833   0.980   0.468  40  33  40  20
  L104-S638      1904.374  3046.267  14.475   0.006 1.70100    1.806195  14.901   0.576   0.729   0.369  39  32  39  17
  L104-S639      1748.429  3067.279  16.564   0.030 1.70100    1.806195  17.006   0.615   0.730   0.373  40  33  40  17
  L104-S642      1443.890  3559.966  15.683   0.015 1.70100    1.806195  16.069   1.249   1.497   0.675  50  38  50  20
  L104-S734       893.484  3310.587  15.081   0.009 1.70100    1.806195  15.497   0.628   0.761   0.378  69  54  67  32
  L104-L1         851.017  2646.152  16.203   0.022 1.15200    5.244939  16.744   0.567   0.682   0.353  40  35  40  20
  L104-S97        556.578   272.951  13.716   0.003 1.15200    5.244939  14.237   0.662   0.767   0.379  20  17  18  14
  L104-S402       269.261   564.714  17.021   0.042 1.15200    5.244939  17.681   0.646   0.791   0.382  42  40  42  24
  L104-S407       263.496   658.377  16.280   0.022 1.15200    5.244939  16.846   0.591   0.726   0.347  43  41  43  26
  L104-S422       468.318   987.125  14.539   0.006 1.15200    5.244939  15.029   0.655   0.732   0.360  41  39  41  24
  L104-S445       688.883  1673.013  16.207   0.021 1.15200    5.244939  16.672   0.877   1.026   0.475  60  54  60  41
  L104-S468       379.915  2316.140  14.129   0.004 1.15200    5.244939  14.587   0.624   0.737   0.376  53  45  50  36
  L104-S479       424.059  3244.111  16.476   0.027 1.15200    5.244939  16.942   0.637   0.763   0.374  75  61  75  42
  L104-S484       191.076  3804.152  14.450   0.006 1.15200    5.244939  14.890   0.749   0.828   0.400  79  62  79  39
  L104-S624      1025.502   860.384  16.632   0.029 1.15200    5.244939  17.069   0.922   1.120   0.509  33  33  33  20
  L104-S628      1986.622  1834.546  15.674   0.014 1.15200    5.244939  16.157   0.637   0.710   0.374  26  24  26  15
  L104-S631      1654.952  2259.309  14.455   0.006 1.15200    5.244939  14.928   0.676   0.791   0.412  25  24  25  14
  L104-S634      1382.067  2647.118  14.670   0.006 1.15200    5.244939  15.122   0.827   0.962   0.457  37  31  37  17
  L104-S637      1146.161  2853.884  16.180   0.022 1.15200    5.244939  16.631   0.833   0.980   0.468  40  33  40  20
  L104-S638      1747.067  3054.204  14.432   0.005 1.15200    5.244939  14.901   0.576   0.729   0.369  39  32  39  17
  L104-S639      1591.529  3074.952  16.501   0.029 1.15200    5.244939  17.006   0.615   0.730   0.373  40  33  40  17
  L104-S642      1287.639  3567.171  15.625   0.014 1.15200    5.244939  16.069   1.249   1.497   0.675  50  38  50  20
  L104-S734       738.326  3317.847  15.033   0.009 1.15200    5.244939  15.497   0.628   0.761   0.378  69  54  67  32
  L107-720       1603.785  1013.502  12.638   0.002 1.37800    5.709024  13.098   0.630   0.727   0.361  30  18  30  17
  L107-S155      1130.762  3584.402  16.542   0.025 1.37800    5.709024  16.950   0.951   1.021   0.500  38  29  37  24
  L107-S157      1358.158  3617.461  16.314   0.020 1.37800    5.709024  16.747   0.623   0.788   0.402  40  29  37  24
  L107-S163      1417.548  3714.529  17.094   0.040 1.37800    5.709024  17.539   0.596   0.763   0.391  40  24  37  18
  L107-S165      1900.948  3721.310  17.035   0.040 1.37800    5.709024  17.607   0.526   0.723   0.380  31  18  30  17
  L107-S183       561.168  3971.073  16.082   0.017 1.37800    5.709024  16.506   1.377   1.724   0.795  45  34  43  29
  L107-S184       203.186  3998.767  15.703   0.012 1.37800    5.709024  16.140   0.941   1.058   0.481  72  50  69  47
  L107-S185      1040.786  4002.709  17.104   0.040 1.37800    5.709024  18.563   1.197   1.520   0.691  39  25  39  28
  L107-S188       295.215  4028.767  17.208   0.046 1.37800    5.709024  17.665   0.931   1.130   0.506  71  51  67  47
  L107-S189      1447.411  4033.873  15.617   0.011 1.37800    5.709024  16.059   0.656   0.806   0.400  41  30  40  22
  L107-S410       785.065  1218.034  14.985   0.007 1.37800    5.709024  15.463   0.683   0.874   0.450  33  22  33  19
  L107-S416       541.234  1271.896  15.829   0.013 1.37800    5.709024  16.311   0.915   1.082   0.545  33  25  33  19
  L107-S417       603.188  1284.548  17.026   0.035 1.37800    5.709024  17.455   0.612   0.770   0.400  36  25  36  19
  L107-S418       198.100  1308.448  15.247   0.009 1.37800    5.709024  15.692   0.809   0.922   0.452  58  41  57  37
  L107-S422       604.611  1454.589  16.415   0.020 1.37800    5.709024  16.956   0.545   0.758   0.396  39  30  39  25
  L107-S427       851.260  1579.061  15.503   0.010 1.37800    5.709024  15.983   0.952   1.107   0.501  39  30  38  25
  L107-S430      1152.533  1700.945  17.260   0.046 1.37800    5.709024  17.908   0.686   0.831   0.429  35  29  35  24
  L107-S434       832.857  1770.015  13.804   0.003 1.37800    5.709024  14.274   0.110   0.153   0.109  39  25  38  19
  L107-S455       352.948  2123.312  17.364   0.050 1.37800    5.709024  17.865   0.864   1.086   0.496  46  35  46  33
  L107-S463       167.802  2274.875  15.470   0.010 1.37800    5.709024  15.898   0.714   0.834   0.413  62  41  62  37
  L107-S472       118.403  2588.432  16.904   0.034 1.37800    5.709024  17.320   0.924   1.146   0.544  49  34  49  30
  L107-S475       206.814  2602.773  14.716   0.006 1.37800    5.709024  15.148   0.798   0.868   0.410  48  34  48  30
  L107-S480       651.250  2751.089  17.126   0.041 1.37800    5.709024  17.714   1.000   1.233   0.557  40  28  32  22
  L107-S491      1359.229  2984.634  16.191   0.018 1.37800    5.709024  16.643   0.804   0.970   0.494  40  29  37  24
  L107-S492       117.027  3017.124  15.927   0.015 1.37800    5.709024  16.360   0.669   0.809   0.401  73  47  69  46
  L107-S494       405.393  3028.971  16.625   0.026 1.37800    5.709024  17.029   0.615   0.788   0.404  45  29  40  25
  L107-S499      1370.782  3128.083  16.235   0.020 1.37800    5.709024  16.649   0.709   0.926   0.483  36  26  30  24
  L107-S500        52.044  3152.338  15.757   0.013 1.37800    5.709024  16.187   0.937   1.147   0.560  68  46  63  46
  L107-S503       113.374  3225.300  16.115   0.017 1.37800    5.709024  16.506   0.723   0.872   0.438  73  48  69  46
  L107-S506        70.636  3316.858  17.036   0.037 1.37800    5.709024  17.462   1.139   1.517   0.734  73  48  69  46
  L107-S513       446.765  3459.950  16.589   0.025 1.37800    5.709024  17.053   0.498   0.688   0.369  43  30  40  25
  L107-S514       802.021  3469.686  15.972   0.016 1.37800    5.709024  16.394   0.838   1.020   0.507  43  30  38  25
  L107-S518       611.834  3583.101  14.939   0.007 1.37800    5.709024  15.386   0.573   0.750   0.386  41  30  40  25
  L107-S522       567.879  3690.514  14.653   0.006 1.37800    5.709024  15.083   0.830   0.949   0.452  43  30  40  25
  L107-S1408     1650.086   236.923  17.256   0.043 1.37800    5.709024  17.881   1.425   1.766   0.811  22  10  22  11
  L107-S1409     1595.953   318.005  14.922   0.007 1.37800    5.709024  15.415   1.215   1.474   0.636  26  13  26  12
  L107-S1413     1479.951   449.458  17.401   0.048 1.37800    5.709024  17.913   0.974   0.959   0.469  29  17  29  17
  L107-S1425     1933.816   736.010  13.163   0.002 1.37800    5.709024  13.647   0.636   0.766   0.396  22  13  22  16
  L107-S1434     1451.256  1236.095  15.937   0.014 1.37800    5.709024  16.414   0.806   0.929   0.454  29  19  28  18
  L107-S1435     1878.053  1242.232  15.465   0.010 1.37800    5.709024  15.966   0.856   0.979   0.468  23  15  23  17
  L107-S1449     1305.811  1560.846  17.138   0.042 1.37800    5.709024  17.690   0.597   0.778   0.409  35  29  35  24
  L107-S1472     1529.785  2108.087  16.706   0.029 1.37800    5.709024  17.187   0.547   0.733   0.390  33  23  33  18
  L107-S1477     1056.322  2259.846  15.036   0.007 1.37800    5.709024  15.488   0.879   0.971   0.451  35  25  34  19
  L107-S1485     1316.056  2532.088  17.159   0.041 1.37800    5.709024  17.735   0.781   0.914   0.457  35  29  35  24
  L107-S1486      935.325  2622.838  16.755   0.031 1.37800    5.709024  17.346   1.162   1.383   0.611  34  29  34  24
  L107-S1496     1979.004  2874.101  16.944   0.035 1.37800    5.709024  17.485   0.692   0.830   0.424  28  15  25  13
  L107-S1498      499.004  2967.316  14.232   0.004 1.37800    5.709024  14.656   0.679   0.803   0.396  36  30  36  25
  L107-720       1490.639  1031.940  12.610   0.002 1.18000    8.749450  13.098   0.630   0.727   0.361  30  18  30  17
  L107-S154       934.019  3572.082  17.184   0.045 1.18000    8.749450  17.797   0.556   0.754   0.402  39  29  37  24
  L107-S155      1019.511  3601.141  16.507   0.024 1.18000    8.749450  16.950   0.951   1.021   0.500  38  29  37  24
  L107-S157      1246.366  3634.256  16.261   0.019 1.18000    8.749450  16.747   0.623   0.788   0.402  40  29  37  24
  L107-S163      1305.809  3731.194  16.979   0.036 1.18000    8.749450  17.539   0.596   0.763   0.391  40  24  37  18
  L107-S165      1788.262  3738.264  17.289   0.050 1.18000    8.749450  17.607   0.526   0.723   0.380  31  18  30  17
  L107-S175       271.491  3837.037  17.194   0.044 1.18000    8.749450  17.798   0.441   0.618   0.322  50  34  46  29
  L107-S183       450.788  3987.415  16.012   0.016 1.18000    8.749450  16.506   1.377   1.724   0.795  45  34  43  29
  L107-S184        93.180  4014.954  15.665   0.012 1.18000    8.749450  16.140   0.941   1.058   0.481  72  50  69  47
  L107-S188       185.060  4044.972  17.166   0.041 1.18000    8.749450  17.665   0.931   1.130   0.506  71  51  67  47
  L107-S189      1335.815  4050.305  15.600   0.011 1.18000    8.749450  16.059   0.656   0.806   0.400  41  30  40  22
  L107-S410       673.563  1235.771  14.965   0.007 1.18000    8.749450  15.463   0.683   0.874   0.450  33  22  33  19
  L107-S416       430.035  1289.258  15.830   0.013 1.18000    8.749450  16.311   0.915   1.082   0.545  33  25  33  19
  L107-S417       491.979  1301.954  16.943   0.034 1.18000    8.749450  17.455   0.612   0.770   0.400  36  25  36  19
  L107-S418        87.044  1325.710  15.199   0.008 1.18000    8.749450  15.692   0.809   0.922   0.452  58  41  57  37
  L107-S422       493.292  1471.987  16.452   0.022 1.18000    8.749450  16.956   0.545   0.758   0.396  39  30  39  25
  L107-S427       739.755  1596.554  15.505   0.010 1.18000    8.749450  15.983   0.952   1.107   0.501  39  30  38  25
  L107-S430      1040.848  1718.412  17.146   0.040 1.18000    8.749450  17.908   0.686   0.831   0.429  35  29  35  24
  L107-S434       721.475  1787.185  13.786   0.003 1.18000    8.749450  14.274   0.110   0.153   0.109  39  25  38  19
  L107-S460       266.086  2247.176  17.395   0.050 1.18000    8.749450  17.820   0.510   0.720   0.378  35  23  33  19
  L107-S463        57.112  2291.694  15.457   0.010 1.18000    8.749450  15.898   0.714   0.834   0.413  62  41  62  37
  L107-S475        96.299  2619.377  14.698   0.006 1.18000    8.749450  15.148   0.798   0.868   0.410  48  34  48  30
  L107-S480       540.228  2767.975  17.061   0.038 1.18000    8.749450  17.714   1.000   1.233   0.557  40  28  32  22
  L107-S491      1247.586  3001.847  16.188   0.019 1.18000    8.749450  16.643   0.804   0.970   0.494  40  29  37  24
  L107-S494       295.006  3045.791  16.537   0.025 1.18000    8.749450  17.029   0.615   0.788   0.404  45  29  40  25
  L107-S499      1258.949  3145.208  16.174   0.019 1.18000    8.749450  16.649   0.709   0.926   0.483  36  26  30  24
  L107-S513       336.441  3476.656  16.548   0.024 1.18000    8.749450  17.053   0.498   0.688   0.369  43  30  40  25
  L107-S514       691.200  3486.374  15.919   0.015 1.18000    8.749450  16.394   0.838   1.020   0.507  43  30  38  25
  L107-S518       501.186  3599.856  14.930   0.007 1.18000    8.749450  15.386   0.573   0.750   0.386  41  30  40  25
  L107-S522       457.458  3707.022  14.620   0.005 1.18000    8.749450  15.083   0.830   0.949   0.452  43  30  40  25
  L107-S1408     1536.344   256.033  17.381   0.049 1.18000    8.749450  17.881   1.425   1.766   0.811  22  10  22  11
  L107-S1409     1482.372   337.041  14.896   0.006 1.18000    8.749450  15.415   1.215   1.474   0.636  26  13  26  12
  L107-S1413     1366.883   468.169  17.339   0.045 1.18000    8.749450  17.913   0.974   0.959   0.469  29  17  29  17
  L107-S1425     1819.625   754.908  13.153   0.002 1.18000    8.749450  13.647   0.636   0.766   0.396  22  13  22  16
  L107-S1434     1338.641  1254.280  15.875   0.013 1.18000    8.749450  16.414   0.806   0.929   0.454  29  19  28  18
  L107-S1435     1764.584  1260.781  15.452   0.010 1.18000    8.749450  15.966   0.856   0.979   0.468  23  15  23  17
  L107-S1449     1193.586  1578.733  17.245   0.044 1.18000    8.749450  17.690   0.597   0.778   0.409  35  29  35  24
  L107-S1472     1417.264  2125.666  16.652   0.027 1.18000    8.749450  17.187   0.547   0.733   0.390  33  23  33  18
  L107-S1477      944.965  2277.030  15.017   0.007 1.18000    8.749450  15.488   0.879   0.971   0.451  35  25  34  19
  L107-S1485     1204.406  2549.358  17.275   0.045 1.18000    8.749450  17.735   0.781   0.914   0.457  35  29  35  24
  L107-S1486      824.116  2639.934  16.820   0.031 1.18000    8.749450  17.346   1.162   1.383   0.611  34  29  34  24
  L107-S1495     2005.649  2888.651  13.640   0.003 1.18000    8.749450  14.120   0.772   0.890   0.436  28  15  25  13
  L107-S1496     1866.494  2891.550  17.013   0.036 1.18000    8.749450  17.485   0.692   0.830   0.424  28  15  25  13
  L107-S1498      388.675  2984.164  14.198   0.004 1.18000    8.749450  14.656   0.679   0.803   0.396  36  30  36  25
  L107-S1512     1961.845  3689.208  15.472   0.011 1.18000    8.749450  15.965   0.757   0.899   0.444  32  18  30  17
  L110-S264       902.868   939.089  15.841   0.016 1.33700    8.968483  16.266   2.701   3.200   1.487  18  14  18  19
  L110-S266       840.771   979.203  16.074   0.019 1.33700    8.968483  16.531   1.886   2.311   1.171  19  15  19  19
  L110-S269       869.047  1017.830  16.077   0.019 1.33700    8.968483  16.555   1.539   2.026   1.046  19  15  19  19
  L110-S274       183.433  1227.867  15.253   0.010 1.33700    8.968483  15.708   1.635   1.999   0.975  22  14  22  17
  L110-S276      1025.150  1243.253  15.988   0.018 1.33700    8.968483  16.485   1.987   2.488   1.243  16  14  16  17
  L110-S285      1842.024  1434.911  16.071   0.020 1.33700    8.968483  16.505   1.553   2.169   1.162  18  15  18  19
  L110-S286      1905.291  1435.749  14.825   0.007 1.33700    8.968483  15.293   1.456   1.890   0.942  14  12  14  14
  L110-S293      1935.958  1755.863  16.566   0.030 1.33700    8.968483  17.055   2.286   2.856   1.373  14   8  14  14
  L110-S296       154.917  1850.794  15.860   0.017 1.33700    8.968483  16.231   3.444   4.891   2.218  23  12  23  20
  L110-S304       190.820  2001.961  16.451   0.027 1.33700    8.968483  16.650   1.987   2.497   1.253  23  14  21  19
  L110-S322      1435.034  2695.354  12.771   0.002 1.33700    8.968483  13.181   2.806   3.388   1.492  33  25  33  36
  L110-S333       966.938  3100.721  13.734   0.003 1.33700    8.968483  14.138   1.880   2.308   1.174  33  25  33  32
  L110-S339       975.626  3208.450  15.319   0.011 1.33700    8.968483  15.732   1.666   2.048   1.012  37  29  37  35
  L110-S341      1050.863  3298.128  13.550   0.003 1.33700    8.968483  13.970   1.393   1.705   0.860  42  33  42  34
  L110-S343       352.863  3389.249  16.388   0.025 1.33700    8.968483  16.822   2.949   3.631   1.625  45  33  45  35
  L110-S344      1404.109  3410.673  13.278   0.003 1.33700    8.968483  13.684   1.266   1.574   0.814  42  33  42  35
  L110-S345      1254.046  3429.607  15.572   0.014 1.33700    8.968483  15.993   1.543   1.814   0.844  42  33  42  35
  L110-S347      1216.078  3511.972  13.247   0.002 1.33700    8.968483  13.664   0.928   1.019   0.487  42  33  42  34
  L110-S351       518.043  3745.296  15.463   0.012 1.33700    8.968483  15.867   1.940   2.439   1.167  43  36  43  36
  L110-S357      1878.203  3862.923  14.058   0.004 1.33700    8.968483  14.519   1.807   2.212   1.147  38  30  36  32
  L110-S693       799.878  1348.025  14.138   0.004 1.33700    8.968483  14.598   1.417   1.730   0.886  18  15  18  18
  L110-S705      1711.666  1496.062  16.346   0.026 1.33700    8.968483  16.904   1.594   1.956   0.905  18  15  18  19
  L110-S736       815.071  1851.005  14.769   0.007 1.33700    8.968483  15.205   1.655   2.454   1.433  19  15  19  19
  L110-S822      1927.884  3116.330  16.066   0.020 1.33700    8.968483  16.471   2.063   2.494   1.256  29  23  29  30
  L111-S186       436.053   391.893  16.010   0.018 1.53300    9.177844  16.516   1.466   1.592  85.075   6   6   6   0
  L111-S193       261.510   649.243  15.915   0.017 1.53300    9.177844  16.407   1.053   1.212  84.804   6   6   6   0
  L111-S196       188.866   850.742  16.161   0.021 1.53300    9.177844  16.565   1.624   1.732  85.166   6   6   6   0
  L111-S199        88.949   876.060  16.182   0.022 1.53300    9.177844  16.646   1.231   1.385  84.738   6   6   6   0
  L111-S201      1310.840  1215.667  14.675   0.006 1.53300    9.177844  15.122   0.876   1.073  85.950   6   6   6   0
  L111-S202      1832.807  1226.802  13.709   0.003 1.53300    9.177844  14.170   1.605   1.775  87.604   8   6   8   0
  L111-S204      1438.032  1268.266  13.733   0.003 1.53300    9.177844  14.175   0.925   1.090  86.914   6   6   6   0
  L111-S206       886.299  1309.054  13.314   0.003 1.53300    9.177844  13.757   1.441   1.584  87.826   6   6   6   0
  L111-S210       291.991  1435.076  13.966   0.004 1.53300    9.177844  14.400   1.098   1.261  86.860   6   6   6   0
  L111-S211       545.009  1471.132  14.179   0.004 1.53300    9.177844  14.608   0.889   1.100  86.491   6   6   6   0
  L111-S216      1056.719  1614.641  14.933   0.008 1.53300    9.177844  15.373   0.965   1.160  85.786   6   6   6   0
  L111-S222      1476.027  1828.991  14.337   0.005 1.53300    9.177844  14.765   1.168   1.357  86.591   6   6   6   0
  L111-S226      1793.380  1889.201  12.997   0.002 1.53300    9.177844  13.344   1.631   1.804  88.459   6   6   6   0
  L111-S228      1260.533  1925.056  14.112   0.004 1.53300    9.177844  14.550   1.465   1.687  87.136   6   6   6   0
  L111-S230       736.340  1949.086  15.061   0.009 1.53300    9.177844  15.465   1.014   1.162  85.696   6   6   6   0
  L111-S231      1490.798  1979.074  13.705   0.003 1.53300    9.177844  14.132   1.373   1.549  87.416   6   6   6   0
  L111-S233      1717.233  2000.375  14.371   0.005 1.53300    9.177844  14.807   0.916   1.076  86.268   6   6   6   0
  L111-S242       175.770  2223.932  16.499   0.030 1.53300    9.177844  17.003   1.193   1.361  84.357   7   7   6   0
  L111-S245      1352.084  2407.793  15.846   0.018 1.53300    9.177844  16.267   1.107   1.313  85.045   6   6   6   0
b L111-S246      1773.896  2417.259  12.126   0.001 1.53300    9.177844  12.558   0.849   0.974  88.415   6   6   6   0
  L111-S250      1516.159  2492.921  15.797   0.016 1.53300    9.177844  16.221   1.663   2.137  85.915   6   6   6   0
  L111-S253       417.434  2690.139  15.481   0.013 1.53300    9.177844  15.887   1.098   1.233  85.345   8   7   6   0
  L111-S256      1964.354  2809.168  13.235   0.002 1.53300    9.177844  13.680   1.656   1.866  88.185   6   6   6   0
  L111-S258      1026.720  2961.666  16.465   0.029 1.53300    9.177844  16.906   1.026   1.220  84.313   5   5   5   0
  L111-S268      1435.787  3380.344  14.687   0.007 1.53300    9.177844  15.114   0.838   1.009  85.894   6   6   6   0
  L111-S269       711.566  3406.166  15.523   0.013 1.53300    9.177844  15.900   1.692   1.897  85.996   6   6   6   0
  L111-S273      1539.813  3522.038  13.101   0.002 1.53300    9.177844  13.510   1.568   1.685  88.174   6   6   6   0
  L111-S274      1064.305  3546.883  13.453   0.003 1.53300    9.177844  13.852   1.189   1.296  87.443   6   6   6   0
  L111-S284      1372.630  3782.690  13.103   0.002 1.53300    9.177844  13.506   1.608   1.739  88.232   6   6   6   0
  L111-S285       910.132  3803.184  13.507   0.003 1.53300    9.177844  13.916   0.949   1.090  87.173   6   6   6   0
  L111-S287      1768.251  3868.907  15.121   0.010 1.53300    9.177844  15.544   1.013   1.127  85.582   6   6   6   0
  L111-S288       327.390  3884.146  14.153   0.005 1.53300    9.177844  14.540   1.314   1.449  86.908   6   6   6   0
  L111-S289       881.132  3925.133  14.210   0.005 1.53300    9.177844  14.606   1.257   1.406  86.799   6   6   6   0
  L111-S290       475.214  3931.839  13.443   0.003 1.53300    9.177844  13.828   1.667   1.873  88.044   6   6   6   0
b L111-S291      1667.773  3948.001  14.761   0.008 1.53300    9.177844  15.163   1.068   1.290  86.126   6   6   6   0
  L111-S292      1835.924  3966.003  14.832   0.008 1.53300    9.177844  15.279   1.398   1.561  86.281   6   6   6   0
  L98-961         634.739  3958.047  12.654   0.002 1.20600    0.314650  13.090   1.274   1.383   0.661 147 147 129  82
  L98-966         448.583  4030.227  13.544   0.003 1.20600    0.314650  14.001   0.492   0.622   0.338 150 150 132  74
c L98-S8          287.676  3696.802  14.428   0.005 1.20600    0.314650  14.852   0.561   0.812   0.424 129 125 115  75
  L98-S13         262.230  3729.931  15.532   0.014 1.20600    0.314650  15.982   0.843   0.951   0.449 140 130 124  79
  L98-S19         301.911  3773.150  16.165   0.024 1.20600    0.314650  16.603   0.948   1.058   0.503 132 125 118  72
  L98-S21         200.131  3779.897  16.246   0.024 1.20600    0.314650  16.711   0.696   0.946   0.523 130 123 118  73
  L98-S24         337.174  3792.903  12.368   0.001 1.20600    0.314650  12.824   0.541   0.632   0.306 136 132 121  70
  L98-S28         311.937  3833.902  15.842   0.017 1.20600    0.314650  16.279   0.840   1.065   0.543 145 143 128  73
  L98-S33          38.044  3864.259  13.576   0.003 1.20600    0.314650  14.033   0.507   0.643   0.320 148 144 126  68
  L98-S804        585.786  1374.060  15.419   0.011 1.20600    0.314650  15.902   1.589   1.851   0.912  54  53  42  20
  L98-S805        665.473  1467.021  14.146   0.004 1.20600    0.314650  14.645   0.751   0.820   0.382  53  51  40  20
  L98-S809       1018.782  1665.222  14.973   0.008 1.20600    0.314650  15.487   0.713   0.830   0.402  55  52  46  23
  L98-S811        940.680  1709.761  15.378   0.011 1.20600    0.314650  15.841   0.753   0.946   0.507  53  49  43  23
  L98-S812        751.210  1731.100  15.194   0.009 1.20600    0.314650  15.681   0.835   1.050   0.525  50  49  39  25
  L98-S813        535.089  1920.289  14.976   0.008 1.20600    0.314650  15.446   0.742   0.943   0.475  71  68  60  32
  L98-S815        573.324  1963.773  15.924   0.017 1.20600    0.314650  16.388   1.410   1.608   0.765  75  75  65  36
  L98-S816       1018.081  2056.961  15.042   0.009 1.20600    0.314650  15.531   0.755   0.933   0.457  72  71  62  35
  L98-S821        892.800  2598.189  15.088   0.009 1.20600    0.314650  15.565   0.697   0.874   0.445 105  97  94  72
  L98-S825        938.981  2756.635  13.682   0.003 1.20600    0.314650  14.152   0.576   0.690   0.337 114 105 101  76
  L98-S826         74.220  2775.625  15.168   0.010 1.20600    0.314650  15.596   0.760   0.911   0.448 115 106  97  73
  L98-S829        503.144  2909.976  15.621   0.014 1.20600    0.314650  16.096   0.805   1.028   0.528 115 106 100  77
  L98-S830        957.007  2946.667  14.405   0.005 1.20600    0.314650  14.860   1.578   1.670   0.795 112 105  99  77
  L98-S831        516.312  2966.478  16.039   0.019 1.20600    0.314650  16.513   0.902   1.130   0.571 116 107 100  77
  L98-S834        933.618  3109.409  16.392   0.026 1.20600    0.314650  16.963   1.252   1.449   0.707 123 115 107  81
  L98-S836        605.268  3185.763  13.756   0.003 1.20600    0.314650  14.220   0.483   0.571   0.304 126 119 109  84
b L98-S837        730.445  3191.838  15.182   0.010 1.20600    0.314650  15.396   1.566   1.811   0.887 127 120 109  84
  L98-S839        815.137  3262.114  15.638   0.015 1.20600    0.314650  16.155   0.768   0.974   0.498 124 115 111  85
  L98-S840        486.952  3267.960  16.065   0.020 1.20600    0.314650  16.512   0.730   0.917   0.498 127 119 108  83
  L98-S843        930.115  3362.356  14.353   0.005 1.20600    0.314650  14.813   0.715   0.898   0.462 131 121 111  86
  L98-S844       1454.078  3381.056  16.049   0.020 1.20600    0.314650  16.532   0.786   0.954   0.484 119 109 102  77
  L98-S846       2014.835  3422.077  16.033   0.019 1.20600    0.314650  16.675   0.747   0.933   0.496 116 107 102  73
  L98-S847        457.793  3433.410  12.495   0.002 1.20600    0.314650  12.952   0.403   0.490   0.242 133 121 114  80
  L98-S853         92.628  3468.971  14.651   0.006 1.20600    0.314650  15.106   0.509   0.690   0.390 133 127 113  75
  L98-S854       1956.085  3475.165  13.442   0.003 1.20600    0.314650  13.953   0.415   0.513   0.279 124 113 107  71
  L98-S855       1577.972  3477.224  15.974   0.018 1.20600    0.314650  16.386   0.827   0.957   0.473 125 118 109  76
  L98-S856        635.261  3477.266  15.715   0.015 1.20600    0.314650  16.241   0.531   0.659   0.376 137 133 117  81
  L98-S859         25.005  3487.413  15.591   0.015 1.20600    0.314650  16.021   0.772   0.934   0.464 138 131 109  70
  L98-S861       1422.113  3509.334  15.546   0.013 1.20600    0.314650  15.999   0.616   0.766   0.435 134 127 110  75
  L98-S862        842.986  3509.663  16.096   0.023 1.20600    0.314650  16.517   1.305   1.488   0.729 136 131 119  82
  L98-S867       1351.128  3528.444  13.482   0.003 1.20600    0.314650  13.954   0.661   0.730   0.344 136 128 112  78
  L98-S876        599.466  3579.773  14.299   0.005 1.20600    0.314650  14.755   0.791   0.869   0.406 142 139 122  87
  L98-S877        962.493  3591.005  15.135   0.010 1.20600    0.314650  15.580   1.844   2.043   0.971 138 131 116  85
  L98-S880        786.175  3610.124  11.797   0.001 1.20600    0.314650  12.261   0.287   0.327   0.165 138 135 116  87
  L98-S881        874.631  3625.437  15.478   0.013 1.20600    0.314650  15.898   0.718   0.891   0.485 133 126 112  85
  L98-S882       1002.456  3625.911  16.426   0.029 1.20600    0.314650  16.942   0.845   1.033   0.529 133 125 112  85
  L98-S883        944.133  3625.811  14.824   0.007 1.20600    0.314650  15.306   0.748   0.958   0.502 132 126 111  85
  L98-S884       1858.221  3629.154  15.864   0.019 1.20600    0.314650  16.285   0.912   1.099   0.553 121 113 106  77
  L98-S885       1258.585  3629.069  15.249   0.010 1.20600    0.314650  15.728   0.920   1.066   0.524 126 119 108  80
  L98-S886        668.426  3629.142  15.610   0.014 1.20600    0.314650  16.057   1.069   1.228   0.599 129 126 111  85
  L98-S887       1904.593  3638.353  11.982   0.001 1.20600    0.314650  12.491   0.269   0.385   0.219 117 110 101  75
  L98-S889        903.129  3652.161  16.106   0.022 1.20600    0.314650  16.555   0.834   1.025   0.521 127 117 104  79
  L98-S890        991.275  3656.167  15.773   0.017 1.20600    0.314650  16.265   1.347   1.634   0.741 129 119 107  82
  L98-S893        571.124  3663.124  15.026   0.009 1.20600    0.314650  15.483   0.799   0.929   0.451 129 127 113  81
  L98-S895       1650.610  3674.830  14.458   0.006 1.20600    0.314650  14.857   0.720   0.846   0.422 122 108 105  72
  L98-S900       1413.378  3708.210  16.153   0.022 1.20600    0.314650  16.646   0.928   1.117   0.533 126 115 105  77
c L98-S904       1793.052  3799.218  12.949   0.002 1.20600    0.314650  13.308   1.157   1.378   0.693 121 110 108  71
  L98-S906       1268.447  3828.465  16.021   0.020 1.20600    0.314650  16.480   0.744   0.923   0.475 134 121 110  73
  L98-S908       1196.452  3834.005  14.245   0.005 1.20600    0.314650  14.720   0.399   0.477   0.278 139 131 114  74
  L98-S911        585.211  3843.108  15.616   0.014 1.20600    0.314650  16.078   1.506   1.918   0.939 154 150 135  84
  L98-S913       1090.098  3878.966  15.616   0.014 1.20600    0.314650  16.116   0.818   1.014   0.518 144 135 123  76
  L98-S914        887.669  3885.852  14.637   0.006 1.20600    0.314650  15.082   1.304   1.468   0.720 151 142 127  80
r L98-S915       1148.276  3892.504  15.390   0.012 1.20600    0.314650  15.880   0.696   0.872   0.487 141 131 121  74
  L98-S916       1849.779  3902.742  14.255   0.005 1.20600    0.314650  14.742   0.751   0.877   0.434 128 118 111  73
  L98-S917        776.111  3900.817  14.914   0.008 1.20600    0.314650  15.383   0.965   1.126   0.524 153 147 131  84
  L98-S925       1716.599  3993.932  16.483   0.030 1.20600    0.314650  16.891   0.926   1.146   0.565 126 123 111  69
  L98-S927       1508.940  4019.007  13.991   0.004 1.20600    0.314650  14.453   0.537   0.678   0.374 130 127 112  74
  L98-S928        586.160  4015.174  15.086   0.009 1.20600    0.314650  15.559   0.696   0.859   0.434 149 149 131  79
c L98-S931       1781.615  4041.545  12.334   0.001 1.20600    0.314650  12.781   1.148   1.331   0.664 126 122 114  65
  L98-S932        896.168  4042.212  16.160   0.022 1.20600    0.314650  16.654   1.540   2.298   1.283 149 144 122  70
  L98-S933       1117.955  4045.058  14.028   0.004 1.20600    0.314650  14.482   0.619   0.769   0.407 139 131 119  63
  L98-S934       1319.774  4046.592  14.558   0.006 1.20600    0.314650  15.024   0.704   0.859   0.438 134 127 114  66
  L98-S937       1895.805  4069.839  15.126   0.010 1.20600    0.314650  15.611   1.196   1.362   0.664 130 118 111  61
  L98-S938       1557.775  4072.461  15.614   0.015 1.20600    0.314650  16.095   0.765   0.951   0.489 131 118 114  63
b L98-S1148      1800.656   268.506  14.188   0.004 1.20600    0.314650  14.709   2.341   2.685   1.297  26  26  25  10
  L98-S1151       692.540   312.747  14.271   0.005 1.20600    0.314650  14.782   0.448   0.573   0.313  35  35  28  14
  L98-S1154       358.643   428.037  12.433   0.002 1.20600    0.314650  12.943   0.562   0.677   0.314  31  31  28  11
  L98-S1159       422.708   560.866  14.304   0.005 1.20600    0.314650  14.801   0.721   0.801   0.353  37  34  29  12
  L98-S1160      1640.042   559.740  14.017   0.004 1.20600    0.314650  14.513   0.529   0.681   0.373  31  31  27  10
  L98-S1238      1860.413  2110.119  13.271   0.002 1.20600    0.314650  13.783   1.107   1.300   0.548  65  61  60  34
  L98-S1543      1654.145    38.990  14.978   0.008 1.20600    0.314650  15.506   1.488   1.751   0.876  25  25  25   9
  L98-S1564      1357.720   499.032  15.653   0.013 1.20600    0.314650  16.155   0.768   0.944   0.480  33  33  27  12
  L98-S1567       904.351   530.055  16.481   0.026 1.20600    0.314650  17.023   0.840   1.028   0.504  37  37  28  13
  L98-S1569      1823.941   565.279  16.063   0.019 1.20600    0.314650  16.590   0.790   1.001   0.553  28  28  27  10
  L98-S1580       543.508  1014.701  12.740   0.002 1.20600    0.314650  13.204   1.932   2.109   0.987  44  42  35  19
  L98-S1582      1428.767  1072.715  16.423   0.024 1.20600    0.314650  16.987   0.828   1.041   0.543  34  30  28  13
  L98-S1585      1228.445  1112.079  14.225   0.004 1.20600    0.314650  14.722   1.349   1.506   0.727  37  35  31  13
  L98-S1590       847.606  1228.131  13.606   0.003 1.20600    0.314650  14.080   1.849   2.044   0.978  48  47  36  16
  L98-S1596       754.652  1338.068  16.556   0.030 1.20600    0.314650  17.007   0.828   1.028   0.571  51  50  39  19
  L98-S1620      1286.276  1763.643  13.978   0.004 1.20600    0.314650  14.467   0.425   0.569   0.327  43  34  34  19
  L98-S1637       205.135  2043.304  14.051   0.004 1.20600    0.314650  14.512   0.601   0.744   0.352  77  75  70  40
  L98-S1691      1757.882  2935.956  12.887   0.002 1.20600    0.314650  13.372   0.236   0.281   0.168  96  84  90  67
  L98-S1702      1615.785  3087.894  16.094   0.021 1.20600    0.314650  16.535   0.818   0.981   0.494 105  93  96  69
  L98-S1705      1250.545  3119.071  14.996   0.008 1.20600    0.314650  15.462   0.837   0.999   0.495 111 102  96  73
