#Star             Xc        Yc      Mag      Merr  Airmass UT             V       B-V     V-I      R-I   nV nBV nVI nRI 
  L101-L4        1557.671    20.854  15.837   0.023 1.74000    5.474119  16.237   0.778   0.890   0.417  57  57  57  57
  L101-L5        1722.096   158.217  15.520   0.015 1.74000    5.474119  15.897   0.627   0.761   0.379  56  56  56  58
  L101-S94       1997.687   131.071  12.824   0.002 1.74000    5.474119  13.205   0.622   0.729   0.352  67  67  60  56
  L101-S315      1347.521   274.760  14.698   0.008 1.74000    5.474119  15.091   0.712   0.806   0.384  55  55  55  56
  L101-S317      1835.150   434.239  17.348   0.075 1.74000    5.474119  17.833   0.585   0.806   0.412  49  49  49  49
  L101-S319      1562.678   510.970  17.621   0.096 1.74000    5.474119  18.054   1.134   1.352   0.603  49  49  49  48
b L101-S320      1936.953   659.722  13.322   0.003 1.74000    5.474119  13.723   0.756   0.891   0.440  56  56  55  48
  L101-S321      1352.297   739.922  14.182   0.005 1.74000    5.474119  14.574   0.563   0.707   0.352  49  49  49  50
  L101-S323       676.769  1009.245  14.309   0.006 1.74000    5.474119  14.689   0.780   0.919   0.432  42  42  39  39
  L101-S327      1610.832  1085.687  15.744   0.018 1.74000    5.474119  16.110   0.701   0.807   0.399  53  53  39  39
  L101-S331      1121.116  1516.028  14.567   0.007 1.74000    5.474119  14.933   0.747   0.888   0.444  35  35  33  33
  L101-S334      1804.793  1791.326  16.434   0.034 1.74000    5.474119  16.820   0.996   1.168   0.542  49  49  31  31
  L101-S340      2046.543  2538.893   0.000   0.000 1.74000    5.474119  17.692   1.091   1.303   0.580  30  30  30  26
  L101-S341      1377.973  2553.211  14.245   0.005 1.74000    5.474119  14.628   0.606   0.720   0.354  31  31  30  26
  L101-S355      2058.340  3047.138   0.000   0.000 1.74000    5.474119  14.345   0.879   0.950   0.422  39  36  30  25
  L101-S357      1232.403  3082.208  16.061   0.024 1.74000    5.474119  16.460   0.827   0.939   0.407  31  31  30  25
  L101-S369      1975.985  3418.713  13.235   0.003 1.74000    5.474119  13.614   1.012   1.135   0.496  39  36  30  25
  L101-S373      1916.980  3688.257  17.411   0.079 1.74000    5.474119  17.933   0.415   0.606   0.301  39  35  30  25
  L101-S377       764.275  3842.253  17.308   0.075 1.74000    5.474119  17.742   1.260   1.461   0.610  27  27  26  25
  L101-S380       840.046  3976.856  16.735   0.043 1.74000    5.474119  17.035   1.031   1.248   0.519  27  27  26  24
  L101-S382      1309.518  4066.058  17.741   0.107 1.74000    5.474119  18.246   1.086   1.315   0.564  31  27  30  25
  L101-S413       926.324   550.727  18.717   0.273 1.74000    5.474119  18.875   1.639   2.530   1.478  39  35  39  46
  L101-S501       672.995   568.470  17.080   0.063 1.74000    5.474119  17.523   0.845   1.024   0.465  43  43  43  47
  L101-S504      1711.214   884.901  16.508   0.036 1.74000    5.474119  17.069   0.518   0.595   0.306  43  43  31  27
  L101-S508      1772.129  1237.523  19.884   0.792 1.74000    5.474119  19.278   1.706   2.548   1.462  54  24  37  37
  L101-S509       543.015  1268.640  17.473   0.089 1.74000    5.474119  17.773   0.468   0.650   0.326  17  17  11  11
  L101-S511       284.443  1399.854  16.275   0.029 1.74000    5.474119  16.671   0.511   0.710   0.330  13  13  11  11
  L101-S513      1020.878  1762.359  17.629   0.097 1.74000    5.474119  18.016   1.014   1.177   0.539  29  29  27  27
  L101-S514      1505.908  1808.559  17.746   0.112 1.74000    5.474119  18.260   0.926   1.054   0.508  33  33  31  31
  L101-S517       519.088  2077.027  17.172   0.065 1.74000    5.474119  17.623   1.095   1.290   0.571   7   7   5   5
  L101-S520       899.869  2950.269  18.143   0.159 1.74000    5.474119  18.759   0.569   0.750   0.338  25  25  24  24
  L101-S522      1608.098  3064.788  16.616   0.038 1.74000    5.474119  17.121   0.499   0.672   0.310  39  36  30  25
  L101-S528       653.160  4108.974   0.000   0.000 1.74000    5.474119  18.509   0.783   0.858   0.349  27  24  26  25
  L104-239       1562.982   360.679  13.569   0.003 1.70100    1.806195  13.933   1.365   1.662   0.783  89  68  85  56
  L104-244       1741.788   995.073  15.642   0.016 1.70100    1.806195  16.064   0.561   0.710   0.369  81  60  78  48
  L104-S49        460.294   711.234  13.256   0.003 1.70100    1.806195  13.619   0.696   0.747   0.361  24  13  15  15
  L104-S52        568.453   810.129  15.257   0.012 1.70100    1.806195  15.603   0.899   1.037   0.481  44  31  34  31
  L104-S54        963.937   933.982  14.923   0.009 1.70100    1.806195  15.305   0.724   0.817   0.400  44  33  37  28
  L104-S59       2019.967  1588.935  14.771   0.009 1.70100    1.806195  15.135   0.571   0.674   0.346  86  65  85  46
  L104-S60        727.156  1687.327  14.840   0.009 1.70100    1.806195  15.211   0.739   0.843   0.418  46  33  38  32
  L104-S63        845.465  1820.375  15.864   0.021 1.70100    1.806195  16.289   0.851   0.972   0.454  47  33  35  32
  L104-S64        429.257  1883.393  14.369   0.006 1.70100    1.806195  14.746   0.557   0.651   0.332  42  31  34  31
  L104-S65       1965.300  1892.559  15.439   0.014 1.70100    1.806195  15.781   0.718   0.828   0.412  77  56  75  44
  L104-S507      1125.502  1604.877  15.394   0.014 1.70100    1.806195  15.748   0.826   0.943   0.459  55  37  47  36
  L104-S510       631.451  1852.560  15.600   0.016 1.70100    1.806195  15.982   1.034   1.107   0.487  45  32  34  31
  L104-S660       734.929  3004.600  13.753   0.004 1.70100    1.806195  14.123   1.129   1.250   0.545  38  27  31  25
  L104-237        341.106    23.778  14.906   0.010 1.15200    5.244939  15.363   1.009   1.211   0.573  44  31  34  31
  L104-239       1407.953   366.235  13.497   0.003 1.15200    5.244939  13.933   1.365   1.662   0.783  89  68  85  56
  L104-244       1587.057  1001.159  15.541   0.015 1.15200    5.244939  16.064   0.561   0.710   0.369  81  60  78  48
  L104-S49        303.107   717.651  13.174   0.002 1.15200    5.244939  13.619   0.696   0.747   0.361  24  13  15  15
  L104-S50       1766.451   748.297  16.419   0.032 1.15200    5.244939  16.818   0.769   0.879   0.430  66  53  66  41
  L104-S52        411.675   816.576  15.156   0.011 1.15200    5.244939  15.603   0.899   1.037   0.481  44  31  34  31
  L104-S54        807.881   940.095  14.840   0.008 1.15200    5.244939  15.305   0.724   0.817   0.400  44  33  37  28
  L104-S59       1865.794  1595.339  14.668   0.007 1.15200    5.244939  15.135   0.571   0.674   0.346  86  65  85  46
  L104-S60        570.116  1694.165  14.767   0.008 1.15200    5.244939  15.211   0.739   0.843   0.418  46  33  38  32
  L104-S63        688.378  1827.350  15.793   0.018 1.15200    5.244939  16.289   0.851   0.972   0.454  47  33  35  32
  L104-S64        271.362  1890.756  14.291   0.005 1.15200    5.244939  14.746   0.557   0.651   0.332  42  31  34  31
  L104-S65       1810.761  1899.460  15.308   0.012 1.15200    5.244939  15.781   0.718   0.828   0.412  77  56  75  44
  L104-S353      1426.725   681.213  16.790   0.046 1.15200    5.244939  17.320   0.606   0.746   0.375  66  50  63  34
  L104-S378      2010.921  2699.017  16.892   0.048 1.15200    5.244939  17.405   0.566   0.697   0.362  64  55  64  41
  L104-S507       969.748  1611.596  15.278   0.013 1.15200    5.244939  15.748   0.826   0.943   0.459  55  37  47  36
  L104-S510       473.947  1859.770  15.559   0.016 1.15200    5.244939  15.982   1.034   1.107   0.487  45  32  34  31
  L104-S514       815.030  2533.143  16.856   0.050 1.15200    5.244939  17.321   0.644   0.766   0.387  41  32  35  26
  L104-S660       577.762  3013.298  13.668   0.003 1.15200    5.244939  14.123   1.129   1.250   0.545  38  27  31  25
  L104-S666      1538.621  3604.993  16.500   0.037 1.15200    5.244939  16.995   0.853   0.981   0.470  50  40  50  32
  L107-S206      1407.642   137.926  16.624   0.033 1.37800    5.709024  17.067   0.949   1.156   0.560  53  45  53  45
  L107-S228      1711.579   433.261  15.570   0.013 1.37800    5.709024  15.987   0.449   0.612   0.342  52  46  52  45
  L107-S230      1433.570   457.137  15.635   0.014 1.37800    5.709024  16.077   0.716   0.855   0.436  53  47  53  43
  L107-S234      1484.871   496.756  16.461   0.027 1.37800    5.709024  16.876   0.985   1.155   0.568  53  47  53  41
  L107-S269      1199.397   926.881  15.200   0.009 1.37800    5.709024  15.628   0.885   0.982   0.476  47  42  47  40
  L107-S272      1362.061   963.397  16.577   0.030 1.37800    5.709024  17.043   0.550   0.744   0.396  54  48  54  44
  L107-S290      1748.972  1150.385  16.345   0.025 1.37800    5.709024  16.801   0.555   0.748   0.398  62  51  62  47
  L107-S312      1183.989  1407.407  15.961   0.018 1.37800    5.709024  16.375   0.885   1.039   0.525  43  42  43  38
  L107-S551      1923.722   141.021  14.730   0.007 1.37800    5.709024  15.165   0.668   0.802   0.411  57  45  57  45
  L107-S564       834.084   594.925  16.964   0.043 1.37800    5.709024  17.599   0.636   0.821   0.437  40  40  40  35
  L107-S568       345.117   684.758  14.919   0.008 1.37800    5.709024  15.355   0.510   0.692   0.371  31  30  31  34
  L107-S574       795.762   812.287  14.106   0.004 1.37800    5.709024  14.517   0.948   0.999   0.468  41  40  41  35
  L107-S583      1009.278  1114.508  15.767   0.015 1.37800    5.709024  16.180   1.623   2.429   1.367  41  40  41  36
  L107-S587       870.975  1236.318  16.454   0.028 1.37800    5.709024  16.931   0.607   0.798   0.421  38  38  38  33
  L107-S590        94.682  1274.586  15.318   0.010 1.37800    5.709024  15.798   0.652   0.817   0.424  31  30  31  33
  L107-S594       953.548  1403.825  16.962   0.043 1.37800    5.709024  17.390   1.343   1.663   0.794  41  40  41  36
  L107-S597       245.732  1484.993  15.468   0.012 1.37800    5.709024  15.904   0.796   0.953   0.479  31  30  31  33
  L107-S599       890.503  1559.929  16.725   0.035 1.37800    5.709024  17.166   0.806   0.951   0.486  38  37  38  33
  L107-S607       273.977  1701.989  13.399   0.003 1.37800    5.709024  13.818   1.001   1.139   0.572  31  30  31  33
  L107-S608       330.889  1752.132  16.912   0.041 1.37800    5.709024  17.347   0.550   0.764   0.409  31  30  31  33
  L107-S612       340.423  1793.081  15.538   0.012 1.37800    5.709024  15.957   0.219   0.355   0.224  31  30  31  33
  L107-S653      1042.176  2271.512  16.433   0.027 1.37800    5.709024  16.908   0.982   1.136   0.520  16  16  16  20
  L107-S657       582.669  2328.927  16.697   0.034 1.37800    5.709024  17.130   0.655   0.868   0.436  20  19  20  23
  L107-S669      1420.381  2462.907  13.408   0.003 1.37800    5.709024  13.852   0.685   0.793   0.396  39  30  39  27
  L107-S675      1622.991  2518.332  16.965   0.041 1.37800    5.709024  17.448   0.949   1.140   0.554  40  31  40  28
  L107-S684      1755.748  2584.314  15.830   0.015 1.37800    5.709024  16.280   0.749   0.879   0.454  39  30  39  27
  L107-S691      1798.634  2684.240  16.658   0.030 1.37800    5.709024  17.160   1.210   1.411   0.642  39  30  39  27
  L107-S696      1366.335  2739.845  12.912   0.002 1.37800    5.709024  13.358   1.158   1.422   0.655  32  27  32  27
  L107-S703      1710.053  2839.904  16.733   0.035 1.37800    5.709024  17.244   1.100   1.239   0.575  34  28  34  27
  L107-S704      1474.690  2844.127  16.776   0.036 1.37800    5.709024  17.244   1.070   1.343   0.643  34  28  34  27
  L107-S1056      388.320   199.885  16.876   0.039 1.37800    5.709024  17.312   1.676   2.393   1.322  30  29  30  32
  L107-S1099      847.791  1010.017  16.968   0.043 1.37800    5.709024  17.358   1.629   2.368   1.311  36  36  36  29
  L107-S1102       46.999  1066.035  16.929   0.044 1.37800    5.709024  17.309   1.660   2.714   1.612  29  29  29  31
  L107-S1131       27.931  1464.539  16.895   0.044 1.37800    5.709024  17.335   0.428   0.584   0.333  29  29  29  33
  L107-S1174      795.525  2080.913  16.813   0.039 1.37800    5.709024  17.293   1.302   1.561   0.703  29  29  29  30
  L107-S1175     1996.334  2089.638  16.056   0.019 1.37800    5.709024  16.485   0.730   0.860   0.434  46  38  46  37
  L107-S1176      625.877  2099.180  16.464   0.027 1.37800    5.709024  16.899   1.614   2.213   1.181  27  27  27  28
  L107-S1185      814.214  2231.470  16.520   0.030 1.37800    5.709024  16.927   0.855   1.041   0.497  17  17  17  20
  L107-S1227     1507.542  2927.293  16.501   0.028 1.37800    5.709024  16.965   0.698   0.877   0.464  32  26  30  23
  L107-S1238      546.898  3012.961  14.195   0.004 1.37800    5.709024  14.615   0.701   0.836   0.423  25  21  24  22
  L107-S1251     1645.284  3142.900  14.124   0.004 1.37800    5.709024  14.569   0.880   1.031   0.511  32  26  30  23
  L107-S1264      561.613  3272.709  16.709   0.035 1.37800    5.709024  17.110   0.426   0.583   0.311  25  21  24  22
  L107-S1277      206.883  3404.170  16.370   0.025 1.37800    5.709024  16.804   1.004   1.185   0.551  25  21  24  22
  L107-S1286      221.559  3537.757  17.039   0.047 1.37800    5.709024  17.588   0.793   0.910   0.451  25  21  24  22
  L107-S1288      452.233  3550.077  16.657   0.032 1.37800    5.709024  17.046   0.693   0.884   0.450  25  21  24  22
  L107-S1304      745.062  3662.087  16.340   0.025 1.37800    5.709024  16.741   0.830   0.951   0.476  25  21  24  22
  L107-S1306      443.048  3708.850  15.740   0.015 1.37800    5.709024  16.185   0.697   0.837   0.419  25  21  24  22
  L107-S1307      586.007  3736.958  14.404   0.005 1.37800    5.709024  14.843   0.761   0.880   0.434  25  21  24  22
  L107-S1599      121.215  2084.010  17.082   0.050 1.37800    5.709024  17.671   0.802   0.938   0.477  26  26  26  28
  L107-S1626      303.547  2986.737  16.323   0.025 1.37800    5.709024  16.749   0.863   0.994   0.499  25  21  24  22
  L107-S1804      751.466  3931.087  15.279   0.010 1.37800    5.709024  15.692   1.486   1.814   0.848  23  17  18  18
  L107-S206      1296.812   153.045  16.610   0.033 1.18000    8.749450  17.067   0.949   1.156   0.560  53  45  53  45
  L107-S228      1600.921   448.636  15.553   0.013 1.18000    8.749450  15.987   0.449   0.612   0.342  52  46  52  45
  L107-S230      1322.727   472.651  15.644   0.013 1.18000    8.749450  16.077   0.716   0.855   0.436  53  47  53  43
  L107-S234      1373.984   512.169  16.394   0.026 1.18000    8.749450  16.876   0.985   1.155   0.568  53  47  53  41
  L107-S260      1765.532   794.646  16.256   0.023 1.18000    8.749450  18.360   1.279   1.477   0.665  59  46  59  46
  L107-S269      1087.931   942.423  15.195   0.009 1.18000    8.749450  15.628   0.885   0.982   0.476  47  42  47  40
  L107-S272      1250.868   979.012  16.510   0.028 1.18000    8.749450  17.043   0.550   0.744   0.396  54  48  54  44
  L107-S290      1638.158  1166.213  16.330   0.025 1.18000    8.749450  16.801   0.555   0.748   0.398  62  51  62  47
  L107-S294      1984.698  1240.685  13.352   0.002 1.18000    8.749450  13.802   0.666   0.779   0.397  64  53  64  50
  L107-S312      1072.686  1423.412  15.950   0.017 1.18000    8.749450  16.375   0.885   1.039   0.525  43  42  43  38
  L107-S314      1739.756  1426.796  15.733   0.015 1.18000    8.749450  16.187   1.357   1.678   0.788  62  51  62  47
  L107-S551      1813.230   156.309  14.709   0.007 1.18000    8.749450  15.165   0.668   0.802   0.411  57  45  57  45
  L107-S564       722.115   610.370  17.124   0.046 1.18000    8.749450  17.599   0.636   0.821   0.437  40  40  40  35
  L107-S568       232.236   700.267  14.879   0.007 1.18000    8.749450  15.355   0.510   0.692   0.371  31  30  31  34
  L107-S574       683.341   827.883  14.070   0.004 1.18000    8.749450  14.517   0.948   0.999   0.468  41  40  41  35
  L107-S583       897.319  1130.139  15.732   0.015 1.18000    8.749450  16.180   1.623   2.429   1.367  41  40  41  36
  L107-S587       758.890  1252.193  16.447   0.027 1.18000    8.749450  16.931   0.607   0.798   0.421  38  38  38  33
  L107-S594       841.551  1419.867  16.973   0.043 1.18000    8.749450  17.390   1.343   1.663   0.794  41  40  41  36
  L107-S597       132.675  1500.932  15.441   0.012 1.18000    8.749450  15.904   0.796   0.953   0.479  31  30  31  33
  L107-S599       778.237  1576.011  16.640   0.033 1.18000    8.749450  17.166   0.806   0.951   0.486  38  37  38  33
  L107-S607       160.742  1718.022  13.350   0.002 1.18000    8.749450  13.818   1.001   1.139   0.572  31  30  31  33
  L107-S608       217.741  1768.224  16.842   0.039 1.18000    8.749450  17.347   0.550   0.764   0.409  31  30  31  33
  L107-S612       227.227  1809.286  15.462   0.012 1.18000    8.749450  15.957   0.219   0.355   0.224  31  30  31  33
  L107-S618      1253.624  1852.541  16.928   0.042 1.18000    8.749450  17.528   0.688   0.848   0.430  52  46  52  47
  L107-S653       930.229  2287.997  16.485   0.028 1.18000    8.749450  16.908   0.982   1.136   0.520  16  16  16  20
  L107-S657       469.930  2345.273  16.639   0.033 1.18000    8.749450  17.130   0.655   0.868   0.436  20  19  20  23
  L107-S669      1308.933  2479.219  13.381   0.002 1.18000    8.749450  13.852   0.685   0.793   0.396  39  30  39  27
  L107-S675      1511.677  2534.897  16.959   0.040 1.18000    8.749450  17.448   0.949   1.140   0.554  40  31  40  28
  L107-S679      1980.189  2566.808  14.012   0.004 1.18000    8.749450  14.478   0.706   0.802   0.409  42  33  42  30
  L107-S684      1644.835  2601.003  15.810   0.014 1.18000    8.749450  16.280   0.749   0.879   0.454  39  30  39  27
  L107-S691      1687.884  2700.889  16.650   0.029 1.18000    8.749450  17.160   1.210   1.411   0.642  39  30  39  27
  L107-S696      1254.799  2756.508  12.884   0.002 1.18000    8.749450  13.358   1.158   1.422   0.655  32  27  32  27
  L107-S703      1598.837  2856.600  16.688   0.032 1.18000    8.749450  17.244   1.100   1.239   0.575  34  28  34  27
  L107-S704      1363.012  2861.090  16.669   0.033 1.18000    8.749450  17.244   1.070   1.343   0.643  34  28  34  27
  L107-S1056      275.590   215.197  16.927   0.044 1.18000    8.749450  17.312   1.676   2.393   1.322  30  29  30  32
  L107-S1099      735.546  1025.833  16.891   0.039 1.18000    8.749450  17.358   1.629   2.368   1.311  36  36  36  29
  L107-S1174      682.897  2097.215  16.915   0.042 1.18000    8.749450  17.293   1.302   1.561   0.703  29  29  29  30
  L107-S1175     1885.975  2105.813  15.960   0.017 1.18000    8.749450  16.485   0.730   0.860   0.434  46  38  46  37
  L107-S1176      513.020  2115.737  16.440   0.027 1.18000    8.749450  16.899   1.614   2.213   1.181  27  27  27  28
  L107-S1185      701.760  2247.939  16.392   0.026 1.18000    8.749450  16.927   0.855   1.041   0.497  17  17  17  20
  L107-S1227     1396.122  2944.124  16.460   0.027 1.18000    8.749450  16.965   0.698   0.877   0.464  32  26  30  23
  L107-S1233     1702.094  2976.851  17.118   0.048 1.18000    8.749450  17.661   1.259   1.448   0.654  32  26  30  23
  L107-S1238      433.798  3030.095  14.168   0.004 1.18000    8.749450  14.615   0.701   0.836   0.423  25  21  24  22
  L107-S1251     1534.119  3159.974  14.091   0.004 1.18000    8.749450  14.569   0.880   1.031   0.511  32  26  30  23
b L107-S1260     1940.990  3227.241  14.681   0.006 1.18000    8.749450  15.165   0.826   0.958   0.486  32  28  31  25
  L107-S1264      448.227  3290.114  16.683   0.032 1.18000    8.749450  17.110   0.426   0.583   0.311  25  21  24  22
  L107-S1277       92.732  3421.990  16.410   0.027 1.18000    8.749450  16.804   1.004   1.185   0.551  25  21  24  22
  L107-S1286      107.277  3555.525  16.983   0.044 1.18000    8.749450  17.588   0.793   0.910   0.451  25  21  24  22
  L107-S1288      338.571  3567.878  16.548   0.030 1.18000    8.749450  17.046   0.693   0.884   0.450  25  21  24  22
  L107-S1304      631.873  3680.043  16.306   0.024 1.18000    8.749450  16.741   0.830   0.951   0.476  25  21  24  22
  L107-S1306      329.071  3726.821  15.721   0.015 1.18000    8.749450  16.185   0.697   0.837   0.419  25  21  24  22
  L107-S1307      472.298  3754.898  14.388   0.005 1.18000    8.749450  14.843   0.761   0.880   0.434  25  21  24  22
  L107-S1626      189.893  3004.000  16.264   0.024 1.18000    8.749450  16.749   0.863   0.994   0.499  25  21  24  22
  L107-S1804      638.091  3949.142  15.240   0.009 1.18000    8.749450  15.692   1.486   1.814   0.848  23  17  18  18
  L110-249        540.907   442.620  11.925   0.001 1.33700    8.968483  12.350   0.711   0.813   0.403  48  40  14   9
  L110-273       1865.960  3440.140  14.295   0.005 1.33700    8.968483  14.682   2.498   2.875   1.330  90  69  68  39
  L110-280        464.573  3880.576  12.575   0.002 1.33700    8.968483  12.995   2.141   2.383   1.148  76  66  44  35
  L110-S376       701.699   304.910  16.243   0.030 1.33700    8.968483  16.630   1.882   2.314   1.186  46  39  14  10
  L110-S377       685.948   354.053  15.632   0.017 1.33700    8.968483  16.039   1.892   2.353   1.195  45  31  15  10
  L110-S385      1126.529   508.382  15.520   0.016 1.33700    8.968483  15.917   1.672   2.083   1.090  55  52  25  13
  L110-S388      1992.150   574.843  14.736   0.008 1.33700    8.968483  15.143   1.748   2.134   1.065  61  61  46  38
  L110-S389      1077.629   582.501  15.124   0.010 1.33700    8.968483  15.519   3.413   4.115   1.846  52  52  26  13
  L110-S408       481.444   954.268  15.563   0.016 1.33700    8.968483  16.037   1.789   2.193   1.084  51  44  16  10
  L110-S425      1814.022  1271.042  15.512   0.016 1.33700    8.968483  15.918   1.480   1.731   0.843  73  44  53  33
  L110-S433      1757.094  1422.762  16.176   0.028 1.33700    8.968483  16.547   1.886   2.314   1.157  76  58  55  33
  L110-S439       956.170  1546.976  15.409   0.014 1.33700    8.968483  15.831   1.931   2.436   1.253  42  42  26  14
  L110-S440      1520.045  1549.922  15.142   0.011 1.33700    8.968483  15.556   1.500   1.867   0.905  71  69  49  33
  L110-S441       493.914  1555.925  16.235   0.028 1.33700    8.968483  16.566   1.957   2.451   1.256  37  37  15  10
  L110-S447      1068.917  1726.848  15.419   0.014 1.33700    8.968483  15.885   1.517   2.079   1.082  48  48  30  14
  L110-S451      1118.644  1772.737  15.992   0.024 1.33700    8.968483  16.376   1.819   2.195   1.072  52  50  31  14
  L110-S453      1122.921  1803.671  16.040   0.025 1.33700    8.968483  16.436   1.760   2.187   1.091  52  50  32  14
  L110-S456      1885.393  1869.777  14.812   0.008 1.33700    8.968483  15.213   1.709   2.061   1.027  84  69  62  33
  L110-S457       208.536  1887.691  16.209   0.028 1.33700    8.968483  16.764   1.897   2.322   1.202  31  31  14  10
  L110-S460        73.210  1921.469  15.453   0.014 1.33700    8.968483  15.949   1.588   1.924   0.970  31  31  14  10
  L110-S473      1841.388  2217.768  15.921   0.020 1.33700    8.968483  16.295   3.224   3.897   1.710  79  60  64  34
  L110-S497       791.760  2788.062  15.423   0.014 1.33700    8.968483  15.824   1.344   1.590   0.744  68  50  22  11
  L110-S512       290.094  3037.795  15.467   0.015 1.33700    8.968483  15.847   1.781   2.114   1.086  64  48  18  10
  L110-S515       460.299  3042.788  14.120   0.005 1.33700    8.968483  14.551   1.245   1.406   0.638  66  48  19  10
  L110-S516       421.434  3044.204  15.636   0.018 1.33700    8.968483  16.020   1.709   2.119   1.099  64  48  18  10
  L110-S517      1485.448  3066.162  15.558   0.016 1.33700    8.968483  15.946   2.653   3.110   1.418 102  74  53  31
  L110-S523       696.034  3162.715  13.415   0.003 1.33700    8.968483  13.860   0.971   1.062   0.507  68  50  21  11
  L110-S525       588.665  3178.692  15.295   0.013 1.33700    8.968483  15.717   1.533   1.714   0.837  68  50  21  11
  L110-S528      1834.126  3355.132  16.047   0.024 1.33700    8.968483  16.463   1.654   2.024   1.001  84  70  61  32
  L110-S538      1962.805  3628.235  15.509   0.016 1.33700    8.968483  15.836   3.032   4.116   1.932  95  75  65  37
  L110-S540      1440.220  3656.980  13.509   0.003 1.33700    8.968483  13.928   1.084   1.232   0.587  96  77  51  33
  L110-S542       574.127  3699.541  15.146   0.011 1.33700    8.968483  15.563   1.483   1.806   0.944  68  47  20  11
  L110-S548      1667.873  3765.018  15.498   0.015 1.33700    8.968483  15.838   2.488   2.893   1.347  82  64  58  32
  L110-S550      1699.030  3787.855  15.020   0.010 1.33700    8.968483  15.419   1.595   1.964   1.007  80  47  58  32
  L110-S556      1472.013  3954.085  14.265   0.005 1.33700    8.968483  14.688   1.363   1.666   0.857  56  50  33  12
  L110-S1022      200.738   776.249  12.969   0.002 1.33700    8.968483  13.410   1.125   1.426   0.747  42  42  14  10
  L110-S1036      554.198   888.855  14.490   0.006 1.33700    8.968483  14.874   2.861   3.305   1.493  52  46  17  11
  L110-S1149      425.996  1578.928  15.000   0.010 1.33700    8.968483  15.419   1.923   2.355   1.170  37  37  16  10
  L110-S1204      205.870  1935.055  16.126   0.026 1.33700    8.968483  16.978   1.552   2.088   1.082  31  31  14  10
  L110-S1354      867.052  2648.810  16.278   0.030 1.33700    8.968483  16.620   1.719   2.147   1.110  71  54  30  13
  L98-S1283      1674.418   562.452  14.033   0.004 1.20600    0.314650  14.488   0.680   0.855   0.442  25  24  25  21
  L98-S1293      1788.542   903.443  14.147   0.005 1.20600    0.314650  14.599   0.835   0.975   0.492  24  23  24  20
  L98-S1312      1913.806  1568.964  14.347   0.006 1.20600    0.314650  14.793   0.875   1.068   0.553  26  26  25  22
  L98-S1316      1487.340  1815.453  14.221   0.005 1.20600    0.314650  14.665   1.033   1.223   0.616  26  21  22  17
  L98-S1318      1852.315  1900.107  13.478   0.003 1.20600    0.314650  13.922   1.667   1.854   0.913  29  28  28  23
  L98-S1320      1743.996  2023.589  13.719   0.004 1.20600    0.314650  14.185   0.535   0.670   0.345  29  26  26  23
  L98-S1322      1360.169  2053.829  13.523   0.003 1.20600    0.314650  13.977   0.703   0.867   0.439  28  26  20  18
  L98-S1347      1733.467  3009.836  14.115   0.005 1.20600    0.314650  14.574   0.614   0.714   0.362  26  24  24  20
  L98-S1351      1330.795  3092.407  14.298   0.006 1.20600    0.314650  14.768   0.743   0.869   0.438  26  24  18  15
  L98-S1354      1576.972  3309.717  14.127   0.005 1.20600    0.314650  14.600   0.469   0.604   0.308  21  20  20  17
  L98-S1817      1263.569   624.498  12.398   0.001 1.20600    0.314650  12.855   0.775   0.950   0.473  24  24  19  16
  L98-S1838      1617.721  1111.422  13.215   0.003 1.20600    0.314650  13.653   1.476   1.575   0.754  24  23  24  21
  L98-S1858      1599.045  1433.436  13.776   0.004 1.20600    0.314650  14.245   0.586   0.721   0.354  24  24  24  21
  L98-S1864      1823.307  1498.018  14.470   0.006 1.20600    0.314650  14.920   0.665   0.825   0.441  25  24  23  20
  L98-S1866      1433.922  1515.829  15.400   0.014 1.20600    0.314650  15.914   0.872   1.034   0.519  24  21  18  16
  L98-S1906      1899.551  2203.126  15.887   0.020 1.20600    0.314650  16.397   0.942   1.156   0.608  30  27  27  21
  L98-S1910      1739.930  2239.936  14.504   0.006 1.20600    0.314650  14.949   0.628   0.724   0.401  27  25  25  21
  L98-S1926      1841.655  2566.443  12.701   0.002 1.20600    0.314650  13.160   0.897   1.014   0.506  28  27  25  21
c L98-S1944      1340.096  2826.923  15.111   0.011 1.20600    0.314650  15.581   0.688   0.850   0.432  26  24  18  15
  L98-S1953       862.489  2983.575  11.347   0.001 1.20600    0.314650  11.782   0.866   0.974   0.469  22  22  15  14
  L98-S1954       750.815  3043.060  15.644   0.017 1.20600    0.314650  16.085   0.675   0.882   0.451  22  21  15  14
  L98-S1970       693.154  3278.289  16.209   0.027 1.20600    0.314650  16.717   0.733   0.923   0.471  18  17  12  12
