#Star             Xc        Yc      Mag      Merr  Airmass UT             V       B-V     V-I      R-I   nV nBV nVI nRI 
  L101-338       1781.862   590.048  13.446   0.004 1.74000    5.474119  13.806   0.614   0.720   0.346  66  66  66  57
e L101-339        884.927   620.244  14.105   0.007 1.74000    5.474119  14.518   0.809   0.901   0.414  63  63  62  56
e L101-341       1579.097  1262.368  13.979   0.006 1.74000    5.474119  14.374   0.567   0.643   0.305  92  86  53  51
  L101-342       1589.208  1339.931  15.166   0.016 1.74000    5.474119  15.592   0.537   0.668   0.325  91  85  53  50
e L101-343       1349.706  1343.018  15.117   0.015 1.74000    5.474119  15.510   0.648   0.757   0.360  59  59  52  50
  L101-S13       1243.790    85.152  15.614   0.025 1.74000    5.474119  16.011   0.933   1.100   0.500  61  61  61  64
  L101-S14       1513.202   104.451  18.166   0.240 1.74000    5.474119  18.801   0.892   1.061   0.489  64  60  58  58
  L101-S15       1634.955   115.522  14.760   0.011 1.74000    5.474119  15.127   0.642   0.743   0.361  68  68  65  64
  L101-S16        728.109   226.992  16.862   0.077 1.74000    5.474119  17.315   0.589   0.714   0.353  55  55  55  56
  L101-S18        610.623   282.595  17.553   0.147 1.74000    5.474119  17.940   0.841   1.008   0.484  54  54  54  56
  L101-S19        283.083   303.070  17.222   0.104 1.74000    5.474119  17.550   0.867   1.013   0.475  52  52  52  58
  L101-S21       1348.462   400.307  17.357   0.126 1.74000    5.474119  17.749   0.569   0.706   0.346  60  60  60  60
  L101-S22       1797.604   450.340  18.704   0.395 1.74000    5.474119  18.807   1.473   1.793   0.853  57  51  57  61
  L101-S23        893.475   474.795  17.391   0.112 1.74000    5.474119  17.934   0.978   1.170   0.525  58  58  58  61
  L101-S25        474.849   543.138  16.064   0.036 1.74000    5.474119  16.509   0.920   1.067   0.489  55  55  55  51
  L101-S30        394.143   681.491  18.155   0.242 1.74000    5.474119  18.748   0.580   0.754   0.384  57  51  52  52
  L101-S31        862.702   693.529  16.820   0.073 1.74000    5.474119  17.175   0.760   0.837   0.394  59  59  59  52
  L101-S33        499.641   726.480  17.576   0.142 1.74000    5.474119  18.267   1.455   1.904   0.963  59  48  58  54
  L101-S36       1992.021   782.342  17.491   0.125 1.74000    5.474119  17.888   1.472   1.901   0.956  98  77  72  63
  L101-S37        903.001   795.402  17.744   0.166 1.74000    5.474119  18.022   0.460   0.638   0.319  74  71  54  54
  L101-S38       1916.669   813.531  17.970   0.208 1.74000    5.474119  19.460   1.478   1.959   0.979  80  37  62  57
  L101-S39        920.732   839.727  16.607   0.058 1.74000    5.474119  17.065   0.578   0.733   0.355  71  68  49  49
  L101-S40       1935.962   870.655  18.423   0.317 1.74000    5.474119  19.011   1.472   2.097   1.115  78  47  55  47
  L101-S42        621.024   904.783  17.926   0.193 1.74000    5.474119  18.317   1.460   1.815   0.874  48  38  36  34
  L101-S44        275.330  1124.300  17.500   0.135 1.74000    5.474119  18.025   1.494   1.853   0.908  63  54  44  44
  L101-S46        882.411  1171.250  17.287   0.109 1.74000    5.474119  18.066   1.470   2.095   1.112  69  57  44  44
  L101-S47       1541.558  1176.289  17.559   0.137 1.74000    5.474119  18.231   0.621   0.792   0.382  85  73  51  51
  L101-S48       2001.214  1181.928  13.821   0.005 1.74000    5.474119  14.184   0.788   0.892   0.407  96  90  57  51
  L101-S49        647.108  1185.001  17.577   0.139 1.74000    5.474119  17.943   0.831   0.951   0.452  65  61  44  44
  L101-S50       1181.043  1193.724  15.896   0.030 1.74000    5.474119  16.274   0.720   0.791   0.369  61  61  53  51
  L101-S51       1795.064  1222.887  18.306   0.273 1.74000    5.474119  18.558   1.208   1.456   0.649  88  63  53  50
  L101-S53        289.351  1278.073  18.246   0.253 1.74000    5.474119  18.269   1.290   1.513   0.687  62  52  42  42
  L101-S56       1423.922  1348.936  16.557   0.057 1.74000    5.474119  16.898   0.631   0.814   0.399  59  59  52  50
  L101-S57        447.955  1357.307  18.212   0.263 1.74000    5.474119  18.960   1.431   1.765   0.844  59  42  43  42
  L101-S59        645.217  1384.918  16.726   0.063 1.74000    5.474119  17.205   0.747   0.800   0.384  62  62  43  41
  L101-S60       1554.527  1402.707  16.063   0.035 1.74000    5.474119  16.447   1.024   1.110   0.486  90  81  52  49
  L101-S61        983.854  1441.423  16.737   0.067 1.74000    5.474119  17.212   0.582   0.716   0.358  66  66  48  44
  L101-S62       1464.854  1464.001  16.450   0.050 1.74000    5.474119  16.827   0.516   0.659   0.323  75  75  52  47
  L101-S63        771.701  1513.640  17.606   0.148 1.74000    5.474119  18.045   0.940   1.105   0.517  60  56  43  40
  L101-S64        418.234  1532.637  18.248   0.259 1.74000    5.474119  19.155   1.582   2.364   1.319  56  33  43  40
  L101-S65       1923.141  1550.676  12.374   0.002 1.74000    5.474119  12.749   0.658   0.783   0.368  91  88  56  47
  L101-S67       2029.774  1665.819  14.837   0.013 1.74000    5.474119  15.191   0.647   0.812   0.399  85  81  49  47
e L101-S70       1093.651  1913.634  14.120   0.006 1.74000    5.474119  14.517   0.742   0.813   0.376  59  59  47  47
  L101-S71        293.103  1925.394  18.846   0.448 1.74000    5.474119  18.851   1.434   1.830   0.916  53  38  39  39
  L101-S72       1383.799  1988.689  19.134   0.574 1.74000    5.474119  19.696   1.611   2.118   1.087  39  20  39  45
  L101-S73       1568.301  2063.289  13.072   0.003 1.74000    5.474119  13.449   0.737   0.809   0.371  82  72  47  46
  L101-S74        832.083  2095.306  18.253   0.265 1.74000    5.474119  18.612   1.094   1.320   0.592  56  43  40  39
  L101-S75       1086.965  2149.575  17.724   0.157 1.74000    5.474119  18.497   1.576   1.981   0.989  55  43  43  43
  L101-S76       1813.473  2185.217  18.208   0.239 1.74000    5.474119  19.245   1.328   1.587   0.711  73  44  42  42
  L101-S79        934.483  2248.721  11.766   0.001 1.74000    5.474119  12.145   0.725   0.769   0.346  59  53  39  36
  L101-S80       1999.739  2253.038  19.751   0.953 1.74000    5.474119  19.610   1.527   1.960   0.974  65  30  42  42
  L101-S81       1815.556  2283.491  17.720   0.149 1.74000    5.474119  18.512   0.770   0.944   0.459  71  63  42  42
  L101-S82       1230.929  2321.644  13.999   0.006 1.74000    5.474119  14.390   0.649   0.738   0.348  48  48  42  42
  L101-S83        453.402  2327.497  19.139   0.578 1.74000    5.474119  19.652   1.619   2.555   1.450  47  15  39  39
  L101-S84       1481.868  2348.005  19.622   0.916 1.74000    5.474119  18.871   0.473   0.647   0.328  60  58  39  39
  L101-S85       1848.008  2353.085  16.434   0.048 1.74000    5.474119  16.886   1.413   1.717   0.799  69  69  42  42
  L101-S86       2033.148  2359.324   0.000   0.000 1.74000    5.474119  18.078   0.018  -0.175  -0.090  67  66  40  40
  L101-S87       1211.448  2429.149  14.382   0.008 1.74000    5.474119  14.765   0.806   0.906   0.435  48  48  42  42
  L101-S89        925.278  2503.000  16.840   0.072 1.74000    5.474119  17.268   1.458   1.834   0.893  40  40  39  33
  L101-S91       1880.860  2540.799  18.203   0.242 1.74000    5.474119  19.332   1.553   2.260   1.229  36  22  36  36
  L101-S272      1345.569  2707.218  17.439   0.124 1.74000    5.474119  18.441   1.474   1.821   0.890  43  31  39  33
  L101-S275      1100.301  2783.809  17.986   0.202 1.74000    5.474119  18.493   1.518   2.124   1.129  23  20  16  13
e L101-S277      1726.926  2842.123  14.357   0.008 1.74000    5.474119  14.772   0.628   0.739   0.365  29  29  25  20
  L101-S346       315.966  2903.200  16.744   0.062 1.74000    5.474119  17.236   1.270   1.598   0.731  31  31  30  26
  L101-S347      1507.618  2906.061  16.282   0.042 1.74000    5.474119  16.664   0.783   0.971   0.474  44  43  33  30
e L101-S349      1250.316  2948.291  13.020   0.003 1.74000    5.474119  13.431   0.995   1.070   0.506  35  35  31  30
  L101-S354       245.519  3017.250  15.666   0.024 1.74000    5.474119  16.100   0.628   0.741   0.350  38  34  30  25
e L101-S362       983.360  3199.912  13.069   0.003 1.74000    5.474119  13.453   0.710   0.810   0.394  33  33  30  27
e L101-S363      1343.139  3204.994  13.352   0.003 1.74000    5.474119  13.751   0.623   0.747   0.367  36  36  33  30
e L101-S365      1185.907  3257.956  14.060   0.006 1.74000    5.474119  14.459   0.656   0.759   0.377  36  36  33  30
  L101-S368      1383.038  3324.949  17.759   0.156 1.74000    5.474119  18.298   1.456   1.826   0.896  36  29  33  30
  L101-S375       443.005  3798.994  16.969   0.077 1.74000    5.474119  17.255   0.621   0.775   0.394  39  36  30  25
  L101-S378       852.319  3830.556  17.800   0.167 1.74000    5.474119  18.338   1.324   1.645   0.765  40  31  30  27
  L101-S386      1610.520  4108.129   0.000   0.000 1.74000    5.474119  16.659   1.206   1.387   0.618  52  45  33  30
  L101-S521       348.731  3027.957  17.851   0.171 1.74000    5.474119  18.311   0.756   0.929   0.430  39  30  30  25
e L101-S524      1668.510  3180.024  14.860   0.012 1.74000    5.474119  15.271   0.656   0.770   0.387  52  45  33  29
  L104-334        840.394   229.068  13.101   0.003 1.70100    1.806195  13.486   0.523   0.646   0.328 122  98 115  71
e L104-336        951.013   463.797  14.017   0.006 1.70100    1.806195  14.409   0.822   0.867   0.409 117  90 109  64
  L104-338       1267.640   771.507  15.726   0.025 1.70100    1.806195  16.074   0.590   0.701   0.356  94  70  92  56
e L104-339        569.053   944.954  15.070   0.015 1.70100    1.806195  15.474   0.836   0.947   0.452  96  77  95  47
  L104-S56       1729.358  1129.228  15.780   0.027 1.70100    1.806195  16.203   0.706   0.817   0.411 102  79  96  51
e L104-S362      1734.412  1770.108  15.297   0.017 1.70100    1.806195  15.632   0.640   0.740   0.373 101  77  98  56
  L104-S374      1887.592  2623.227  15.723   0.024 1.70100    1.806195  16.068   0.755   0.891   0.438  61  51  61  34
  L104-S515       828.542  2861.201  13.686   0.004 1.70100    1.806195  14.071   0.788   0.969   0.496  78  61  78  41
  L104-S523       363.668  3144.381  12.980   0.003 1.70100    1.806195  13.354   0.981   1.034   0.507  67  52  67  37
  L104-S527       746.268  3253.118  15.848   0.027 1.70100    1.806195  16.257   1.325   1.646   0.787  74  56  74  37
e L104-S535      1900.419  3722.605  14.571   0.009 1.70100    1.806195  14.970   0.863   0.975   0.457  56  41  56  34
e L104-S673       793.398  3983.589  15.022   0.013 1.70100    1.806195  15.443   0.713   0.797   0.398  42  25  33  18
e L104-S797       293.159  3582.107  11.954   0.001 1.70100    1.806195  12.342   0.542   0.638   0.328  52  40  52  32
  L104-334        687.159   234.751  13.023   0.003 1.15200    5.244939  13.486   0.523   0.646   0.328 122  98 115  71
r L104-336        797.857   469.327  13.930   0.005 1.15200    5.244939  14.409   0.822   0.867   0.409 117  90 109  64
  L104-338       1115.242   777.296  15.508   0.021 1.15200    5.244939  16.074   0.590   0.701   0.356  94  70  92  56
e L104-339        415.697   950.779  15.036   0.014 1.15200    5.244939  15.474   0.836   0.947   0.452  96  77  95  47
  L104-S56       1576.942  1135.238  15.795   0.029 1.15200    5.244939  16.203   0.706   0.817   0.411 102  79  96  51
  L104-S57       2012.089  1224.256  16.052   0.033 1.15200    5.244939  16.533   0.600   0.726   0.377  98  78  90  48
  L104-S62       1618.250  1756.060  16.273   0.040 1.15200    5.244939  16.748   0.616   0.718   0.366  96  76  95  56
  L104-S66       1381.286  2024.278  16.174   0.039 1.15200    5.244939  16.589   1.157   1.350   0.601  84  61  79  47
e L104-S362      1581.885  1776.439  15.158   0.015 1.15200    5.244939  15.632   0.640   0.740   0.373 101  77  98  56
  L104-S374      1735.001  2630.298  15.545   0.022 1.15200    5.244939  16.068   0.755   0.891   0.438  61  51  61  34
b L104-S515       674.997  2868.845  13.603   0.004 1.15200    5.244939  14.071   0.788   0.969   0.496  78  61  78  41
  L104-S518      1916.130  2943.001  15.504   0.020 1.15200    5.244939  15.934   0.564   0.725   0.376  79  61  79  43
  L104-S523       209.357  3152.265  12.891   0.002 1.15200    5.244939  13.354   0.981   1.034   0.507  67  52  67  37
  L104-S527       592.777  3261.086  15.894   0.030 1.15200    5.244939  16.257   1.325   1.646   0.787  74  56  74  37
  L104-S529       627.227  3357.380  16.299   0.042 1.15200    5.244939  16.830   0.795   0.894   0.451  66  50  66  35
e L104-S535      1747.420  3730.222  14.509   0.009 1.15200    5.244939  14.970   0.863   0.975   0.457  56  41  56  34
e L104-S673       639.412  3992.091  14.945   0.013 1.15200    5.244939  15.443   0.713   0.797   0.398  42  25  33  18
e L104-S797       138.609  3590.566  11.872   0.001 1.15200    5.244939  12.342   0.542   0.638   0.328  52  40  52  32
  L107-469        345.667   330.539  11.742   0.001 1.37800    5.709024  12.159   0.582   0.695   0.353  58  49  54  39
  L107-S3        1677.491  1883.006  16.695   0.047 1.37800    5.709024  17.552   0.601   0.787   0.417  73  55  71  47
e L107-S8        1241.086  1991.097  15.382   0.014 1.37800    5.709024  15.807   0.726   0.845   0.420  66  44  61  46
  L107-S9        1734.884  2016.271  15.486   0.016 1.37800    5.709024  15.911   0.735   0.883   0.454  70  51  66  46
  L107-S10       1628.789  2087.106  16.482   0.039 1.37800    5.709024  16.903   0.801   0.924   0.468  68  52  66  45
e L107-S12       1767.262  2194.887  13.640   0.003 1.37800    5.709024  14.068   0.958   1.069   0.503  62  46  57  38
  L107-S14       1416.248  2283.095  15.179   0.012 1.37800    5.709024  15.596   0.659   0.810   0.413  49  42  49  38
  L107-S16       2016.111  2350.919  13.885   0.004 1.37800    5.709024  14.295   0.880   0.998   0.477  57  41  57  39
e L107-S28       1175.930  2788.945  14.097   0.005 1.37800    5.709024  14.530   0.923   1.097   0.561  46  33  40  32
  L107-S217      2025.536   337.485  16.228   0.033 1.37800    5.709024  16.666   0.672   0.822   0.423  55  41  55  40
e L107-S219       263.739   371.284  15.185   0.012 1.37800    5.709024  15.607   0.726   0.871   0.439  48  40  48  40
  L107-S237       191.449   511.903  16.244   0.033 1.37800    5.709024  16.685   0.947   1.077   0.531  63  56  63  48
  L107-S240      1564.135   543.040  16.350   0.037 1.37800    5.709024  16.898   0.746   0.880   0.447  77  56  73  49
  L107-S252      1799.200   703.871  16.296   0.033 1.37800    5.709024  16.729   0.682   0.823   0.421  80  57  75  52
  L107-S261       803.038   783.098  16.036   0.026 1.37800    5.709024  16.526   0.682   0.849   0.434  70  57  70  51
  L107-S275      1596.544   990.578  15.645   0.019 1.37800    5.709024  16.061   0.817   0.983   0.493  79  56  72  47
  L107-S280       107.407  1046.930  15.626   0.018 1.37800    5.709024  16.083   0.166   0.164   0.121  66  57  66  49
  L107-S302       183.776  1310.799  16.235   0.032 1.37800    5.709024  16.746   0.914   1.047   0.504  65  58  65  52
  L107-S303      1794.915  1332.515  13.738   0.004 1.37800    5.709024  14.131   0.807   0.910   0.438  76  60  73  51
  L107-S321        70.831  1568.827  16.762   0.048 1.37800    5.709024  17.280   0.642   0.788   0.404  66  56  66  51
  L107-S325      1147.028  1630.463  16.147   0.028 1.37800    5.709024  16.683   0.629   0.806   0.418  78  59  73  51
  L107-S549      1487.965    78.867  16.554   0.041 1.37800    5.709024  17.026   0.748   0.895   0.454  71  47  62  49
  L107-S602      1071.862  1564.686  15.116   0.011 1.37800    5.709024  15.531   0.988   1.137   0.525  76  58  71  51
  L107-S610       330.743  1777.311  16.599   0.044 1.37800    5.709024  16.979   1.281   1.491   0.660  66  56  66  52
  L107-S628       697.848  1950.685  16.534   0.040 1.37800    5.709024  16.946   1.128   1.336   0.602  56  44  56  44
  L107-S633       328.773  2062.845  16.445   0.038 1.37800    5.709024  16.881   1.001   1.141   0.536  55  46  55  46
  L107-S648       899.804  2171.247  16.114   0.028 1.37800    5.709024  16.519   0.706   0.811   0.425  48  36  47  35
e L107-S660       134.028  2362.864  15.158   0.012 1.37800    5.709024  15.622   1.018   1.197   0.543  49  39  49  37
  L107-S663       767.920  2395.937  16.085   0.027 1.37800    5.709024  16.560   0.915   1.054   0.540  49  38  49  37
  L107-S673       992.147  2498.248  15.582   0.018 1.37800    5.709024  16.025   0.634   0.832   0.434  46  37  46  33
  L107-S674        93.121  2516.801  16.094   0.026 1.37800    5.709024  16.526   0.686   0.805   0.428  45  37  45  32
  L107-S688       548.306  2652.681  14.401   0.006 1.37800    5.709024  14.822   0.770   0.856   0.440  45  36  45  32
  L107-S695        92.021  2736.679  15.429   0.016 1.37800    5.709024  15.859   0.911   1.086   0.538  41  33  40  31
e L107-S705       320.062  2841.476  14.864   0.009 1.37800    5.709024  15.323   0.598   0.765   0.427  40  34  40  32
  L107-S721      1173.573  3046.520  14.197   0.005 1.37800    5.709024  14.601   1.020   1.114   0.554  43  32  35  28
  L107-S732      1400.505  3199.955  16.194   0.029 1.37800    5.709024  16.569   0.935   1.053   0.525  41  31  35  28
e L107-S737       702.122  3280.395  14.068   0.005 1.37800    5.709024  14.490   0.809   0.912   0.472  36  32  35  28
  L107-S740       321.060  3331.355  16.553   0.041 1.37800    5.709024  17.005   0.701   0.849   0.456  36  32  35  28
e L107-S746      1678.333  3380.186  15.550   0.016 1.37800    5.709024  15.934   0.802   0.955   0.486  41  33  35  28
e L107-S748       546.257  3398.974  15.388   0.015 1.37800    5.709024  15.821   0.610   0.787   0.434  36  32  35  28
  L107-S749       382.062  3412.875  13.819   0.004 1.37800    5.709024  14.242   0.840   0.963   0.493  36  32  35  28
  L107-S750       352.069  3441.906  13.790   0.004 1.37800    5.709024  14.221   0.742   0.845   0.438  36  32  35  28
  L107-S753      1652.883  3488.833  16.771   0.048 1.37800    5.709024  17.505   0.724   0.852   0.442  39  33  35  28
  L107-S756      1175.092  3539.658  14.762   0.009 1.37800    5.709024  15.192  -0.021   0.022   0.032  41  32  35  28
  L107-S762       894.580  3576.876  14.452   0.006 1.37800    5.709024  14.861   0.871   0.934   0.449  36  32  35  28
  L107-S771       913.963  3656.931  13.457   0.003 1.37800    5.709024  13.881   0.627   0.776   0.400  35  32  35  28
  L107-S777      1909.593  3718.063  16.352   0.034 1.37800    5.709024  16.738   0.672   0.813   0.422  41  32  35  28
e L107-S1156      475.328  1756.257  15.031   0.011 1.37800    5.709024  15.452   1.436   1.735   0.801  67  56  67  51
  L107-S1323      317.974  3997.917  15.555   0.017 1.37800    5.709024  16.051   1.326   1.567   0.688  27  22  25  18
  L107-S1324     1741.497  4010.672  15.663   0.019 1.37800    5.709024  16.108   0.850   0.980   0.450  32  22  25  18
  L107-469        235.984   345.988  11.713   0.001 1.18000    8.749450  12.159   0.582   0.695   0.353  58  49  54  39
  L107-473       1753.508  1132.414   9.784   0.000 1.18000    8.749450  10.186   1.079   1.141   0.543  79  60  71  48
  L107-S8        1131.778  2007.361  15.343   0.014 1.18000    8.749450  15.807   0.726   0.845   0.420  66  44  61  46
e L107-S9        1625.510  2032.347  15.451   0.015 1.18000    8.749450  15.911   0.735   0.883   0.454  70  51  66  46
  L107-S10       1519.589  2103.259  16.417   0.037 1.18000    8.749450  16.903   0.801   0.924   0.468  68  52  66  45
e L107-S12       1658.044  2211.056  13.613   0.003 1.18000    8.749450  14.068   0.958   1.069   0.503  62  46  57  38
  L107-S14       1307.064  2299.458  15.147   0.012 1.18000    8.749450  15.596   0.659   0.810   0.413  49  42  49  38
r L107-S16       1906.878  2367.014  13.817   0.004 1.18000    8.749450  14.295   0.880   0.998   0.477  57  41  57  39
e L107-S28       1066.456  2805.283  14.075   0.005 1.18000    8.749450  14.530   0.923   1.097   0.561  46  33  40  32
  L107-S204      1844.039   156.356  16.704   0.048 1.18000    8.749450  17.188   1.294   1.526   0.682  76  51  71  51
  L107-S214      1307.853   258.040  16.584   0.044 1.18000    8.749450  17.208   0.696   0.840   0.425  67  51  59  50
  L107-S217      1916.513   353.080  16.292   0.034 1.18000    8.749450  16.666   0.672   0.822   0.423  55  41  55  40
e L107-S219       153.877   386.817  15.150   0.012 1.18000    8.749450  15.607   0.726   0.871   0.439  48  40  48  40
  L107-S237        81.467   527.400  16.283   0.034 1.18000    8.749450  16.685   0.947   1.077   0.531  63  56  63  48
  L107-S240      1455.206   558.550  16.341   0.036 1.18000    8.749450  16.898   0.746   0.880   0.447  77  56  73  49
  L107-S252      1690.207   719.348  16.248   0.033 1.18000    8.749450  16.729   0.682   0.823   0.421  80  57  75  52
  L107-S261       693.882   798.872  16.047   0.027 1.18000    8.749450  16.526   0.682   0.849   0.434  70  57  70  51
  L107-S262      1692.988   806.005  16.620   0.045 1.18000    8.749450  17.292   0.843   0.968   0.473  81  57  77  52
  L107-S275      1487.584  1006.148  15.626   0.018 1.18000    8.749450  16.061   0.817   0.983   0.493  79  56  72  47
e L107-S300      1989.132  1308.784  14.617   0.008 1.18000    8.749450  14.980   1.560   2.335   1.320  72  58  70  51
  L107-S302        74.100  1326.636  16.330   0.033 1.18000    8.749450  16.746   0.914   1.047   0.504  65  58  65  52
  L107-S303      1685.931  1348.208  13.714   0.004 1.18000    8.749450  14.131   0.807   0.910   0.438  76  60  73  51
  L107-S322      1104.959  1597.473  16.786   0.050 1.18000    8.749450  17.328   0.680   0.812   0.417  78  59  73  51
  L107-S325      1037.763  1646.407  16.200   0.031 1.18000    8.749450  16.683   0.629   0.806   0.418  78  59  73  51
  L107-S549      1378.804    94.367  16.537   0.041 1.18000    8.749450  17.026   0.748   0.895   0.454  71  47  62  49
  L107-S602       962.397  1580.511  15.084   0.012 1.18000    8.749450  15.531   0.988   1.137   0.525  76  58  71  51
  L107-S610       220.919  1793.359  16.545   0.042 1.18000    8.749450  16.979   1.281   1.491   0.660  66  56  66  52
  L107-S628       588.328  1966.848  16.530   0.040 1.18000    8.749450  16.946   1.128   1.336   0.602  56  44  56  44
  L107-S633       218.909  2078.923  16.463   0.038 1.18000    8.749450  16.881   1.001   1.141   0.536  55  46  55  46
  L107-S648       790.265  2187.579  16.090   0.027 1.18000    8.749450  16.519   0.706   0.811   0.425  48  36  47  35
e L107-S660        23.672  2379.168  15.137   0.012 1.18000    8.749450  15.622   1.018   1.197   0.543  49  39  49  37
  L107-S663       658.344  2412.318  16.105   0.027 1.18000    8.749450  16.560   0.915   1.054   0.540  49  38  49  37
  L107-S673       882.741  2514.702  15.571   0.017 1.18000    8.749450  16.025   0.634   0.832   0.434  46  37  46  33
  L107-S688       438.682  2669.151  14.365   0.006 1.18000    8.749450  14.822   0.770   0.856   0.440  45  36  45  32
e L107-S705       209.963  2858.170  14.853   0.009 1.18000    8.749450  15.323   0.598   0.765   0.427  40  34  40  32
  L107-S721      1063.884  3063.026  14.156   0.005 1.18000    8.749450  14.601   1.020   1.114   0.554  43  32  35  28
  L107-S732      1290.948  3216.322  16.056   0.026 1.18000    8.749450  16.569   0.935   1.053   0.525  41  31  35  28
e L107-S737       592.131  3297.176  14.025   0.005 1.18000    8.749450  14.490   0.809   0.912   0.472  36  32  35  28
  L107-S740       210.767  3348.383  16.510   0.039 1.18000    8.749450  17.005   0.701   0.849   0.456  36  32  35  28
e L107-S746      1568.665  3396.609  15.470   0.015 1.18000    8.749450  15.934   0.802   0.955   0.486  41  33  35  28
e L107-S748       436.067  3415.963  15.348   0.014 1.18000    8.749450  15.821   0.610   0.787   0.434  36  32  35  28
  L107-S749       271.819  3429.908  13.781   0.004 1.18000    8.749450  14.242   0.840   0.963   0.493  36  32  35  28
  L107-S750       241.815  3458.981  13.770   0.004 1.18000    8.749450  14.221   0.742   0.845   0.438  36  32  35  28
  L107-S756      1065.249  3556.238  14.727   0.008 1.18000    8.749450  15.192  -0.021   0.022   0.032  41  32  35  28
  L107-S762       784.577  3593.735  14.421   0.006 1.18000    8.749450  14.861   0.871   0.934   0.449  36  32  35  28
  L107-S771       803.950  3673.788  13.434   0.003 1.18000    8.749450  13.881   0.627   0.776   0.400  35  32  35  28
  L107-S773      1938.459  3685.211  13.984   0.004 1.18000    8.749450  14.422   0.794   0.852   0.412  41  32  35  28
  L107-S777      1799.632  3734.414  16.273   0.032 1.18000    8.749450  16.738   0.672   0.813   0.422  41  32  35  28
e L107-S1156      365.675  1772.309  15.006   0.011 1.18000    8.749450  15.452   1.436   1.735   0.801  67  56  67  51
  L107-S1323      207.190  4015.186  15.531   0.017 1.18000    8.749450  16.051   1.326   1.567   0.688  27  22  25  18
  L107-S1324     1631.371  4026.994  15.602   0.018 1.18000    8.749450  16.108   0.850   0.980   0.450  32  22  25  18
s L110-266        389.446  2826.927  11.602   0.001 1.33700    8.968483  12.013   0.901   1.120   0.584 156 116  90  62
  L110-349       1554.977   845.778  14.600   0.010 1.33700    8.968483  14.992   1.123   1.293   0.620  89  72  61  41
  L110-360       1305.513  2358.120  14.222   0.007 1.33700    8.968483  14.643   1.203   1.424   0.711 106 105  86  61
  L110-361       1057.840  2612.978  11.983   0.001 1.33700    8.968483  12.419   0.634   0.711   0.352 189 152 120  86
  L110-362        693.323  2798.082  15.193   0.016 1.33700    8.968483  15.612   1.384   1.665   0.772 155 114  86  57
  L110-364       1016.996  3052.926  13.193   0.003 1.33700    8.968483  13.615   1.125   1.263   0.567 173 132 104  71
  L110-365        895.897  3316.872  13.103   0.003 1.33700    8.968483  13.485   2.257   2.640   1.256 194 154 125  96
  L110-L1         860.645  2905.828  15.690   0.025 1.33700    8.968483  16.093   1.593   1.948   0.968 156 114  83  57
e L110-S49        451.326  1975.564  14.544   0.009 1.33700    8.968483  14.964   1.576   1.918   1.017  99  78  64  34
  L110-S50         56.068  2061.985  14.815   0.012 1.33700    8.968483  15.205   1.443   1.711   0.868  93  83  62  39
  L110-S60        625.949  2344.638  12.243   0.002 1.33700    8.968483  12.663   1.074   1.250   0.625 145 110  78  55
  L110-S87        274.831  2979.387  15.659   0.024 1.33700    8.968483  16.003   1.551   1.844   0.866 149 108  80  54
  L110-S88        242.421  2999.675  15.424   0.020 1.33700    8.968483  15.818   1.713   2.103   1.078 148 107  80  52
e L110-S93       1533.211  3077.616  15.059   0.014 1.33700    8.968483  15.446   2.547   2.934   1.362 106 100  81  57
  L110-S122       492.063  3388.320  13.980   0.006 1.33700    8.968483  14.388   1.342   1.656   0.844 147 107  78  51
e L110-S154       785.582  3836.026  14.632   0.010 1.33700    8.968483  15.050   1.701   2.088   1.061 112  91  62  46
  L110-S384       644.639   501.936  13.510   0.004 1.33700    8.968483  13.913   1.528   1.905   0.969  95  71  49  39
  L110-S410      1057.024   971.262  13.940   0.006 1.33700    8.968483  14.354   1.187   1.495   0.769 104  78  60  40
  L110-S416       370.569  1088.199  15.389   0.020 1.33700    8.968483  15.791   1.789   2.189   1.129 105  78  59  40
  L110-S421       398.452  1121.117  12.787   0.002 1.33700    8.968483  13.201   1.169   1.446   0.767 106  78  59  39
  L110-S455       107.338  1848.210  15.129   0.015 1.33700    8.968483  15.503   2.301   2.607   1.228  95  78  73  41
  L110-S468        25.100  2071.850  13.582   0.004 1.33700    8.968483  13.991   1.234   1.454   0.726 101  87  64  43
  L110-S1256      148.012  2173.744  15.709   0.026 1.33700    8.968483  16.132   1.456   1.637   0.767 145 105  73  50
  L111-S305      1676.181   153.916  15.066   0.015 1.53300    9.177844  15.451   1.039   1.180  85.728   6   6   6   0
  L111-S306      1376.017   168.755  15.423   0.020 1.53300    9.177844  15.838   1.527   1.653  85.814   6   6   6   0
  L111-S323      1167.911   479.308  14.162   0.007 1.53300    9.177844  14.517   1.724   1.883  87.365   6   6   6   0
  L111-S346      1185.037  1235.898  15.629   0.024 1.53300    9.177844  15.961   0.929   1.093  85.131   6   6   6   0
  L98-211        1747.880  2194.881  11.571   0.001 1.20600    0.314650  12.023   0.309   0.394   0.221 155 143 132  83
  L98-S91        1946.988   177.643  12.740   0.002 1.20600    0.314650  13.185   0.548   0.643   0.312 135 135 122  77
e L98-S142       2024.312   555.148  14.604   0.010 1.20600    0.314650  15.048   1.114   1.265   0.552 145 145 133  83
  L98-S200       2012.870   877.328  13.743   0.005 1.20600    0.314650  14.162   0.789   0.848   0.404 142 142 129  82
c L98-S221       1939.775   972.841  14.763   0.011 1.20600    0.314650  15.250   0.717   0.908   0.475 140 138 126  80
c L98-S226       1952.955   992.238  14.183   0.007 1.20600    0.314650  14.608   1.384   1.584   0.782 140 139 128  80
e L98-S447       1975.495  2380.801  14.618   0.009 1.20600    0.314650  15.098   0.630   0.784   0.399 158 154 138  82
e L98-S617        986.200  4066.552  13.262   0.003 1.20600    0.314650  13.730   0.538   0.671   0.337  98  90  91  63
  L98-S649        407.616  3921.262  15.476   0.021 1.20600    0.314650  15.875   0.884   1.066   0.521  74  72  63  38
  L98-S652       1574.884  3894.108  15.643   0.024 1.20600    0.314650  16.145   0.784   0.939   0.469 106 101  95  67
  L98-S656        329.625  3942.459  15.508   0.020 1.20600    0.314650  15.962   0.688   0.917   0.490  62  62  52  30
  L98-S661       1041.293  3899.971  15.715   0.025 1.20600    0.314650  16.176   0.920   1.135   0.570  97  92  94  66
c L98-S972       1878.308   427.939  13.957   0.006 1.20600    0.314650  14.415   0.518   0.641   0.332 131 128 115  72
  L98-S1003      1456.492   955.773  14.441   0.008 1.20600    0.314650  14.870   0.625   0.742   0.366 127 121 112  75
  L98-S1005      1769.112   969.572  11.494   0.001 1.20600    0.314650  11.933   0.700   0.781   0.372 137 130 121  78
  L98-S1007      1647.674   999.674  12.912   0.002 1.20600    0.314650  13.349   0.471   0.568   0.282 134 129 116  79
e L98-S1012      1688.255  1105.345  14.305   0.007 1.20600    0.314650  14.758   0.690   0.835   0.423 132 129 112  78
c L98-S1022      1799.389  1370.036  15.512   0.022 1.20600    0.314650  16.032   0.750   0.898   0.447 143 135 121  83
  L98-S1024      1607.784  1374.370  14.002   0.006 1.20600    0.314650  14.450   0.540   0.673   0.345 138 130 119  82
  L98-S1046      1726.074  1671.122  14.546   0.009 1.20600    0.314650  14.984   0.714   0.865   0.435 151 139 128  81
  L98-S1051      1662.879  1719.807  15.399   0.019 1.20600    0.314650  15.838   0.654   0.827   0.436 141 140 116  76
  L98-S1052      1362.364  1720.042  12.719   0.002 1.20600    0.314650  13.168   0.527   0.657   0.324 128 128 111  73
  L98-S1058      1420.653  1935.278  15.509   0.021 1.20600    0.314650  16.006   0.871   1.094   0.551 128 128 119  78
e L98-S1065      1748.662  2017.688  14.603   0.009 1.20600    0.314650  15.085   0.620   0.786   0.411 157 145 133  86
c L98-S1066      1555.963  2036.099  15.110   0.015 1.20600    0.314650  15.639   0.800   0.972   0.479 141 131 120  78
  L98-S1069      1469.957  2056.879  12.606   0.002 1.20600    0.314650  13.035   1.254   1.410   0.685 143 132 121  79
  L98-S1072      1725.003  2067.955  13.429   0.004 1.20600    0.314650  13.872   0.516   0.628   0.315 157 142 131  86
  L98-S1079      1529.395  2158.119  15.715   0.025 1.20600    0.314650  16.272   1.049   1.186   0.553 139 123 121  78
  L98-S1086      1468.667  2242.047  14.437   0.009 1.20600    0.314650  14.891   0.694   0.854   0.432 138 129 118  77
  L98-S1088      1469.237  2321.312  15.191   0.016 1.20600    0.314650  15.653   0.738   0.858   0.419 135 125 114  71
  L98-S1090      1473.763  2349.918  15.282   0.017 1.20600    0.314650  15.781   0.711   0.901   0.463 138 127 120  75
  L98-S1096      1406.597  2503.069  12.990   0.003 1.20600    0.314650  13.441   0.398   0.474   0.254 136 126 116  77
  L98-S1099      1434.874  2519.162  13.216   0.003 1.20600    0.314650  13.651   1.091   1.220   0.592 134 123 113  74
  L98-S1103      1759.906  2570.385  14.853   0.012 1.20600    0.314650  15.308   0.639   0.800   0.419 145 135 121  77
e L98-S1104      1542.004  2669.104  15.200   0.015 1.20600    0.314650  15.667   0.672   0.825   0.416 133 120 114  73
e L98-S1106      1829.855  2691.098  14.454   0.008 1.20600    0.314650  14.909   0.685   0.846   0.438 139 132 120  75
  L98-S1285       522.941   648.219  14.279   0.007 1.20600    0.314650  14.721   0.780   0.953   0.481  93  93  85  48
e L98-S1298        98.382  1054.243  14.430   0.008 1.20600    0.314650  14.902   0.649   0.795   0.415  39  36  35  26
c L98-S1299       483.765  1098.587  13.211   0.003 1.20600    0.314650  13.662   0.420   0.604   0.346  82  82  72  44
e L98-S1302       472.081  1222.194  13.690   0.004 1.20600    0.314650  14.170   0.379   0.532   0.305  83  83  68  37
e L98-S1303       116.251  1237.766  14.183   0.007 1.20600    0.314650  14.651   0.605   0.754   0.405  41  40  30  24
  L98-S1323       371.647  2111.426  14.281   0.007 1.20600    0.314650  14.734   0.637   0.808   0.433  84  82  69  38
  L98-S1327       224.176  2240.453  14.240   0.007 1.20600    0.314650  14.697   0.608   0.775   0.402  52  52  42  33
  L98-S1328       592.185  2249.941  13.963   0.005 1.20600    0.314650  14.398   1.318   1.488   0.728 102  99  93  59
  L98-S1343       130.793  2710.495  13.289   0.003 1.20600    0.314650  13.751   0.635   0.764   0.391  44  42  38  29
  L98-S1345       487.324  2785.916  12.845   0.002 1.20600    0.314650  13.275   1.210   1.400   0.694  89  87  80  46
  L98-S1346       505.763  2992.737  13.646   0.004 1.20600    0.314650  14.086   0.367   0.514   0.293  88  84  77  47
  L98-S1803       639.778   449.868  14.542   0.009 1.20600    0.314650  14.979   0.666   0.846   0.431  94  94  91  56
  L98-S1836       480.290  1024.482  15.290   0.019 1.20600    0.314650  15.758   0.674   0.876   0.459  87  86  76  43
  L98-S1879       302.909  1779.016  15.562   0.022 1.20600    0.314650  16.040   0.672   0.876   0.467  73  65  65  35
  L98-S1898       970.787  2095.350  14.864   0.011 1.20600    0.314650  15.309   0.796   1.016   0.517 120 113 109  73
  L98-S1912       890.890  2279.409  15.960   0.030 1.20600    0.314650  16.387   0.647   0.867   0.486 109 100  98  62
  L98-S1914       978.384  2336.249  13.896   0.005 1.20600    0.314650  14.338   0.678   0.816   0.406 112 105 103  64
e L98-S1923       159.027  2551.516  14.904   0.012 1.20600    0.314650  15.400   1.127   1.249   0.595  47  45  38  32
  L98-S1932       434.156  2672.464  15.499   0.020 1.20600    0.314650  15.969   1.167   1.383   0.605  90  84  77  39
  L98-S1975       445.941  3331.883  15.526   0.021 1.20600    0.314650  15.919   0.629   0.907   0.490  76  72  64  38
  L98-S1978       391.057  3343.528  13.459   0.004 1.20600    0.314650  13.904   0.469   0.656   0.384  76  72  60  33
  L98-S2000      1102.964  3812.944  14.495   0.008 1.20600    0.314650  14.956   0.453   0.574   0.328 101  92  95  66
e L98-S2002        95.144  3829.348  13.912   0.005 1.20600    0.314650  14.382   0.454   0.565   0.325  38  35  35  25
