#Star             Xc        Yc      Mag      Merr  Airmass UT             V       B-V     V-I      R-I   nV nBV nVI nRI 
  L101-S316      1640.568   311.089  15.784   0.024 1.74000    5.474119  16.174   0.603   0.732   0.329  34  32  29  29
  L101-S322       176.790   927.805  15.900   0.024 1.74000    5.474119  16.278   0.462   0.641   0.326  41  41  18  18
  L101-S324       196.197  1050.987  15.454   0.016 1.74000    5.474119  15.833   1.157   1.427   0.640  60  60  35  35
  L101-S325      1114.370  1064.774  16.238   0.032 1.74000    5.474119  16.670   1.291   1.638   0.788  37  37  29  29
  L101-S326       764.593  1063.836  15.014   0.011 1.74000    5.474119  15.380   0.797   0.904   0.438  46  46  32  32
r L101-S328       798.298  1137.412  16.586   0.044 1.74000    5.474119  16.941   0.655   0.764   0.378  42  42  30  30
  L101-S329       984.681  1182.480  13.523   0.003 1.74000    5.474119  13.881   1.108   1.159   0.560  37  37  29  29
  L101-S330       472.443  1530.299  15.966   0.025 1.74000    5.474119  16.352   0.560   0.728   0.367  51  51  34  34
  L101-S332       281.077  1616.427  17.187   0.075 1.74000    5.474119  17.663   1.287   1.542   0.695  47  47  29  29
  L101-S333      1464.898  1746.752  13.043   0.002 1.74000    5.474119  13.413   0.712   0.805   0.374  34  33  29  29
  L101-S335      1375.817  1864.298  16.936   0.058 1.74000    5.474119  17.410   1.624   2.502   1.476  34  30  29  29
  L101-S336       243.837  1888.760  15.521   0.017 1.74000    5.474119  15.918   0.679   0.761   0.363  55  55  34  34
  L101-S337      1402.787  2028.605  16.199   0.029 1.74000    5.474119  16.529   0.866   1.013   0.468  34  32  29  29
  L101-S339         5.388  2361.979   0.000   0.000 1.74000    5.474119  17.962   1.324   1.642   0.755  47  47  33  33
  L101-S342      1056.002  2627.379  17.047   0.063 1.74000    5.474119  17.574   0.600   0.766   0.372  28  25  26  24
  L101-S343      1458.189  2684.970  17.281   0.076 1.74000    5.474119  17.789   1.261   1.519   0.665  31  26  29  27
  L101-S344       -14.689  2709.605   0.000   0.000 1.74000    5.474119  17.361   0.563   0.692   0.340  36  36  31  30
  L101-S351       317.295  2980.113  17.226   0.076 1.74000    5.474119  17.661   1.514   2.307   1.304  40  34  33  26
  L101-S353       349.312  3013.918  14.312   0.006 1.74000    5.474119  14.726   0.961   1.035   0.462  41  38  33  27
  L101-S359       700.969  3153.565  17.563   0.101 1.74000    5.474119  18.252   1.627   2.477   1.439  39  30  33  28
  L101-S361        10.320  3213.339   0.000   0.000 1.74000    5.474119  15.838   0.949   1.109   0.490  44  41  33  30
  L101-S367      1256.603  3353.140  17.436   0.089 1.74000    5.474119  18.036   1.265   1.600   0.733  32  28  29  27
  L101-S370       194.439  3437.966  15.503   0.016 1.74000    5.474119  15.918   0.822   0.997   0.465  44  41  33  30
  L101-S371       835.178  3548.036  16.676   0.045 1.74000    5.474119  17.047   1.584   2.369   1.369  28  28  25  25
  L101-S372      1336.437  3605.089  13.268   0.002 1.74000    5.474119  13.667   0.856   0.966   0.454  28  28  25  25
  L101-S374       803.380  3764.017  13.630   0.003 1.74000    5.474119  14.049   0.861   0.968   0.470  32  31  29  28
  L101-S379       932.130  3869.229  16.215   0.029 1.74000    5.474119  16.648   0.598   0.723   0.353  32  31  29  28
  L101-S383      1434.007  4112.943   0.000   0.000 1.74000    5.474119  15.068   0.685   0.747   0.337  32  31  29  27
  L101-S498        36.626    -3.880   0.000   0.000 1.74000    5.474119  12.054   0.843   0.915   0.415  46  46  38  38
  L101-S500       941.750   334.939  17.969   0.167 1.74000    5.474119  18.763   1.481   1.988   0.999  34  29  29  29
  L101-S502        71.794   627.919  17.620   0.113 1.74000    5.474119  18.224   0.720   0.831   0.397  49  48  35  35
  L101-S507      1303.487  1254.089  17.412   0.096 1.74000    5.474119  17.802   0.719   0.846   0.422  34  33  29  29
  L101-S510      1665.850  1433.501  15.145   0.012 1.74000    5.474119  15.561   0.985   1.154   0.505  27  24  23  21
  L101-S516      1416.452  2001.040  18.348   0.211 1.74000    5.474119  18.579   1.537   2.089   1.086  34  25  29  29
  L101-S518      1051.453  2899.178  13.117   0.002 1.74000    5.474119  13.520   0.712   0.765   0.337  20  19  20  21
  L101-S519       935.937  2952.695  12.265   0.001 1.74000    5.474119  12.674   0.604   0.672   0.299  32  31  29  28
  L101-S526       166.990  3762.216  12.844   0.002 1.74000    5.474119  13.259   0.865   1.079   0.518  44  41  33  30
  L104-443         19.955   202.066  14.997   0.012 1.70100    1.806195  15.387   1.296   1.605   0.751  81  63  81  43
  L104-455        252.308  2011.869  14.720   0.008 1.70100    1.806195  15.090   0.576   0.701   0.348  89  69  80  48
  L104-S314      1093.714  2746.476  13.835   0.004 1.70100    1.806195  14.242   0.387   0.478   0.255  49  39  49  19
  L104-S501       504.788  1198.188  12.162   0.001 1.70100    1.806195  12.540   0.797   0.829   0.380  80  62  78  40
  L104-S502      1201.353  1259.228  15.413   0.016 1.70100    1.806195  15.829   0.617   0.744   0.382  56  42  56  19
  L104-S503       874.445  1257.070  15.786   0.022 1.70100    1.806195  16.175   0.711   0.860   0.426  69  51  69  33
  L104-S504      1176.529  1317.041  12.964   0.002 1.70100    1.806195  13.347   0.564   0.660   0.334  56  42  56  19
  L104-S509       693.135  1733.186  15.101   0.011 1.70100    1.806195  15.460   0.665   0.760   0.373  79  61  78  39
  L104-S511      1056.414  2283.947  13.947   0.004 1.70100    1.806195  14.333   0.780   0.850   0.400  55  42  55  19
  L104-S516       262.660  2895.345  15.692   0.019 1.70100    1.806195  16.093   0.724   0.844   0.405  80  62  80  41
  L104-S647      1053.358   791.409  13.159   0.002 1.70100    1.806195  13.540   0.722   0.852   0.435  44  35  44  19
  L104-S648      1045.919   973.810  15.910   0.025 1.70100    1.806195  16.393   0.688   0.815   0.408  55  42  55  19
  L104-S652      1734.933  1551.086  15.623   0.018 1.70100    1.806195  15.994   0.735   0.922   0.472  44  36  44  16
  L104-S654      1668.010  1804.080  14.766   0.009 1.70100    1.806195  15.094   1.522   2.345   1.329  43  35  43  18
  L104-S656      1592.207  2463.546  13.896   0.004 1.70100    1.806195  14.290   0.692   0.752   0.371  48  39  48  19
  L104-S657      1903.451  2701.870  16.192   0.030 1.70100    1.806195  16.632   0.580   0.696   0.351  30  26  30  16
  L104-S667       414.567  3632.060  15.104   0.011 1.70100    1.806195  15.501   0.856   1.001   0.459  65  48  65  32
  L104-S668      1918.884  3667.477  14.773   0.008 1.70100    1.806195  15.184   0.585   0.694   0.351  34  26  34  12
  L104-455         98.625  2017.905  14.635   0.008 1.15200    5.244939  15.090   0.576   0.701   0.348  89  69  80  48
  L104-S314       938.798  2752.030  13.766   0.004 1.15200    5.244939  14.242   0.387   0.478   0.255  49  39  49  19
  L104-S501       350.724  1204.124  12.090   0.001 1.15200    5.244939  12.540   0.797   0.829   0.380  80  62  78  40
  L104-S502      1046.400  1265.463  15.301   0.015 1.15200    5.244939  15.829   0.617   0.744   0.382  56  42  56  19
  L104-S503       720.002  1263.099  15.723   0.020 1.15200    5.244939  16.175   0.711   0.860   0.426  69  51  69  33
  L104-S504      1021.605  1323.146  12.887   0.002 1.15200    5.244939  13.347   0.564   0.660   0.334  56  42  56  19
  L104-S509       539.146  1739.159  15.006   0.011 1.15200    5.244939  15.460   0.665   0.760   0.373  79  61  78  39
  L104-S511       901.830  2289.769  13.867   0.004 1.15200    5.244939  14.333   0.780   0.850   0.400  55  42  55  19
  L104-S516       108.697  2901.163  15.589   0.017 1.15200    5.244939  16.093   0.724   0.844   0.405  80  62  80  41
  L104-S645      1228.959   440.311  16.423   0.039 1.15200    5.244939  16.898   0.568   0.669   0.344  48  38  48  19
  L104-S647       898.502   797.644  13.084   0.002 1.15200    5.244939  13.540   0.722   0.852   0.435  44  35  44  19
  L104-S648       890.954   979.844  15.877   0.023 1.15200    5.244939  16.393   0.688   0.815   0.408  55  42  55  19
  L104-S652      1578.728  1557.297  15.497   0.016 1.15200    5.244939  15.994   0.735   0.922   0.472  44  36  44  16
  L104-S653      1182.573  1648.933  16.560   0.044 1.15200    5.244939  17.117   0.933   1.077   0.498  51  39  51  19
  L104-S654      1511.853  1810.082  14.744   0.009 1.15200    5.244939  15.094   1.522   2.345   1.329  43  35  43  18
  L104-S656      1436.437  2469.178  13.826   0.004 1.15200    5.244939  14.290   0.692   0.752   0.371  48  39  48  19
  L104-S657      1746.694  2707.260  16.113   0.029 1.15200    5.244939  16.632   0.580   0.696   0.351  30  26  30  16
  L104-S659       849.056  2874.362  16.778   0.047 1.15200    5.244939  17.265   0.555   0.665   0.359  51  40  51  19
  L104-S667       259.998  3638.094  15.002   0.010 1.15200    5.244939  15.501   0.856   1.001   0.459  65  48  65  32
  L104-S668      1762.086  3672.785  14.679   0.008 1.15200    5.244939  15.184   0.585   0.694   0.351  34  26  34  12
  L104-S669      1978.962  3679.833  15.132   0.011 1.15200    5.244939  15.602   0.805   0.892   0.453  29  20  29   9
  L107-S195       528.903    68.006  16.523   0.034 1.37800    5.709024  16.871   0.527   0.721   0.379  44  31  41  26
  L107-S196      1127.917    96.050  15.123   0.010 1.37800    5.709024  15.537   0.531   0.717   0.376  42  30  40  26
  L107-S201      1739.352   122.215  16.868   0.046 1.37800    5.709024  17.419   0.786   0.950   0.462  31  17  29  16
  L107-S213      1428.190   242.750  15.152   0.010 1.37800    5.709024  15.575   0.624   0.788   0.402  44  29  41  22
  L107-S215       664.077   280.483  16.169   0.024 1.37800    5.709024  16.658   0.776   0.926   0.455  45  35  44  29
  L107-S216      1199.500   315.088  14.936   0.008 1.37800    5.709024  15.375   0.637   0.777   0.396  41  34  41  28
  L107-S227       768.063   440.543  16.828   0.043 1.37800    5.709024  17.309   0.653   0.797   0.410  46  37  43  28
  L107-S229      1563.264   467.736  16.290   0.027 1.37800    5.709024  16.704   0.657   0.816   0.418  40  30  40  19
  L107-S233       828.577   511.810  15.353   0.011 1.37800    5.709024  15.773   0.634   0.785   0.400  44  35  37  25
  L107-S239       473.956   537.183  15.641   0.015 1.37800    5.709024  16.072   1.012   1.172   0.526  39  36  39  24
  L107-S242       552.954   571.847  14.956   0.008 1.37800    5.709024  15.396   0.899   1.063   0.511  45  36  39  24
  L107-S249       245.867   639.025  15.910   0.018 1.37800    5.709024  16.399   1.474   1.994   0.976  72  52  66  43
  L107-S273       761.800   983.611  12.836   0.002 1.37800    5.709024  13.265   0.687   0.816   0.412  47  38  42  28
  L107-S281       454.423  1067.337  16.811   0.042 1.37800    5.709024  17.304   0.777   0.966   0.491  50  39  46  29
  L107-S288      1100.350  1126.159  16.900   0.045 1.37800    5.709024  17.420   0.570   0.767   0.406  49  38  43  28
  L107-S292      1725.815  1201.027  16.875   0.045 1.37800    5.709024  17.356   0.656   0.818   0.411  36  23  33  18
c L107-S295      1405.462  1274.857  16.699   0.036 1.37800    5.709024  17.186   1.219   1.480   0.651  46  33  43  22
  L107-S296      1092.882  1274.873  16.420   0.029 1.37800    5.709024  16.949   1.170   1.563   0.780  47  38  43  28
  L107-S309      1411.373  1410.443  15.303   0.011 1.37800    5.709024  15.739   0.994   1.189   0.537  47  33  43  22
  L107-S316      1288.451  1464.918  16.929   0.045 1.37800    5.709024  17.424   0.714   0.846   0.432  46  38  43  28
  L107-S317      1674.482  1475.057  16.000   0.020 1.37800    5.709024  16.406   0.643   0.802   0.405  44  32  42  21
  L107-S318      1939.870  1485.906  16.870   0.044 1.37800    5.709024  17.299   0.899   1.101   0.525  36  25  36  21
  L107-S331      1866.007  1760.347  16.886   0.047 1.37800    5.709024  17.332   0.819   0.983   0.469  38  27  36  20
  L107-S557       538.990   393.271  15.222   0.010 1.37800    5.709024  15.651   0.721   0.877   0.438  38  35  38  29
  L107-S569      1205.321   760.584  15.763   0.016 1.37800    5.709024  16.163   0.667   0.832   0.431  47  38  43  28
  L107-S576      1463.951   953.883  12.496   0.001 1.37800    5.709024  12.921   0.818   0.946   0.455  43  33  39  22
  L107-S588        69.924  1273.714  14.456   0.006 1.37800    5.709024  14.873   0.733   0.826   0.401  68  55  64  47
  L107-S611       232.240  1802.044  13.913   0.003 1.37800    5.709024  14.343   0.588   0.735   0.363  63  51  56  47
  L107-S613       873.326  1824.285  14.057   0.004 1.37800    5.709024  14.493   1.131   1.332   0.583  31  22  21  11
  L107-S614      1602.819  1851.950  14.733   0.007 1.37800    5.709024  15.153   1.137   1.427   0.636  41  29  39  21
  L107-S624       950.753  1924.585  16.126   0.023 1.37800    5.709024  16.574   0.704   0.849   0.441  41  30  36  23
  L107-S625      1019.994  1930.152  16.681   0.037 1.37800    5.709024  17.125   0.749   0.968   0.504  41  30  36  23
  L107-S629      1229.839  1995.515  16.877   0.045 1.37800    5.709024  17.291   0.679   0.859   0.435  37  22  33  19
  L107-S645       568.037  2158.803  15.499   0.013 1.37800    5.709024  15.927   0.720   0.832   0.417  41  31  36  28
  L107-S650      1192.263  2218.786  14.121   0.004 1.37800    5.709024  14.561   0.909   1.018   0.462  39  25  35  21
  L107-S655       507.646  2331.840  14.475   0.005 1.37800    5.709024  14.905   0.821   0.957   0.454  33  25  33  21
  L107-S658       737.545  2344.794  13.070   0.002 1.37800    5.709024  13.513   1.216   1.466   0.626  37  24  33  21
  L107-S659      1290.657  2384.110  16.569   0.033 1.37800    5.709024  17.020   0.574   0.746   0.387  32  22  29  18
  L107-S664       322.671  2410.466  12.562   0.001 1.37800    5.709024  12.991   0.810   0.877   0.383  47  34  40  30
  L107-S668      1518.054  2492.001  16.174   0.023 1.37800    5.709024  16.663   0.632   0.833   0.440  29  22  25  13
  L107-S671       630.902  2483.557  16.370   0.027 1.37800    5.709024  16.860   0.920   1.124   0.534  32  22  26  14
  L107-S686      1083.865  2625.468  15.237   0.010 1.37800    5.709024  15.689   0.715   0.841   0.430  29  19  21  11
  L107-S697       976.847  2769.682  16.826   0.041 1.37800    5.709024  17.364   0.506   0.734   0.404  26  16  16  10
  L107-S701       137.437  2817.868  16.846   0.039 1.37800    5.709024  17.233   1.411   1.696   0.759  44  33  33  30
  L107-S718       657.821  2991.939  14.676   0.006 1.37800    5.709024  15.122   0.823   0.913   0.453  25  18  15  12
  L107-S719       170.331  2994.519  15.986   0.019 1.37800    5.709024  16.394   0.761   0.893   0.427  44  34  33  30
  L107-S720       800.914  3007.618  16.645   0.036 1.37800    5.709024  17.097   0.652   0.818   0.426  25  18  15  12
  L107-S723      1961.989  3152.217  14.015   0.004 1.37800    5.709024  14.484   1.425   1.864   0.920  20  18  15  10
  L107-S726      1065.364  3192.784  14.271   0.005 1.37800    5.709024  14.719   0.977   1.136   0.516  24  17  14  11
  L107-S727      1518.092  3202.105  14.593   0.006 1.37800    5.709024  15.059   0.664   0.806   0.415  22  18  14  11
  L107-S730      2018.259  3243.879  16.540   0.032 1.37800    5.709024  17.008   1.138   1.336   0.602  19  18  15  10
  L107-S735        99.051  3267.668  12.938   0.002 1.37800    5.709024  13.360   0.694   0.796   0.380  42  34  33  30
  L107-S751       958.951  3493.800  14.965   0.008 1.37800    5.709024  15.445   0.941   1.098   0.511  19  16  11   7
  L107-S752       918.958  3508.890  16.897   0.044 1.37800    5.709024  17.254   1.236   1.480   0.657  21  16  12   9
  L107-S774      1505.049  3726.122  16.789   0.038 1.37800    5.709024  17.411   0.453   0.652   0.350  19  16  13  10
  L107-S1646      994.404  3472.753  16.434   0.029 1.37800    5.709024  16.806   1.625   2.485   1.465  18  12  11   7
  L107-S1647      392.426  3471.377  15.665   0.014 1.37800    5.709024  16.087   0.926   1.091   0.511  20  13  12   8
  L107-S195       418.563    83.884  16.368   0.029 1.18000    8.749450  16.871   0.527   0.721   0.379  44  31  41  26
  L107-S196      1016.885   112.150  15.096   0.009 1.18000    8.749450  15.537   0.531   0.717   0.376  42  30  40  26
  L107-S201      1627.279   138.668  16.811   0.043 1.18000    8.749450  17.419   0.786   0.950   0.462  31  17  29  16
  L107-S213      1316.668   258.923  15.139   0.010 1.18000    8.749450  15.575   0.624   0.788   0.402  44  29  41  22
  L107-S215       553.669   296.385  16.176   0.024 1.18000    8.749450  16.658   0.776   0.926   0.455  45  35  44  29
  L107-S216      1088.159   331.122  14.913   0.008 1.18000    8.749450  15.375   0.637   0.777   0.396  41  34  41  28
  L107-S227       657.609   456.386  16.706   0.039 1.18000    8.749450  17.309   0.653   0.797   0.410  46  37  43  28
  L107-S229      1451.513   483.803  16.200   0.025 1.18000    8.749450  16.704   0.657   0.816   0.418  40  30  40  19
  L107-S233       717.856   527.623  15.347   0.011 1.18000    8.749450  15.773   0.634   0.785   0.400  44  35  37  25
  L107-S239       363.688   553.151  15.580   0.015 1.18000    8.749450  16.072   1.012   1.172   0.526  39  36  39  24
  L107-S242       442.610   587.703  14.938   0.008 1.18000    8.749450  15.396   0.899   1.063   0.511  45  36  39  24
  L107-S249       135.780   654.818  15.884   0.018 1.18000    8.749450  16.399   1.474   1.994   0.976  72  52  66  43
  L107-S273       651.114   999.269  12.814   0.002 1.18000    8.749450  13.265   0.687   0.816   0.412  47  38  42  28
  L107-S281       344.256  1083.090  16.751   0.041 1.18000    8.749450  17.304   0.777   0.966   0.491  50  39  46  29
  L107-S288       989.565  1142.060  16.940   0.049 1.18000    8.749450  17.420   0.570   0.767   0.406  49  38  43  28
  L107-S292      1613.773  1216.893  16.959   0.048 1.18000    8.749450  17.356   0.656   0.818   0.411  36  23  33  18
  L107-S295      1294.192  1290.757  16.651   0.036 1.18000    8.749450  17.186   1.219   1.480   0.651  46  33  43  22
  L107-S296       981.981  1290.874  16.513   0.032 1.18000    8.749450  16.949   1.170   1.563   0.780  47  38  43  28
  L107-S309      1300.062  1426.189  15.300   0.011 1.18000    8.749450  15.739   0.994   1.189   0.537  47  33  43  22
  L107-S316      1177.217  1480.767  16.965   0.048 1.18000    8.749450  17.424   0.714   0.846   0.432  46  38  43  28
  L107-S317      1562.455  1490.782  15.890   0.019 1.18000    8.749450  16.406   0.643   0.802   0.405  44  32  42  21
  L107-S318      1827.399  1501.467  16.768   0.040 1.18000    8.749450  17.299   0.899   1.101   0.525  36  25  36  21
  L107-S331      1753.828  1775.958  16.921   0.046 1.18000    8.749450  17.332   0.819   0.983   0.469  38  27  36  20
  L107-S553      1989.338   285.014  15.431   0.013 1.18000    8.749450  15.925   1.192   1.463   0.656  36  23  34  21
  L107-S557       428.768   409.157  15.200   0.010 1.18000    8.749450  15.651   0.721   0.877   0.438  38  35  38  29
  L107-S559      1997.108   464.385  16.320   0.029 1.18000    8.749450  16.774   0.865   1.057   0.500  33  23  33  20
  L107-S569      1094.283   776.363  15.692   0.016 1.18000    8.749450  16.163   0.667   0.832   0.431  47  38  43  28
  L107-S576      1352.411   969.807  12.472   0.001 1.18000    8.749450  12.921   0.818   0.946   0.455  43  33  39  22
  L107-S611       122.194  1817.796  13.899   0.003 1.18000    8.749450  14.343   0.588   0.735   0.363  63  51  56  47
  L107-S613       762.669  1840.000  14.051   0.004 1.18000    8.749450  14.493   1.131   1.332   0.583  31  22  21  11
  L107-S614      1490.899  1867.489  14.696   0.006 1.18000    8.749450  15.153   1.137   1.427   0.636  41  29  39  21
  L107-S624       840.015  1940.130  16.129   0.022 1.18000    8.749450  16.574   0.704   0.849   0.441  41  30  36  23
  L107-S625       909.116  1945.953  16.681   0.036 1.18000    8.749450  17.125   0.749   0.968   0.504  41  30  36  23
  L107-S629      1118.825  2011.200  16.948   0.046 1.18000    8.749450  17.291   0.679   0.859   0.435  37  22  33  19
  L107-S635      2013.239  2133.821  16.880   0.045 1.18000    8.749450  17.314   1.642   2.585   1.523  36  22  33  20
  L107-S645       457.841  2174.330  15.465   0.012 1.18000    8.749450  15.927   0.720   0.832   0.417  41  31  36  28
  L107-S650      1081.218  2234.221  14.099   0.004 1.18000    8.749450  14.561   0.909   1.018   0.462  39  25  35  21
  L107-S655       397.365  2347.390  14.440   0.005 1.18000    8.749450  14.905   0.821   0.957   0.454  33  25  33  21
  L107-S658       626.903  2360.306  13.050   0.002 1.18000    8.749450  13.513   1.216   1.466   0.626  37  24  33  21
  L107-S659      1179.323  2399.697  16.502   0.030 1.18000    8.749450  17.020   0.574   0.746   0.387  32  22  29  18
  L107-S664       212.540  2426.089  12.536   0.001 1.18000    8.749450  12.991   0.810   0.877   0.383  47  34  40  30
  L107-S668      1406.324  2507.624  16.202   0.023 1.18000    8.749450  16.663   0.632   0.833   0.440  29  22  25  13
  L107-S671       520.346  2499.182  16.345   0.026 1.18000    8.749450  16.860   0.920   1.124   0.534  32  22  26  14
  L107-S685      1974.018  2656.008  17.012   0.048 1.18000    8.749450  17.497   0.809   0.996   0.500  24  18  19  10
  L107-S686       972.976  2640.976  15.186   0.009 1.18000    8.749450  15.689   0.715   0.841   0.430  29  19  21  11
  L107-S697       865.981  2785.095  16.849   0.042 1.18000    8.749450  17.364   0.506   0.734   0.404  26  16  16  10
  L107-S701        27.220  2833.405  16.821   0.040 1.18000    8.749450  17.233   1.411   1.696   0.759  44  33  33  30
  L107-S718       547.173  3007.420  14.655   0.006 1.18000    8.749450  15.122   0.823   0.913   0.453  25  18  15  12
  L107-S719        60.132  3010.091  15.947   0.019 1.18000    8.749450  16.394   0.761   0.893   0.427  44  34  33  30
  L107-S720       690.123  3023.161  16.549   0.032 1.18000    8.749450  17.097   0.652   0.818   0.426  25  18  15  12
  L107-S723      1849.255  3167.395  14.003   0.004 1.18000    8.749450  14.484   1.425   1.864   0.920  20  18  15  10
  L107-S726       954.346  3208.158  14.225   0.004 1.18000    8.749450  14.719   0.977   1.136   0.516  24  17  14  11
  L107-S727      1406.487  3217.568  14.576   0.006 1.18000    8.749450  15.059   0.664   0.806   0.415  22  18  14  11
  L107-S730      1905.406  3258.894  16.503   0.030 1.18000    8.749450  17.008   1.138   1.336   0.602  19  18  15  10
  L107-S751       848.000  3509.101  14.950   0.008 1.18000    8.749450  15.445   0.941   1.098   0.511  19  16  11   7
  L107-S752       807.941  3524.242  16.811   0.040 1.18000    8.749450  17.254   1.236   1.480   0.657  21  16  12   9
  L107-S774      1393.061  3741.162  16.903   0.043 1.18000    8.749450  17.411   0.453   0.652   0.350  19  16  13  10
  L107-S1646      883.377  3488.044  16.347   0.027 1.18000    8.749450  16.806   1.625   2.485   1.465  18  12  11   7
  L107-S1647      281.948  3486.859  15.597   0.013 1.18000    8.749450  16.087   0.926   1.091   0.511  20  13  12   8
  L110-S104      1386.584  3229.448  14.792   0.009 1.33700    8.968483  15.223   1.574   1.919   0.983  69  54  68  34
  L110-S121      1257.805  3413.998  16.013   0.024 1.33700    8.968483  16.432   3.394   5.352   2.506  71  45  70  34
  L110-S164      1376.956  4016.159  14.824   0.009 1.33700    8.968483  15.303   1.647   2.038   1.038  85  72  65  18
  L110-S367      1502.212    63.972  14.408   0.007 1.33700    8.968483  14.819   1.236   1.401   0.613  42  35  42  30
  L110-S387      1246.989   535.404  15.458   0.016 1.33700    8.968483  15.840   3.352   4.023   1.765  54  38  51  41
  L110-S415      1458.909  1079.195  15.660   0.020 1.33700    8.968483  16.163   1.936   2.339   1.150  54  44  54  34
  L110-S422      1976.009  1198.824  13.861   0.004 1.33700    8.968483  14.286   1.438   1.756   0.921  47  35  43  29
  L110-S430       430.214  1335.536  14.632   0.008 1.33700    8.968483  15.019   1.472   1.790   0.901  60  60  55  34
  L110-S432       318.500  1418.458  12.599   0.002 1.33700    8.968483  13.018   1.178   1.437   0.768  60  60  55  34
  L110-S438      1178.734  1552.822  12.628   0.002 1.33700    8.968483  13.002   2.598   2.909   1.335  56  42  54  34
  L110-S452       200.529  1785.965  16.107   0.029 1.33700    8.968483  16.581   1.939   2.348   1.178  65  65  57  32
  L110-S461      1413.511  1960.824  12.113   0.001 1.33700    8.968483  12.513   1.256   1.536   0.818  53  39  50  26
  L110-S462       481.896  1956.914  16.045   0.029 1.33700    8.968483  16.452   3.147   3.686   1.603  54  54  44  24
  L110-S470      1613.242  2200.935  12.977   0.002 1.33700    8.968483  13.406   0.819   0.962   0.482  53  42  53  31
  L110-S472        24.761  2197.681  14.894   0.010 1.33700    8.968483  15.316   1.175   1.353   0.623  61  61  54  31
  L110-S475      1618.843  2273.282  14.577   0.007 1.33700    8.968483  14.974   2.916   3.337   1.493  50  40  50  30
  L110-S479      1543.204  2310.785  16.048   0.026 1.33700    8.968483  16.490   2.236   2.587   1.217  48  38  48  27
  L110-S481        43.646  2427.785  15.949   0.025 1.33700    8.968483  16.438   1.800   2.164   1.107  64  64  57  33
  L110-S484      1036.226  2495.394  15.817   0.022 1.33700    8.968483  16.225   2.766   3.306   1.494  54  43  54  33
  L110-S486      1701.940  2621.509  14.941   0.009 1.33700    8.968483  15.370   1.722   2.081   1.026  58  46  58  32
  L110-S489       631.713  2638.195  15.819   0.022 1.33700    8.968483  16.264   1.858   2.181   1.067  62  62  60  33
  L110-S506       696.706  2932.937  16.004   0.026 1.33700    8.968483  16.426   1.699   2.074   1.032  65  48  62  33
  L110-S508      1583.948  2995.028  16.164   0.027 1.33700    8.968483  16.670   3.204   3.780   1.639  64  42  64  33
  L110-S536       216.014  3553.776  13.615   0.003 1.33700    8.968483  14.042   1.389   1.698   0.897  69  69  60  32
  L110-S539       658.745  3659.212  15.649   0.018 1.33700    8.968483  16.064   1.691   2.022   1.001  65  50  61  33
  L110-S543       236.933  3703.935  15.255   0.013 1.33700    8.968483  15.636   1.570   1.883   0.963  68  68  58  32
  L110-S552       198.828  3880.615  14.990   0.010 1.33700    8.968483  15.388   2.345   2.711   1.274  62  62  45  24
  L110-S554       323.010  3921.913  16.041   0.027 1.33700    8.968483  16.474   2.663   3.024   1.372  56  56  42  21
  L111-2039       853.319   193.124  12.012   0.001 1.53300    9.177844  12.402   1.362   1.438   0.692  17  17  14   8
  L111-2088       578.051  1123.122  12.821   0.002 1.53300    9.177844  13.194   1.602   1.786   0.797  30  29  15   8
  L111-2093       672.729  1248.009  12.138   0.001 1.53300    9.177844  12.548   0.644   0.777   0.397  42  41  15   8
  L111-S42        767.273   921.543  14.847   0.010 1.53300    9.177844  15.250   0.866   1.050  85.799  18  17   7   0
c L111-S47        360.921  1018.465  14.987   0.011 1.53300    9.177844  15.405   1.372   1.521  86.115  20  19   7   0
  L111-S48        505.560  1043.933  16.010   0.028 1.53300    9.177844  16.425   0.991   1.159  84.733  20  19   7   0
  L111-S49        692.763  1059.950  16.072   0.030 1.53300    9.177844  16.480   0.914   1.073  84.592  20  19   7   0
  L111-S54        137.387  1177.634  15.860   0.023 1.53300    9.177844  16.239   1.234   1.416  85.176  14  14   6   0
  L111-S58        419.477  1252.034  16.092   0.030 1.53300    9.177844  16.521   1.086   1.205  84.683  20  19   7   0
  L111-S60        787.566  1280.944  15.275   0.014 1.53300    9.177844  15.641   1.339   1.550  85.908  15  14   7   0
  L111-S62        807.218  1397.989  14.745   0.009 1.53300    9.177844  15.158   1.296   1.509  86.350  15  12   7   0
  L111-S65        507.801  1482.113  15.357   0.015 1.53300    9.177844  15.759   0.990   1.163  85.403  20  19   7   0
  L111-S67        267.005  1475.648  15.864   0.023 1.53300    9.177844  16.286   1.300   1.490  85.203  20  17   7   0
  L111-S69        214.127  1501.126  14.626   0.008 1.53300    9.177844  15.014   1.404   1.543  86.528  17  15   6   0
  L111-S70        395.601  1512.439  15.261   0.014 1.53300    9.177844  15.679   1.101   1.226  85.546  20  19   7   0
c L111-S72        725.233  1609.830  14.438   0.007 1.53300    9.177844  14.838   0.828   1.005  86.166  16  15   5   0
  L111-S304      1313.132   115.101  13.175   0.003 1.53300    9.177844  13.595   0.812   0.977  87.381   6   6   6   0
  L111-S308       972.088   196.599  13.956   0.005 1.53300    9.177844  14.366   0.751   0.937  86.570   7   7   6   0
  L111-S310       264.115   217.306  15.327   0.015 1.53300    9.177844  15.704   0.979   1.117  85.412   7   7   6   0
  L111-S320      1228.278   425.220  14.119   0.005 1.53300    9.177844  14.536   0.866   1.068  86.531   7   7   6   0
  L111-S325        30.612   528.997  14.035   0.005 1.53300    9.177844  14.402   1.395   1.532  87.129   7   7   6   0
  L111-S334      1741.873   932.452  12.627   0.002 1.53300    9.177844  13.021   0.727   0.882  87.860   6   6   6   0
  L111-S339      1625.068  1014.315  13.518   0.003 1.53300    9.177844  13.910   0.903   1.036  87.125   6   6   6   0
  L111-S347       902.496  1299.871  14.421   0.007 1.53300    9.177844  14.837   0.953   1.081  86.243  12  11   7   0
  L111-S348      1433.770  1376.856  14.396   0.006 1.53300    9.177844  14.816   0.743   0.926  86.109   6   6   6   0
  L98-733         260.966  3942.682  11.767   0.001 1.20600    0.314650  12.237   1.278   1.360   0.648 155 145 136  98
  L98-1002        571.545   725.930  14.147   0.005 1.20600    0.314650  14.590   0.565   0.690   0.345 169 167 152  97
c L98-1082        941.865  2819.118  14.530   0.007 1.20600    0.314650  15.036   0.838   1.081   0.587 183 168 153 100
  L98-1087        575.468  2864.313  13.991   0.004 1.20600    0.314650  14.445   1.612   1.821   0.889 201 184 177 116
  L98-1112        671.256  3654.333  13.494   0.003 1.20600    0.314650  13.978   0.778   0.870   0.410 148 144 118  90
  L98-1122        301.790  3798.884  13.608   0.003 1.20600    0.314650  14.090   0.651   0.835   0.455 170 146 140  90
  L98-1124        416.387  3829.455  13.205   0.002 1.20600    0.314650  13.704   0.333   0.390   0.222 161 144 138  95
  L98-L3          560.150   677.952  14.235   0.006 1.20600    0.314650  14.648   1.913   2.164   1.041 171 170 153  97
  L98-L4          462.572   677.636  15.655   0.019 1.20600    0.314650  16.153   1.379   1.695   0.852 168 166 152  94
  L98-S72         281.625    24.390  15.623   0.020 1.20600    0.314650  16.069   0.573   0.715   0.396 150 144 142  79
  L98-S93          77.563   197.156  14.509   0.007 1.20600    0.314650  14.936   1.490   1.701   0.823 160 153 144  82
  L98-S95         468.926   217.884  14.300   0.006 1.20600    0.314650  14.757   0.609   0.769   0.394 163 157 147  85
c L98-S99         832.562   336.510  13.403   0.003 1.20600    0.314650  13.873   0.644   0.746   0.363 152 145 139  88
  L98-S109        777.260   385.818  15.399   0.016 1.20600    0.314650  15.828   0.743   0.938   0.499 159 157 139  87
  L98-S119        562.401   443.729  15.462   0.017 1.20600    0.314650  15.898   1.035   1.311   0.657 161 159 146  87
c L98-S123        148.701   467.818  15.962   0.026 1.20600    0.314650  16.414   0.982   1.197   0.591 161 158 150  88
  L98-S128        628.523   506.272  15.430   0.017 1.20600    0.314650  15.911   0.796   0.932   0.458 165 162 146  94
  L98-S136        385.713   540.313  15.548   0.018 1.20600    0.314650  15.955   0.680   0.859   0.453 168 165 152  91
  L98-S143       1030.536   583.549  15.906   0.025 1.20600    0.314650  16.377   0.879   1.132   0.619 162 153 140  90
  L98-S148       1115.156   623.947  15.973   0.027 1.20600    0.314650  16.424   0.852   1.105   0.568 158 148 135  86
  L98-S150        908.422   638.226  15.699   0.021 1.20600    0.314650  16.166   0.800   0.951   0.475 167 157 142  95
  L98-S155        779.958   651.105  13.817   0.004 1.20600    0.314650  14.259   0.610   0.702   0.343 167 161 146  93
  L98-S157        127.061   649.536  14.751   0.009 1.20600    0.314650  15.178   0.858   1.075   0.544 172 170 153  90
  L98-S160         78.587   659.905  14.054   0.005 1.20600    0.314650  14.495   1.366   1.569   0.767 172 169 154  92
c L98-S169        242.930   713.113  14.960   0.010 1.20600    0.314650  15.448   0.739   0.968   0.504 170 167 152  93
  L98-S190        390.673   807.915  15.333   0.014 1.20600    0.314650  15.758   1.564   1.826   0.896 166 161 153  89
  L98-S195        518.299   868.741  12.456   0.002 1.20600    0.314650  12.919   0.501   0.631   0.331 167 163 150  92
  L98-S202        540.766   902.973  13.121   0.003 1.20600    0.314650  13.579   0.573   0.680   0.334 173 166 156  96
c L98-S203       1029.192   915.729  14.164   0.005 1.20600    0.314650  14.637   0.819   0.877   0.405 160 150 138  89
  L98-S204        834.105   917.949  16.020   0.029 1.20600    0.314650  16.443   0.903   1.098   0.555 162 153 149  93
c L98-S210       1070.621   938.512  15.885   0.024 1.20600    0.314650  16.383   1.198   1.388   0.603 157 148 136  87
  L98-S211        666.074   933.661  15.624   0.019 1.20600    0.314650  16.073   0.911   1.037   0.477 163 159 146  95
  L98-S214        161.186   950.674  15.151   0.012 1.20600    0.314650  15.601   0.751   0.991   0.525 173 170 161  96
c L98-S219         31.075   982.795  14.026   0.005 1.20600    0.314650  14.497   0.806   0.870   0.403 175 171 155  88
  L98-S236        145.889  1074.437  15.121   0.012 1.20600    0.314650  15.529   1.358   1.613   0.801 174 173 157  96
  L98-S243        327.422  1111.138  16.034   0.028 1.20600    0.314650  16.434   0.837   1.019   0.510 165 165 155  94
  L98-S244        833.495  1121.353  15.796   0.023 1.20600    0.314650  16.466   1.825   2.103   1.016 159 151 144  93
c L98-S247        163.746  1130.718  15.226   0.012 1.20600    0.314650  15.778   0.721   0.972   0.523 169 167 156  97
  L98-S251        642.207  1159.787  14.163   0.005 1.20600    0.314650  14.613   0.707   0.880   0.442 174 165 158  98
  L98-S267        787.239  1285.061  15.150   0.012 1.20600    0.314650  15.602   0.685   0.856   0.444 181 174 159  92
c L98-S273       1016.261  1321.857  14.038   0.005 1.20600    0.314650  14.535   0.432   0.574   0.328 170 162 147  90
  L98-S277        173.539  1317.921  14.285   0.006 1.20600    0.314650  14.741   0.669   0.805   0.396 187 186 168  96
  L98-S279        695.086  1343.881  14.880   0.009 1.20600    0.314650  15.312   1.529   1.769   0.875 176 174 158  97
  L98-S286        239.773  1384.852  16.083   0.028 1.20600    0.314650  16.535   0.848   1.085   0.552 185 182 167  99
c L98-S289        853.860  1400.198  13.986   0.005 1.20600    0.314650  14.461   1.348   1.568   0.772 170 163 153  94
  L98-S298        910.235  1462.814  14.817   0.009 1.20600    0.314650  15.270   0.771   0.967   0.500 169 158 146  93
  L98-S305        646.827  1505.921  15.761   0.020 1.20600    0.314650  16.216   0.934   1.039   0.490 178 166 159  96
  L98-S313        886.323  1564.137  15.035   0.011 1.20600    0.314650  15.512   0.821   1.000   0.509 176 162 152  91
  L98-S318        718.575  1588.964  15.728   0.020 1.20600    0.314650  16.191   0.903   1.125   0.579 177 166 154  88
  L98-S319        351.142  1587.031  15.337   0.014 1.20600    0.314650  15.788   0.762   0.997   0.532 184 176 165  88
  L98-S327        581.153  1635.946  14.584   0.008 1.20600    0.314650  15.054   0.686   0.788   0.378 189 180 171  98
  L98-S329        301.853  1645.130  15.611   0.019 1.20600    0.314650  16.120   0.740   0.951   0.498 199 189 177  96
  L98-S334        429.286  1693.023  15.735   0.020 1.20600    0.314650  16.185   0.782   0.959   0.474 191 183 173  96
  L98-S344        836.240  1781.618  15.853   0.023 1.20600    0.314650  16.249   0.919   1.089   0.541 169 164 153  91
  L98-S345        725.575  1785.378  14.016   0.005 1.20600    0.314650  14.485   0.792   0.836   0.385 176 175 155  92
  L98-S353        633.786  1824.090  13.382   0.003 1.20600    0.314650  13.845   0.642   0.840   0.450 183 173 162  83
  L98-S355        921.883  1834.922  14.116   0.005 1.20600    0.314650  14.563   1.409   1.552   0.766 175 163 148  78
  L98-S356        863.453  1835.020  15.900   0.023 1.20600    0.314650  16.267   0.819   0.992   0.489 182 166 153  80
  L98-S371        748.994  1934.150  15.539   0.018 1.20600    0.314650  16.073   0.675   0.849   0.452 181 172 164 102
  L98-S373        708.481  1936.661  15.949   0.025 1.20600    0.314650  16.441   0.807   1.022   0.519 177 171 164 103
  L98-S393        295.931  2092.963  15.290   0.014 1.20600    0.314650  15.745   0.787   0.985   0.498 214 200 182 109
  L98-S399       1088.199  2133.551  15.559   0.017 1.20600    0.314650  16.591   0.766   0.958   0.514 171 155 140  94
  L98-S406        295.706  2156.516  16.112   0.029 1.20600    0.314650  16.605   0.703   0.867   0.469 215 199 184 107
  L98-S424        673.861  2274.926  16.005   0.026 1.20600    0.314650  16.444   0.854   1.016   0.505 183 171 155 102
  L98-S425        768.858  2277.041  13.980   0.004 1.20600    0.314650  14.448   0.692   0.868   0.436 189 175 159 102
  L98-S441        873.589  2380.804  13.357   0.003 1.20600    0.314650  13.836   0.623   0.713   0.343 188 167 158 100
  L98-S452        987.911  2446.683  14.398   0.006 1.20600    0.314650  14.864   1.067   1.372   0.710 184 168 153  99
c L98-S455        488.272  2451.097  14.021   0.005 1.20600    0.314650  14.497   0.629   0.737   0.358 199 188 175 104
  L98-S456        460.170  2451.285  15.192   0.013 1.20600    0.314650  15.656   0.844   1.005   0.495 203 192 179 106
  L98-S460        553.044  2478.178  15.451   0.016 1.20600    0.314650  15.666   0.909   1.186   0.636 198 187 175 105
  L98-S461        139.277  2489.518  15.863   0.024 1.20600    0.314650  16.350   0.885   1.031   0.494 227 211 193 114
  L98-S462       1111.416  2526.635  14.709   0.008 1.20600    0.314650  15.181   0.908   1.168   0.631 169 152 138  91
  L98-S463         78.553  2522.789  16.146   0.029 1.20600    0.314650  16.575   0.879   1.084   0.557 241 216 197 121
  L98-S467         24.680  2554.242  15.466   0.016 1.20600    0.314650  15.971   0.884   1.120   0.567 247 226 194 116
c L98-S468        487.069  2563.973  15.622   0.018 1.20600    0.314650  16.085   0.856   1.000   0.488 197 185 173 103
  L98-S480        161.267  2671.075  15.770   0.020 1.20600    0.314650  16.249   0.751   0.933   0.466 224 203 187 113
  L98-S488        342.973  2736.783  15.734   0.020 1.20600    0.314650  16.170   0.896   0.993   0.459 199 181 173 100
  L98-S491        933.609  2754.706  14.972   0.010 1.20600    0.314650  15.438   1.528   1.784   0.881 176 161 149  97
  L98-S492        278.939  2764.107  13.907   0.004 1.20600    0.314650  14.376   0.680   0.899   0.495 205 187 172 103
  L98-S506        652.807  2842.661  15.836   0.021 1.20600    0.314650  16.759   1.036   1.308   0.677 185 169 159 103
  L98-S508       1115.860  2868.917  15.256   0.013 1.20600    0.314650  15.743   0.810   0.978   0.489 169 152 138  92
  L98-S514        760.793  2898.759  12.942   0.002 1.20600    0.314650  13.423   0.558   0.738   0.408 186 169 157 103
  L98-S521        223.300  2940.418  15.995   0.025 1.20600    0.314650  16.421   1.448   1.642   0.787 209 187 163 106
  L98-S525        244.748  2976.606  15.527   0.017 1.20600    0.314650  16.025   0.898   1.139   0.598 194 173 152 103
  L98-S532        644.849  3041.798  16.043   0.026 1.20600    0.314650  16.442   0.955   1.187   0.620 163 150 133 100
  L98-S533        375.316  3047.653  13.118   0.002 1.20600    0.314650  13.590   0.827   0.988   0.487 175 154 138  98
  L98-S534        557.527  3052.978  15.797   0.020 1.20600    0.314650  16.262   2.007   2.328   1.141 167 145 140 100
  L98-S543        335.952  3131.998  15.788   0.020 1.20600    0.314650  16.242   1.479   2.016   1.020 178 155 141  94
  L98-S548        716.786  3164.583  13.884   0.004 1.20600    0.314650  14.369   0.592   0.738   0.367 162 150 130  94
  L98-S549       1106.657  3176.722  15.468   0.015 1.20600    0.314650  15.996   1.006   1.121   0.498 156 142 121  86
  L98-S565        483.613  3293.992  15.876   0.022 1.20600    0.314650  16.362   1.230   1.485   0.746 163 147 131  96
  L98-S583        782.984  3452.786  15.884   0.023 1.20600    0.314650  16.335   1.696   1.984   0.983 145 127 116  87
  L98-S585        103.455  3443.332  14.997   0.010 1.20600    0.314650  15.460   0.636   0.778   0.418 153 135 119  88
  L98-S588        482.889  3482.775  14.907   0.009 1.20600    0.314650  15.390   0.804   0.976   0.480 150 134 122  90
  L98-S589        373.793  3486.401  15.281   0.014 1.20600    0.314650  15.800   0.803   0.996   0.501 147 132 116  85
  L98-S591        402.143  3507.721  13.699   0.004 1.20600    0.314650  14.170   0.973   1.031   0.474 147 130 113  83
  L98-S605        219.001  3579.021  15.862   0.021 1.20600    0.314650  16.347   0.849   0.976   0.464 148 134 119  88
  L98-S950       1106.646    45.831  12.207   0.001 1.20600    0.314650  12.622   1.623   1.755   0.831 136 129 124  74
  L98-S955       1923.675   156.717  13.918   0.005 1.20600    0.314650  14.404   0.738   0.914   0.473 134 117 116  72
  L98-S956       1283.862   160.133  15.606   0.018 1.20600    0.314650  16.101   0.779   0.970   0.511 144 131 121  79
  L98-S958       1151.027   191.936  13.579   0.004 1.20600    0.314650  14.036   0.754   0.827   0.395 151 138 129  77
  L98-S963       1326.008   305.851  14.911   0.011 1.20600    0.314650  15.372   0.691   0.861   0.442 144 131 122  77
  L98-S965       2014.554   325.171  14.128   0.006 1.20600    0.314650  14.578   1.242   1.419   0.698 133 120 115  72
c L98-S970       1209.885   421.514  15.821   0.026 1.20600    0.314650  16.272   0.933   1.150   0.584 146 129 123  76
  L98-S971       1231.661   444.496  12.848   0.002 1.20600    0.314650  13.306   0.675   0.761   0.365 147 132 124  76
  L98-S974       1471.166   492.880  15.640   0.019 1.20600    0.314650  16.092   0.591   0.719   0.404 144 130 122  81
  L98-S976       1895.152   502.888  15.714   0.021 1.20600    0.314650  16.232   0.691   0.841   0.440 139 127 123  78
  L98-S977       1577.334   516.836  15.384   0.016 1.20600    0.314650  15.818   0.804   0.999   0.512 142 128 125  82
  L98-S980       1957.836   614.893  15.940   0.027 1.20600    0.314650  16.445   1.167   1.409   0.621 138 124 120  76
c L98-S981       1581.941   634.342  16.127   0.030 1.20600    0.314650  16.546   0.872   1.104   0.612 143 128 126  83
  L98-S982       1810.828   640.885  14.629   0.008 1.20600    0.314650  15.135   0.708   0.879   0.448 141 126 123  78
  L98-S985       1646.932   670.057  14.647   0.009 1.20600    0.314650  15.077   0.934   1.080   0.534 145 128 124  76
  L98-S987       1205.704   727.302  13.816   0.004 1.20600    0.314650  14.258   0.707   0.868   0.441 152 137 129  82
  L98-S991       1721.871   762.141  15.969   0.027 1.20600    0.314650  16.475   0.879   1.062   0.539 138 125 123  79
  L98-S992       1973.728   777.597  15.038   0.011 1.20600    0.314650  15.522   0.796   0.945   0.469 135 122 119  77
  L98-S999       1690.571   893.096  16.047   0.027 1.20600    0.314650  16.547   0.776   0.976   0.502 142 126 125  77
  L98-S1001      1730.753   956.883  12.609   0.002 1.20600    0.314650  13.031   2.121   2.316   1.100 141 126 125  78
  L98-S1006      1865.769  1030.058  15.082   0.013 1.20600    0.314650  15.548   0.595   0.731   0.400 140 126 122  79
  L98-S1008      1313.008  1025.749  14.619   0.008 1.20600    0.314650  15.075   0.724   0.874   0.436 152 138 127  82
  L98-S1011      1178.758  1107.160  15.449   0.016 1.20600    0.314650  15.890   0.837   1.031   0.527 152 138 131  80
  L98-S1013      1269.090  1159.481  16.105   0.029 1.20600    0.314650  16.599   0.931   1.161   0.593 143 128 125  83
  L98-S1016      1642.016  1244.093  15.762   0.021 1.20600    0.314650  16.751   0.881   1.105   0.567 141 126 122  72
  L98-S1017      1154.859  1262.606  15.793   0.022 1.20600    0.314650  16.252   1.619   2.367   1.323 157 145 133  78
  L98-S1025      1305.016  1447.629  16.130   0.030 1.20600    0.314650  16.664   0.840   1.053   0.540 144 130 122  82
  L98-S1027      1249.770  1467.959  13.747   0.004 1.20600    0.314650  14.209   0.595   0.754   0.410 148 132 126  82
  L98-S1030      1365.501  1499.332  15.941   0.024 1.20600    0.314650  16.405   1.793   2.110   1.038 148 130 123  82
  L98-S1035      1545.086  1567.105  14.283   0.006 1.20600    0.314650  14.763   0.905   1.068   0.492 137 121 119  77
  L98-S1039      1646.864  1608.769  16.142   0.030 1.20600    0.314650  16.666   0.959   1.121   0.538 139 124 119  69
  L98-S1042      1963.272  1649.463  14.040   0.005 1.20600    0.314650  14.535   0.763   0.920   0.460 138 122 117  74
  L98-S1050      1196.749  1742.090  15.920   0.024 1.20600    0.314650  16.372   0.893   1.117   0.557 154 144 129  79
  L98-S1053      1653.989  1840.221  15.734   0.020 1.20600    0.314650  16.212   1.767   2.079   1.024 139 122 117  61
  L98-S1055      1535.823  1946.946  15.506   0.016 1.20600    0.314650  16.022   0.716   0.878   0.454 133 121 122  79
  L98-S1059      1328.036  1982.866  13.579   0.003 1.20600    0.314650  14.039   0.776   0.880   0.418 143 134 126  83
  L98-S1060      1432.210  1991.369  13.826   0.004 1.20600    0.314650  14.287   0.551   0.661   0.330 134 128 117  80
  L98-S1061      1816.957  1999.133  15.431   0.015 1.20600    0.314650  15.913   0.784   0.951   0.476 133 119 118  76
  L98-S1062      1947.300  2002.831  16.158   0.029 1.20600    0.314650  16.660   1.888   2.175   1.064 130 116 117  76
  L98-S1063      1867.922  2035.912  15.962   0.025 1.20600    0.314650  16.487   0.836   1.080   0.591 132 120 118  79
  L98-S1064      1779.887  2049.842  15.470   0.016 1.20600    0.314650  15.922   0.850   0.999   0.486 134 120 121  79
  L98-S1067      1892.093  2086.079  14.161   0.005 1.20600    0.314650  14.655   1.322   1.494   0.735 135 120 116  77
  L98-S1078      1889.732  2191.605  15.321   0.014 1.20600    0.314650  15.825   0.786   0.976   0.499 138 121 119  77
  L98-S1082      1381.034  2226.033  12.791   0.002 1.20600    0.314650  13.244   1.042   1.409   0.785 149 129 122  82
  L98-S1093      1674.386  2465.384  15.136   0.012 1.20600    0.314650  15.592   1.222   1.347   0.626 141 116 117  74
  L98-S1094      1584.927  2493.351  13.752   0.004 1.20600    0.314650  14.227   0.718   0.888   0.449 138 116 118  78
  L98-S1102      1658.165  2594.637  15.164   0.012 1.20600    0.314650  15.619   1.526   1.730   0.845 141 118 117  73
  L98-S1105      1581.733  2726.595  13.659   0.003 1.20600    0.314650  14.147   0.764   0.903   0.448 132 113 116  77
  L98-S1107      1566.027  2827.942  14.353   0.006 1.20600    0.314650  14.822   0.616   0.746   0.369 134 115 115  78
  L98-S1108      1814.242  2870.370  15.304   0.013 1.20600    0.314650  15.827   0.764   0.884   0.428 132 113 114  73
  L98-S1109      1685.902  2876.797  15.476   0.015 1.20600    0.314650  15.956   0.833   1.034   0.545 138 115 116  73
  L98-S1111      1358.920  2955.977  13.858   0.004 1.20600    0.314650  14.302   2.073   2.325   1.104 144 125 116  80
  L98-S1112      1265.485  3037.707  12.763   0.002 1.20600    0.314650  13.247   0.789   0.940   0.463 141 122 116  79
  L98-S1114      1354.756  3143.075  15.678   0.019 1.20600    0.314650  16.147   1.005   1.181   0.584 144 120 116  78
  L98-S1115      1508.953  3257.723  15.074   0.011 1.20600    0.314650  15.578   0.642   0.789   0.442 137 119 114  77
  L98-S1118      1148.857  3382.581  13.965   0.004 1.20600    0.314650  14.451   0.573   0.727   0.416 145 129 116  88
  L98-S1119      1489.158  3396.412  15.050   0.010 1.20600    0.314650  15.517   0.686   0.851   0.472 126 110 104  76
  L98-S1123       390.862  3642.869  12.777   0.002 1.20600    0.314650  13.259   0.430   0.515   0.284 143 136 113  80
  L98-S1124       220.761  3641.033  14.736   0.008 1.20600    0.314650  15.217   0.883   1.021   0.496 144 137 114  83
  L98-S1127       329.900  3717.730  16.032   0.025 1.20600    0.314650  16.558   0.811   1.052   0.570 146 132 116  76
  L98-S1135      1171.318  3892.198  15.243   0.012 1.20600    0.314650  15.709   2.062   2.298   1.086 121 113 112  71
c L98-S1136       983.199  3934.479  15.688   0.018 1.20600    0.314650  16.237   0.779   0.967   0.504 138 130 122  79
  L98-S1905      1982.471  2217.864  15.956   0.025 1.20600    0.314650  16.472   0.948   1.146   0.577 134 117 114  75
  L98-S1942      2020.919  2866.801  12.967   0.002 1.20600    0.314650  13.480   0.595   0.697   0.342 124 106 105  67
  L98-S1983      1608.313  3519.575  15.443   0.015 1.20600    0.314650  15.922   0.728   0.878   0.482 120  99 102  70
